 0.0004074236980546693 0.00009499364417213297
 0.0012270609780118613 0.0011843156560236376
 0.0020563417263937535 0.0045464202208368686
 0.0028953830703472043 0.01141935329256862
 0.003744277478672366 0.022794666034640188
 0.004603168791725029 0.03926921826089201
 0.005472159752616473 0.06100222927614066
 0.006351363378769106 0.08775959591253157
 0.0072409029619164645 0.11900341037285958
 0.008140901793792083 0.1539933318644754
 0.009051493440440624 0.1918813518840605
 0.00997277037066224 0.23179106294360963
 0.010904845601879338 0.2728780497284055
 0.011847924620314478 0.3143716532505832
 0.01280209989476781 0.35560074691276067
 0.013767474168350616 0.39600669651024906
 0.014744150184174173 0.4351463616630744
 0.01573243617157232 0.4726874310681639
 0.016732229387433784 0.5083977602186307
 0.017743735317981114 0.5421313931537545
 0.018767159449436875 0.5738140404326475
 0.019802604524912344 0.6034286317438833
 0.020850276030630083 0.6310018227892518
 0.021910173966590094 0.6565930024723403
 0.022982503819014927 0.6802856031397513
 0.024067471074127145 0.7021791038705639
 0.025165178475038033 0.7223804473403584
 0.026275728764858865 0.7409978023869983
 0.027399327429812204 0.7581372053922026
 0.028536179956120608 0.7739026669043554
 0.029686286343784073 0.7883970246209615
 0.03084995482213644 0.8017208771605754
 0.032027185391177715 0.8139685857075329
 0.03321838902335301 0.8252252885733505
 0.034423462975551045 0.8355670611309364
 0.035642612733994376 0.8450642744330152
 0.03687614652801685 0.8537845273393261
 0.038124167100729744 0.8617913670429356
 0.03938677719524433 0.8691424231711133
 0.040664285040894456 0.8758918601098961
 0.04195669063768013 0.8820906968725094
 0.04326419947182389 0.8877855809370855
 0.04458711977265959 0.8930170289703447
 0.0459255542832985 0.8978194801389995
 0.0472796057468519 0.9022214027325612
 0.04864958239265364 0.9062460405229907
 0.05003558696381499 0.909911359453294
 0.05143782494655851 0.9132307939971734
 0.05285650182710676 0.9162174587599095
 0.05429182309168231 0.9187293916693732
 0.055743891483396424 0.9212706334595987
 0.05721301523158294 0.9233877359185491
 0.05869929707935315 0.9252655767982344
 0.06020304525604088 0.9269270800021939
 0.06172436250475742 0.9283932502234381
 0.06326345431172532 0.9296835461242735
 0.06482052616316716 0.9308143343055989
 0.06639588628841674 0.9317954773770766
 0.06798974017369666 0.9326307604483606
 0.06960219056211817 0.9333230090238408
 0.07123344293990384 0.9338810727965113
 0.07288380553638753 0.9343227577751677
 0.07455348383779176 0.9346716276001922
 0.07624268333033911 0.9349493800128416
 0.07795160950025214 0.935172221679804
 0.07968057057686467 0.9353542268116245
 0.08142966930328802 0.935504405035508
 0.083199213908856 0.9356237692681225
 0.08498951262290243 0.9357089075796391
 0.08680066818853864 0.9357569944656678
 0.08863298883509842 0.935768776285859
 0.09048668004880435 0.9357488378209201
 0.09236205005899029 0.9356998446410306
 0.09425930435187875 0.9356177450795181
 0.09617875115680362 0.9354944358030387
 0.09812049321687615 0.935319947579123
 0.10008494150454145 0.9350822853419654
 0.10207240424913337 0.9347676414380389
 0.10408288145065192 0.9343648737839956
 0.10611719505398734 0.9338726495947458
 0.10817513957291706 0.9333038702299559
 0.11025671500744107 0.9326791672028109
 0.11236294878867219 0.9320183190440391
 0.1144928134854976 0.9313389718282251
 0.1166483639601429 0.9306533871781923
 0.1188285727814953 0.929963697550084
 0.1210344673806676 0.9292613731193272
 0.12326604775765977 0.9285311668244983
 0.12552434134358464 0.9277530868892552
 0.1278083207073294 0.9269074080942731
 0.13011798584889406 0.9259832016018185
 0.13245539163050418 0.9249773220390799
 0.1348205380521598 0.9238912621253577
 0.1372123976827481 0.9227374434176858
 0.1396319979533819 0.9215355378239855
 0.14208036629517395 0.9202931155635645
 0.14455647527701151 0.9190112961758983
 0.14706237976112013 0.917700955187317
 0.14959705231638704 0.9163732879925724
 0.15216049294281223 0.9150117639777385
 0.15475372907150847 0.9136344146336741
 0.1573777881335886 0.9121895689738617
 0.16003164269793982 0.9106975960332849
 0.16271734762678766 0.9091854180707516
 0.16543387548901942 0.9076801705906836
 0.16818122628463503 0.9061989132422265
 0.1709604274447473 0.9047468172315272
 0.173772506400469 0.9033218567252498
 0.1766174631518002 0.9019295761093669
 0.1794942702676281 0.900574933344411
 0.182406010041291 0.8992310594829783
 0.18534960017945054 0.897846935511843
 0.18832915040655795 0.896383644106392
 0.19134157842927485 0.894817674937647
 0.1943899665409396 0.8931348471722556
 0.1974732873104394 0.8913411316874187
 0.20059256816888704 0.8894652100182622
 0.2037478091162825 0.8875313388534147
 0.20693901015262584 0.8855370125569081
 0.2101682261401426 0.8834562684751991
 0.21343340221660723 0.8812595720907045
 0.21673762067535807 0.8789373273507802
 0.22007882665416958 0.8764976375887702
 0.2234601024463801 0.8739522846248656
 0.22687939318976408 0.8713250453450628
 0.23033772631543428 0.8686561165476608
 0.2338371566856163 0.8659804172020041
 0.23737665686919737 0.8633132476809203
 0.24095622686617746 0.8606611652870496
 0.2445779215387822 0.8580170796037155
 0.24824071345589874 0.8553603591177333
 0.2519466574797527 0.8526689329080207
 0.2556947261792313 0.8499167316982276
 0.25948594698544725 0.847076833229546
 0.26332031989840066 0.8441418272168786
 0.2671998997803171 0.841119870304973
 0.27112263176897095 0.8380068575157535
 0.2750915981577006 0.8347979908228981
 0.27910679894650603 0.8315092103360769
 0.28316720670427453 0.828143554805294
 0.2872738488621188 0.8246991583314242
 0.29142878028226443 0.8212039560899431
 0.29563097353359874 0.8177007038265215
 0.29988145604723443 0.8142042221113545
 0.30418022782317145 0.8106988373917896
 0.3085293437236355 0.8071695158520176
 0.31292777631751373 0.8036100200578196
 0.31737655303591894 0.8000180043074381
 0.3218756738788512 0.796403491144746
 0.32642719370853596 0.7927805908437089
 0.3310311125249733 0.7891159822096351
 0.33568640289705043 0.7853757074458988
 0.34039614711810584 0.7815212396556952
 0.3451593177570265 0.7775526854618315
 0.34997694224492537 0.7734756958730871
 0.3548500480129152 0.7693342527974147
 0.359778635060996 0.765185665993663
 0.3647627033891678 0.7610167142337438
 0.36980430785965607 0.7567770182412745
 0.3749044759035738 0.7524498382355314
 0.3800611526586952 0.7480286702252774
 0.3852774204183588 0.7434833932674902
 0.39055327918256455 0.7388081431077762
 0.3958887289513124 0.7340221651628276
 0.4012847971557152 0.7291162898712286
 0.4067425112268858 0.724076336399627
 0.41226289859593684 0.7188715973795611
 0.41784493183175575 0.7134451895434115
 0.4234906657965679 0.707783571794669
 0.4292011279214862 0.7019471992649929
 0.4349763182065106 0.6959780280290001
 0.44081623665164116 0.6898555865077162
 0.4467239655502163 0.6835842995476383
 0.4526974500400102 0.677197273530389
 0.45873874498324874 0.6707058637849312
 0.46484785037993176 0.664119293184084
 0.4710268210922849 0.6574419865743444
 0.47727565712030817 0.6506648810171038
 0.4835953858951143 0.6438123398237983
 0.489987034847816 0.6369020623804161
 0.4964495765473008 0.6299233330948378
 0.5029860932869068 0.6228885202126938
 0.5095955576355213 0.6158144701375153
 0.5162800244553699 0.6086567744701205
 0.5230394937464526 0.6013912831446879
 0.5298749929398822 0.5940409200647567
 0.5367875494667714 0.58649879586615
 0.5437781907582331 0.578623368772364
 0.5508469168142672 0.5703770009324716
 0.5579957824970995 0.5617769652412326
 0.5652247878067297 0.5529051480145453
 0.5725339327431581 0.5438667326516717
 0.579926299599723 0.534629305819236
 0.5874008609453114 0.5251422803263812
 0.594959671642149 0.5154929269407671
 0.602602731690236 0.5057418927151057
 0.610331068520685 0.4958981499586195
 0.6181457095646088 0.48596399106166244
 0.6260476822531202 0.47588953254390515
 0.6340380140173322 0.46561514218621
 0.6421177322883572 0.45522581393972483
 0.6502878644973084 0.44466757042790445
 0.6585484106441856 0.43405204914407813
 0.6669003981601014 0.42335660873514575
 0.6753458819072817 0.41248397188299574
 0.6838858893168394 0.40135018912041137
 0.6925193929576614 0.3900178267106337
 0.7012494751230861 0.37863307518455835
 0.7100771632442264 0.36720013014964714
 0.7190014298899695 0.35561378155093587
 0.7280253573536538 0.343823847364235
 0.7371489456352793 0.3319092337979827
 0.7463732221659589 0.31993737977770714
 0.7556992143768051 0.3078452658932368
 0.7651279496989308 0.295646507877046
 0.7746614829945618 0.2834669632907053
 0.784299814263698 0.2713572939610362
 0.794043970937452 0.2593849281512862
 0.8038960078780497 0.2475946794273043
 0.8138559250854908 0.23591158129337683
 0.8239247499908884 0.22421846594671682
 0.8341045374564678 0.21255836635229355
 0.8443963149133419 0.20104114665060382
 0.8548000823615108 0.18976195170361596
 0.8653178946632001 0.17875679869558833
 0.8759507792495224 0.1678493974771641
 0.8866997635515905 0.15695023287059293
 0.8975669024316304 0.14621457433880017
 0.9085511684585288 0.13572835986435602
 0.9196556439256243 0.12551439073457146
 0.9308813562640297 0.11568921100881169
 0.942228305473745 0.10634158417403664
 0.9536995738481086 0.09740176825208353
 0.9652941339560077 0.08884054326265048
 0.9770150680907806 0.08077645777387724
 0.9888634036835403 0.07327336818497139
 1.0008391407342865 0.06626004512961033
 1.0129443341052449 0.059724408243742914
 1.0251800112275287 0.05376949247706732
 1.0375513092567012 0.04838136489425803
 1.0500448715882964 0.043435365840982926
 1.062682274275683 0.03885080850792439
 1.0754532430077333 0.03460935697093528
 1.0883680520955747 0.03071589028967118
 1.1014061529169517 0.02717036954680749
 1.1145983684052478 0.023943049644717013
 1.1279241499382078 0.020975048138146157
 1.141393771826959 0.018271002586092298
 1.1550072340715014 0.015881634524149077
 1.1687645366718353 0.013779462989999321
 1.1826656796279607 0.011886432092092059
 1.1967209372510053 0.010173064889160097
 1.2109303095409696 0.008637984347648977
 1.225273247875597 0.007280685075452764
 1.2397805751882716 0.006107952014905026
 1.2544420171678656 0.005112675930404221
 1.2692575738143792 0.004275827316442636
 1.2842169708166842 0.0035742721159281636
 1.2993510311081642 0.002994510282132359
 1.3146289317554358 0.002516459729195235
 1.3300814956918825 0.0020966880831117768
 1.345688174295249 0.0017155277541848293
 1.361459241876662 0.001394116980490693
 1.3773946984361227 0.0011468959553599372
 1.393494543973631 0.0009646023555346546
 1.4097690528003142 0.0008333106026630293
 1.4262079506050447 0.000739538349402605
 1.4428215116989507 0.0006747403641850229
 1.459609736082032 0.000628602276514137
 1.4765623494431603 0.0005875173102315368
 1.493699900404592 0.0005450191119514469
 1.511001840344071 0.0005004984122980586
 1.5284989921949812 0.0004561897694146885
 1.5461605330239387 0.00041812235652205823
 1.5640172857643273 0.0003868096370726037
 1.5820487017938913 0.00034415956526599636
 1.6002650554237583 0.0002623912008482588
 1.6186766209650565 0.00012682602185911933
 1.6372628497955302 -0.00005686890019609329
 1.6560442905374348 -0.0002701521523651384
 1.6750209431907708 -0.0004935105667624681
 1.69418253344441 -0.000709172813660548
 1.7135496099206082 -0.0009026128150576422
 1.7331016239971098 -0.0010664481410645665
 1.7528591242961704 -0.001197363302181306
 1.772811836506662 -0.0013016751133065958
 1.792959760628585 -0.0014002534429111183
 1.813323445284195 -0.0015164505516618322
 1.8338823418512364 -0.0016523709605264431
 1.8546467246408367 -0.001791825115777323
 1.875616593652996 -0.0019167344274124071
 1.8968022231988428 -0.002016126662215378
 1.9181933389672485 -0.0020886553340660275
 1.9398002152693412 -0.0021398847140901623
 1.9616228521051213 -0.0021830315522176048
 1.9836612494745882 -0.0022335057762100353
 2.005915407377742 -0.0023003780015180895
 2.0283853258145834 -0.0023809335581600945
 2.0510710047851117 -0.0022107457911493744
 2.0739929929115832 -0.0020387852348989605
 2.0971307415717413 -0.002527068165393525
 2.1204945250767144 -0.0025728263026911
 2.144084343426503 -0.0026408591705664843
 2.1679001966211064 -0.0026914291951511474
 2.1919523589716534 -0.002671239282654721
 2.2162408304781427 -0.002650851007070974
 2.240755336829447 -0.0025695137986296857
 2.2655061523366946 -0.0025167426528140313
 2.290503551311013 -0.0025266383155464634
 2.315726985130147 -0.002589412599884167
 2.341207276727479 -0.0026598867568636683
 2.3669136031696265 -0.002709263245744993
 2.392876787389973 -0.0027592627849999515
 2.4190762807662627 -0.0028068915128263245
 2.445522357609623 -0.0028321212945045474
 2.4722252922311823 -0.002866063385689948
 2.4991748103198126 -0.002902824743830845
 2.526381186186642 -0.0029043387876925035
 2.553834145520542 -0.0029176436080610396
 2.581554236943769 -0.0029952684236026635
 2.609520911834067 -0.0030868685570356437
 2.6377547188136914 -0.003072558496686714
 2.6662453835715154 -0.003058118250199239
 2.694992906107538 -0.002857941073486185
 2.7240075607328875 -0.0024823360060578386
 2.7532996217586923 -0.0019093705765473703
 2.7828485405626955 -0.0012761685921323916
 2.8126645914560253 -0.000740737269557705
 2.8427477744386827 -0.0002912899959370533
 2.8731083638217942 0.00012476085536953623
 2.903746359605361 0.0004985641946090878
 2.9346514874782548 0.000781955407726447
 2.965844296062731 0.0009940424586219747
 2.997304236736534 0.0012275649586687594
 3.0290518581219206 0.001494091429132156
 3.0610768859077613 0.001712900674839237
 3.0933793200940567 0.0018015240061191433
 3.1259797093030635 0.0017803131579111665
 3.1588575049125245 0.00177839312465498
 3.1920229812335688 0.0017910101628982687
 3.2254761382661954 0.001803736642613308
 3.259216976010405 0.0018165893822794897
 3.293255768777325 0.0018864198040607686
 3.3275822422558283 0.0019357098751568906
 3.362206670757042 0.001945674510669542
 3.397129054280967 0.0019557248952711747
 3.432339118516474 0.002009860866329869
 3.4678574120858205 0.002030251945085003
 3.5036736606778773 0.00201862803327133
 3.5397878642926446 0.0019498463946507666
 3.5762102972412513 0.0018804777150177943
 3.612930685212568 0.0017201891966910163
 3.649949028206596 0.0015446395427299476
 3.68728587484559 0.0013685747939874938
 3.724930950818423 0.001212958327136215
 3.762873981813967 0.0010881956218609745
 3.801135516454478 0.0009609810718237079
 3.839705280428827 0.0007975665327252371
 3.8785832737370147 0.0006042135888501883
 3.9177797706901694 0.00039308009237478585
 3.9572844969771626 0.0001761741437425991
 3.997107726909123 -0.00007037714621840808
 4.037239186174921 -0.00034497992114427813
 4.0776994233968145 -0.0005589894718822697
 4.118467889952547 -0.0006099018725776176
 4.159565134464374 -0.0005761547333481923
 4.200980882621167 -0.0005421460537897389
 4.2427048601117985 -0.000395062199697592
 4.284757615558525 -0.00029150129568514076
 4.327139148961346 -0.00019063481398328325
 4.369839186009133 -0.00008152696505118913
 4.412857726701888 -0.0000025500532171126287
 4.456205045350737 0.00003024108506842696
 4.49988114195568 0.000033892139466474577
 4.543875742205591 0.000028539500751914146
 4.588199120411597 0.00002264765664058542
 4.632851276573695 0.000017855946653523868
 4.677821936380762 0.000014108938659515566
 4.72313164845505 0.000011173245995970043
 4.768759864174306 0.000008861118161103025
 4.814727132160784 0.000007033175155826011
 4.861012903792229 0.0000055844239025873665
 4.907627453379768 0.000004434376390293422
 4.95458105523453 0.000003520559490725295
 5.0018531607342585 0.0000027940711331821157
 5.049464318501209 0.0000022164026249592647
 5.097404254224255 0.0000017571010529242179
 5.145672967903395 0.0000013920110734264944
 5.19427045953863 0.0000011019321579756975
 5.24319672912996 8.715801404111909E-7
 5.2924517766773835 6.887772567475131E-7
 5.342045876492031 5.438154470814283E-7
 5.3919584799516445 4.2895421548161026E-7
 5.44221013567848 3.3802179671618336E-7
 5.492780295050283 2.660986411185304E-7
 5.543689506689308 2.0926486247511525E-7
 5.594917221973299 1.6439879022477729E-7
 5.646483989524514 1.2901604898702606E-7
 5.698369260720694 1.0114091814520422E-7
 5.750593584184099 8.160867185503845E-8
 5.803136411292469 6.195730307126793E-8
 5.856008016356933 4.8413827274125683E-8
 5.909198125066364 3.7789666877349324E-8
 5.962727286043019 2.946470470072984E-8
 6.0165646763535126 2.2948569659405863E-8
 6.0707411189312275 1.7853902161196594E-8
 6.125225790842781 1.3875049270389345E-8
 6.18003924071043 1.077109675420822E-8
 6.235181468534174 8.352371701655862E-9
 6.2906319256917556 6.46971093797289E-9
 6.346400886494304 5.0059452742757205E-9
 6.40248835094182 3.869141274236196E-9
 6.458894319034301 2.9872509749297417E-9
 6.515618790771749 2.303875442838521E-9
 6.572651491843037 1.7749173508206716E-9
 6.63000269655929 1.3659380652778538E-9
 6.687651856298255 1.0500733302094994E-9
 6.7456195196821875 8.063918624080031E-10
 6.8038954123999575 6.186041492640249E-10
 6.862479534451566 4.74047810140145E-10
 6.921361611525885 3.628913852272617E-10
 6.980551917934043 2.775102669231501E-10
 7.0400401793649126 2.1199819677918166E-10
 7.099826395818492 1.6178524664455405E-10
 7.159910567294783 1.2333956268782527E-10
 7.220292693793784 9.393464512686776E-11
 7.280972775315496 7.1468132105821E-11
 7.3419405375487905 5.432074838350073E-11
 7.40318570618254 4.1246708816148207E-11
 7.464728829839 3.128864668516821E-11
 7.526559634207043 2.3711662159760783E-11
 7.588667844975541 1.795224997229204E-11
 7.6510534621444934 1.3578803664952294E-11
 7.713716485713902 1.0261103341031332E-11
 7.776667189994892 7.746773349097695E-12
 7.83987475205408 5.843140412360572E-12
 7.903359720513725 4.403267533651255E-12
 7.967111821062696 3.3152156926457347E-12
 8.031120779389866 2.493798277695859E-12
 8.095396869806363 1.87425488812357E-12
 8.159929818001059 1.4074043147188547E-12
 8.22472989828508 1.0559352389014903E-12
 8.289766287725046 7.915698528049973E-13
 8.35505953494321 5.928984566860474E-13
 8.420599365628446 4.4372734385867403E-13
 8.486385779780752 3.318200918000574E-13
 8.552408503089001 2.4793954023477955E-13
 8.618667535553195 1.8511928547376976E-13
 8.68516287717333 1.3811047864164048E-13
 8.751884253638279 8.286539048717609E-14
 8.818831664948046 7.670254958425961E-14
 8.886005111102625 5.709938671832903E-14
 8.953404592102022 4.247653519124541E-14
 9.021009559323977 3.157692863313855E-14
 9.088840561390747 2.345855027784589E-14
 9.156866775368947 1.7416082259299708E-14
 9.225108749880835 1.2921877626141793E-14
 9.293545936304154 9.581521555041638E-15
 9.362178334638903 7.10044241863459E-15
 9.431005944885085 5.25879859588325E-15
 9.50001849273157 3.892664717820049E-15
 9.569226252489488 2.879885326673205E-15
 9.638608675536577 2.1295148997342936E-15
 9.708176036183971 1.5738806343477052E-15
 9.777907785809413 1.1626804490431678E-15
 9.84781419872403 8.585311081570295E-16
 9.917885000616694 6.336744833849043E-16
 9.988109917176278 4.675245255064869E-16
 10.058499222713909 3.4480885018133184E-16
 10.129032368607332 2.5421617432863654E-16
 10.199719629167673 1.8736440460613558E-16
 10.270550730083807 1.3805249182796704E-16
 10.341505122733475 1.0169253656918195E-16
 10.412603355738936 7.488887964106295E-17
 10.483804331855673 5.5139424952569775E-17
 10.555210794194972 4.0590833011988226E-17
 10.626719999645552 2.9879292559174844E-17
 10.69822920509613 2.1985389865364325E-17
 10.769943896769268 1.617688587190937E-17
 10.841761331553682 1.19019307833407E-17
 10.91368150944938 8.758041095396041E-18
 10.985704430456355 6.440492023899021E-18
 11.057727351463331 4.735333977447253E-18
 11.129955758692867 3.482233282955128E-18
 11.202184165922402 2.5599072436388653E-18
 11.274618059374497 1.8800337909601874E-18
 11.346949209715312 1.3803998497268728E-18
 11.419485846278684 1.0125185384491285E-18
 11.492022482842058 7.403838682633764E-19
 11.564661862516713 5.433197043395422E-19
 11.637301242191366 3.8994843658773454E-19
 11.70994062186602 2.8476280357751287E-19
 11.782682744651954 2.0363183563211248E-19
 11.855527610549165 1.424041897482165E-19
 11.928372476446377 9.889517526941654E-20
 12.00111459923231 6.392376882826389E-20
 12.074062208240804 4.0874903359075786E-20
 12.146907074138017 2.0236383989139444E-20
