 0. 0.
 0.0006854022858037695 0.12227719385388434
 0.0020642648013986828 0.366408974652256
 0.0034593503676725946 0.6113065708723412
 0.004870856025726868 0.8544682168280751
 0.006298937334325742 1.0919728644586189
 0.007743836273769133 1.31946265894058
 0.009205725687128416 1.5330088572369982
 0.0106847957017821 1.7296058143683484
 0.012181253729415831 1.9073245904380456
 0.013695307181715258 2.065254297225033
 0.01522718075467316 2.203341920234608
 0.01677703000705378 2.322198886282297
 0.01834504506623562 2.422911088740409
 0.019931571618361427 2.5068690653275345
 0.02153676522219543 2.575627557539432
 0.023160798720809016 2.6307966425628146
 0.024803844957273547 2.6739597010288514
 0.02646642246080314 2.7066160442108376
 0.028148358388326425 2.730145665491391
 0.02984999842598614 2.745795264542117
 0.03157168825992504 2.7546782249429946
 0.033313600733214495 2.7577798260303106
 0.03507608153199724 2.755965910996608
 0.03685913065627329 2.749992132547726
 0.038663093792185375 2.740514275060158
 0.04048831662587625 2.728097651095294
 0.042334972000417276 2.7132274862258057
 0.044203232758879836 2.6963221301081264
 0.046093444587406676 2.6777435263577978
 0.04800595317214053 2.65780104004804
 0.0499407585130814 2.6367571543909127
 0.05189837913944341 2.614837994981034
 0.053878815051226554 2.592242137694355
 0.05588275762071633 2.5691424164388765
 0.05791003400484135 2.5456850128413886
 0.059960989889744375 2.521992521260242
 0.0620361438046395 2.4981696799132296
 0.06413566859259812 2.474306611679806
 0.0662597370966916 2.4504816485696135
 0.06840886784613405 2.4267667080326225
 0.07058306084092549 2.40323071134754
 0.07278266176720863 2.379939772369816
 0.07500818915419762 2.3569515386464372
 0.07725981584496382 2.3343121879390956
 0.07953771468257859 2.3120582351719454
 0.08184240419625605 2.2902155041960985
 0.0841740572290676 2.268794976555749
 0.08653301946715594 2.247798076427892
 0.08891963659666385 2.227226547319305
 0.09133425430373408 2.2070850210829187
 0.09377704543143797 2.187383208821068
 0.09624852850898966 2.1681359089707417
 0.0987488763794605 2.1493526010304933
 0.10127860757206462 2.1310375028615964
 0.10383789492987341 2.113197500237245
 0.1064270841390296 2.0958359249132044
 0.10904652088567593 2.078942404084946
 0.1116967236990265 2.0624907417829896
 0.1143780382652241 2.0464481411625974
 0.11709063742734005 2.030789846138745
 0.11983486687151712 2.0155083705996373
 0.12261124512696944 2.0006141549554477
 0.12542011787983975 1.9861216517986917
 0.12826183081627077 1.9720315782419535
 0.13113672962240527 1.9583298644113376
 0.13404533282745734 1.944997952084381
 0.13698781327449838 1.9320179066250305
 0.13996468949274252 1.91937635384147
 0.1429764800114038 1.9070628483514218
 0.1460233576735537 1.8950530376806416
 0.14910584100840626 1.883317094126106
 0.15222427570210426 1.87182838905707
 0.15537918028386177 1.860565548464095
 0.15857090043982158 1.8495186981027274
 0.16179995469919783 1.838686905679208
 0.16506651590506183 1.828058940007267
 0.16837127542969907 1.8176150012977093
 0.1717147518023237 1.8073519093842576
 0.1750969450229357 1.7972894182664478
 0.17851923783610613 1.7874463372819578
 0.18198128455569212 1.7778259679226251
 0.18548308518169374 1.7684249874454847
 0.18902636814482468 1.7592318346028637
 0.19260940501437127 1.7502260636671996
 0.19623565265176088 1.7413869871513528
 0.19990338262627988 1.7327011563780745
 0.2036143233686419 1.724157047339001
 0.20736847487884696 1.7157471062289449
 0.21116756558760885 1.70746835739527
 0.2150098670642138 1.6993140563636526
 0.21889537930866176 1.6912681298003152
 0.22282755918238029 1.6833165477281573
 0.22680640668536928 1.6754452926297756
 0.23083019338691507 1.6676371316244119
 0.23490064771773136 1.6598809864673645
 0.23901949810853187 1.6521585417452336
 0.24318501612860288 1.6444339057665438
 0.24740065863937188 1.636662770290538
 0.2516646972101251 1.6288232501012232
 0.2559771318408625 1.6209218042922826
 0.26033969096229786 1.6129937731506923
 0.26475410300514496 1.6050938844271727
 0.26921863953868996 1.5972393189154563
 0.2737367574243603 1.589415962516751
 0.2783067282314424 1.5816268904376694
 0.28292855195993616 1.5738735727448399
 0.2876039570405553 1.5661311992264313
 0.2923346719040135 1.5583881120264813
 0.2971206965503109 1.550669938440644
 0.30196030254873374 1.5429828755515211
 0.30685867519142307 1.5352818512862996
 0.31181062918623775 1.5275159622497714
 0.31682307825603273 1.5196493626466678
 0.3218908371086669 1.5116731027363564
 0.3270190910362813 1.5036146853860792
 0.33220611160816227 1.4954895993172705
 0.33745362725502354 1.4872847604528945
 0.34276163797686504 1.4790222259792973
 0.3481301437736869 1.470743650554052
 0.3535626015069165 1.462471361190904
 0.3590555543151263 1.4542046578966366
 0.3646141874904576 1.4459425435637405
 0.3702350441714829 1.4376903734326998
 0.3759233096503434 1.4294295887930786
 0.3816755270656116 1.421120706701828
 0.3874934248480012 1.4127312062338038
 0.39338045985893977 1.4042474724660072
 0.3993349036677135 1.3956682560643474
 0.4053567562743224 1.3869650911601612
 0.4114494745401939 1.3781044882823257
 0.41761133003461437 1.369065779635677
 0.4238457796190111 1.359832879399475
 0.4301510948626705 1.3503922418522905
 0.4365290041963062 1.340728735916316
 0.4429795076199182 1.3308440206759569
 0.44950606199493415 1.3207241382810733
 0.4561052104599263 1.310322601157282
 0.46278213830703596 1.2996266016474083
 0.4695368455362632 1.2886658072670616
 0.4763676037168942 1.2774696834243837
 0.4832761412796427 1.2660667583141136
 0.49026591508593614 1.2544626582154828
 0.4973351967050608 1.242625458926597
 0.5044857145677305 1.2305279225973944
 0.5117174686739451 1.218192593395629
 0.519033915885132 1.2056875400054774
 0.5264333277705777 1.1930735415406142
 0.5339174327609958 1.180378529287444
 0.5414862308563863 1.1676006727965615
 0.5491431789181765 1.1547392942562904
 0.5568882769463667 1.1417762081905098
 0.564719796510243 1.128702989968711
 0.5726429229019466 1.1155241459799738
 0.5806559276907637 1.1021425075169888
 0.588760539307408 1.0884309654970945
 0.5969584861825935 1.074384600655544
 0.6052497683163199 1.0600605112536388
 0.6136343857085874 1.0454879860857307
 0.6221157952208233 1.0306368828524068
 0.6306957252837414 1.0154525614530814
 0.6393707190359141 0.9999198417109704
 0.6481459617694829 0.984127639289748
 0.6570214534844475 0.9681021530003437
 0.665997194180808 0.9518084270003201
 0.6750749122892781 0.9352397073224362
 0.6842563362405716 0.9184134597754537
 0.6935431944654021 0.9013613976929891
 0.7029337585330561 0.8842116575515426
 0.7124314853049608 0.8670707462404939
 0.7220381032118299 0.8498382582514238
 0.7317536122536636 0.8324488730418014
 0.7415780124304618 0.8149348490253423
 0.7515164890343659 0.7972785716019591
 0.7615655852039479 0.7794296512375656
 0.7717287578006357 0.7613072878062225
 0.7820060068244291 0.7429182119200987
 0.7924007891367558 0.7243849522739743
 0.8029131047376156 0.7057793518195241
 0.8135446820577222 0.6870815696975294
 0.8242972495277893 0.6682842942020646
 0.8351690787171033 0.6493792852195274
 0.8461653549178053 0.6303488344880623
 0.8572843496991815 0.6112404253635993
 0.8685295199226597 0.5921309534631599
 0.8799008655882394 0.573049095660919
 0.8914001151266348 0.5540360991190917
 0.9030289969685592 0.5350547415969275
 0.9147892395447265 0.5160515717587226
 0.9266808428551367 0.49703518862823903
 0.9387072637612173 0.47802186272692143
 0.9508685022629682 0.4591063565624076
 0.9631645583603894 0.44038706964120505
 0.9756006173456223 0.4218843691021971
 0.9881749507879528 0.4035256734072008
 1.0008910155488087 0.3852944196269684
 1.0137488116281896 0.3673394535745971
 1.0267500674568097 0.34989165347490253
 1.0398965114653824 0.3331888614129378
 1.0531898720846216 0.31728916394490136
 1.0666318777452408 0.3023328881731389
 1.0802242568779539 0.288547097983428
 1.0939687379134746 0.27598528492968283
 1.1078653208518028 0.26448125578089143
 1.1219157341236523 0.2538303859042158
 1.1361234345904505 0.24398858298305218
 1.1504901506829113 0.23488560174536036
 1.165014153970321 0.22651405964264573
 1.17970062974482 0.21896427208075406
 1.1945513064371232 0.21221453387076583
 1.2095644556165162 0.20621856154030235
 1.22474526257514 0.20103386746353405
 1.240093727312995 0.19665947716403462
 1.255611578260795 0.19284177417589035
 1.2713005438492533 0.1892512663507898
 1.2871623525090838 0.18566609939207473
 1.3032004611017143 0.18205071197898273
 1.3194148696271444 0.1785258978477774
 1.3358073065160878 0.17519786107362026
 1.352381228629972 0.1721818045919103
 1.369136635968797 0.1696296896009515
 1.3860752569632768 0.16761828817354874
 1.4032005484748384 0.1661588120090262
 1.4205142389341958 0.16528105709818292
 1.4380163283413492 0.1649523020948312
 1.4557102735577256 0.1651216089449581
 1.4735978030140386 0.1658088348656299
 1.4916806451410025 0.16700918009824067
 1.5099622568000448 0.168548142077117
 1.5284409095604512 0.1701963071283729
 1.547121788714363 0.17186219521038826
 1.566006622692494 0.17357713134952435
 1.5850954114948446 0.1753673845949708
 1.604393340413555 0.1770205237309707
 1.6238986810179128 0.17811840537136936
 1.643616618600058 0.17841496408112723
 1.663548881590705 0.17796216013111998
 1.6836954699898536 0.17691906903032714
 1.704059840658931 0.17531029616405178
 1.7246437220286512 0.17315129318455835
 1.745455756252583 0.17063992985556323
 1.7664734737314474 0.167959915795147
 1.7877331715102331 0.16518761303820595
 1.8092175652818028 0.16259803494260613
 1.8309439393532936 0.1606782063140478
 1.8528777251104311 0.15979458994606988
 1.8750707754746267 0.15993897000128696
 1.8974885218316067 0.16071155809359755
 1.9201482484885075 0.16132721319552557
 1.9430499554453295 0.16147928108501802
 1.9661936427020728 0.16173702170331142
 1.9895793102587371 0.16221499261261543
 2.0132242424224596 0.16234290591732792
 2.037128439193241 0.1618009294767645
 2.0612573319568055 0.16082997404583166
 2.0856627736345663 0.16020445640086642
 2.110327479919385 0.16048340124156443
 2.1352514508112623 0.16145025630100532
 2.160417402003061 0.16266911552622848
 2.185877186416192 0.16385267428054323
 2.2115789511292445 0.16490837184789456
 2.237574549063629 0.16589930269136688
 2.263829411605073 0.16700231300981697
 2.2903608230607118 0.16812468061785696
 2.3171687834305463 0.16906047197297985
 2.344253292714577 0.1697998954623895
 2.37163163521994 0.17016846934172294
 2.3992865266394987 0.1696659628143208
 2.4272352512803903 0.16788343063909525
 2.4554778091426144 0.16488831367733664
 2.4839969159190347 0.16078339123181074
 2.5128271402239246 0.15571379000586347
 2.54193391344301 0.1505544130483405
 2.5713690884977027 0.14730939793906916
 2.601080812466591 0.14745847935919087
 2.6311209382710867 0.15038961613045446
 2.661454897296915 0.15458265748279348
 2.6920999738512137 0.15929925029916722
 2.723073452241119 0.16407812323401244
 2.754340763852358 0.16780642764564896
 2.7859364772992032 0.1696839608070656
 2.8178605925816567 0.17116080548142823
 2.8500958253925797 0.1733028808968771
 2.8826767443462473 0.17532805468048898
 2.9155687808283846 0.17645479645790232
 2.948806503453267 0.1769645056796473
 2.9823726279137563 0.1777495878874743
 3.016267154209853 0.17918557554814293
 3.0505246509558313 0.18041889782201653
 3.0851105495374167 0.18021259840307316
 3.120042134261747 0.17906188592391598
 3.155319405128821 0.1790524462613758
 3.1909596464457777 0.18120506161542074
 3.2269455739054784 0.1835781542422026
 3.2632944718150605 0.18518635545997206
 3.3000063401745248 0.18626468165228213
 3.3370811789838704 0.18595257223556058
 3.374518988243098 0.18373354699060962
 3.4123197679522073 0.18066820921556373
 3.4504835181111986 0.17866345922436208
 3.489044807334346 0.17949738487792236
 3.527969067007374 0.1815457661995841
 3.567273581437422 0.18284211032635114
 3.606958350624489 0.18496792763186232
 3.6470233745685743 0.18746420734924624
 3.6874859375768163 0.18770718852872048
 3.7283460396492143 0.18878698348912606
 3.769586396478631 0.19039362350193495
 3.811224292372204 0.19033627386563276
 3.8532770116370703 0.18931303501447813
 3.895709985658956 0.18863545925389721
 3.9385750673592717 0.1887622748939302
 3.9818204038166063 0.18821071034395107
 4.025497847952372 0.18770130479929636
 4.069572831152294 0.18848298436166847
 4.114062637723509 0.18948894182921328
 4.1589845519731545 0.1901138760191093
 4.204321289594093 0.1897057283092883
 4.250090134893463 0.18764676809033892
 4.296273803564126 0.1835291308076989
 4.342906864220357 0.17946961364161482
 4.389954748247881 0.17686293332305647
 4.437452024260972 0.17555677543848322
 4.485381407952496 0.17474088468901613
 4.533742899322449 0.17391858209776012
 4.582553782677969 0.1712392070857463
 4.631831342326197 0.1683226983926746
 4.681541009652853 0.16602543535263278
 4.731700068965076 0.16325050026034
 4.78230852026287 0.16055761150863493
 4.833383647853367 0.15892051792139156
 4.884925451736569 0.15571543119035836
 4.93691664760534 0.15061527750013465
 4.989391804073952 0.14705069525927358
 5.0423163525281325 0.14686710386014198
 5.0957248615821555 0.14776763752068564
 5.149600046928883 0.14685760090097963
 5.203941908568316 0.14653250667633272
 5.258785015114729 0.14612343780743206
 5.314094797953846 0.14422209137311096
 5.369888541392806 0.14343111330744132
 5.426166245431607 0.14411629666587203
 5.482927910070251 0.14426429457872175
 5.540190819615876 0.143271879045942
 5.59793768976134 0.13933644493150898
 5.656185804813786 0.13202476937229368
 5.714935164773212 0.12019793132944573
 5.774168485332479 0.10930139338646236
 5.833920335105863 0.1035343677840855
 5.8941734297862265 0.0986272509586611
 5.954927769373569 0.0901175861589209
 6.016200638175029 0.08211834926337733
 6.077974751883468 0.07532478715837211
 6.1402501104988865 0.07002150894049285
 6.2030612826355584 0.0682518736959539
 6.266390983986348 0.06300318247388258
 6.330221930244117 0.057342046863019754
 6.39458869002314 0.05147133076156216
 6.4594739790162805 0.04433399423820167
 6.524877797223535 0.03676398748708917
 6.590817428952046 0.02939202037441153
 6.657275589894673 0.02350134842586561
 6.724269564358554 0.01900410041802801
 6.791782068036551 0.015608914328844616
 6.8598476695429405 0.013093660897362323
 6.928431800263446 0.011118253603695172
 6.997569028812343 0.009502907860065333
 7.067242070882494 0.008164036365553
 7.13743364216676 0.007041733523757569
 7.208178311279419 0.006091529726033735
 7.279476078220469 0.005281104152304555
 7.351309658682773 0.004586299373435007
 7.42367905266633 0.003988379911884692
 7.496601544478279 0.0034723819016590825
 7.570077134118618 0.0030260985236053445
 7.644088537280212 0.0026394220693411827
 7.718653038270198 0.002303892569266657
 7.793770637088573 0.002012374051951495
 7.869424049428204 0.001758811950630409
 7.945647843903362 0.001538046423426974
 8.022407451899776 0.0013456647855110586
 8.099737442031715 0.001177882558707081
 8.177603245684912 0.0010314465080984896
 8.256022147166497 0.0009035544776826268
 8.335011430783611 0.0007917885864080809
 8.41453652792198 0.0006940594316801893
 8.494632007195877 0.0006085588736354088
 8.575280584298165 0.0005337202627975572
 8.656482259228843 0.0004681846090123172
 8.738237031987914 0.0004107717961118287
 8.820544902575376 0.0003604560137373505
 8.903405870991229 0.0003163447711575421
 8.98683722154261 0.0002776608737139466
 9.070804385615245 0.00024372698778435043
 9.155341931823408 0.00021395235648700954
 9.240415291552825 0.00018782135073658172
 9.326059033417772 0.00016488361606287823
 9.412238588803971 0.00014474555362869069
 9.498988526325698 0.0001270629597629023
 9.58627427736868 0.00011153465256965602
 9.674130410547193 0.00009789695589888182
 9.762522357246956 0.00008591890793468227
 9.85146740177511 0.00007539811168834221
 9.94094825982452 0.00006615712220785343
 10.03099950000946 0.000058040306719129234
 10.121569269408514 0.00005091111023195994
 10.212709420943098 0.000044649677049400816
 10.304368101691795 0.00003915077465968838
 10.396579880268888 0.00003432198193946957
 10.48934475667437 0.000030082109476591273
 10.582628162293968 0.000026359815889429002
 10.676447381434821 0.00002309240491056527
 10.770802414096929 0.000020224764133110965
 10.865693260280288 0.00001770844181246265
 10.961119919984903 0.000015500837985004626
 11.057065108903634 0.000013564493266072328
 11.15354611134362 0.000011866467115537393
 11.250528358690584 0.000010377791123280583
 11.348046419558804 0.00000907299023260362
 11.44608300964114 0.000007929661779909448
 11.544638128937592 0.000006928105407465284
 11.643694493141021 0.0000060509991747805975
 11.743269386558572 0.000005283112626261294
 11.8433455248831 0.000004611056521850793
 11.943922908114606 0.000004023061599828387
 12.045001536253094 0.000003508784140650884
 12.14658140929856 0.0000030591351018550592
 12.248662527251007 0.0000026661292925640716
 12.351227605803295 0.000002322752858249528
 12.454259360648287 0.0000020228467472368107
 12.557792360400262 0.0000017610035586389031
 12.661809320752075 0.0000015324773640774836
 12.766292957396596 0.00000133310379978142
 12.871243270333819 0.0000011592299578719522
 12.97666025956375 0.0000010076525481492725
 13.082561209393523 8.755634097497797E-7
 13.188894266901725 7.605016422358258E-7
 13.295694000702635 6.603114673457296E-7
 13.402943126489111 5.731049126699385E-7
 13.510624359954017 4.972292739882901E-7
 13.618754985404491 4.312383008712202E-7
 13.727317718533397 3.7386688075378056E-7
 13.836329843647869 3.2400878853791065E-7
 13.945739507826499 2.806971232876327E-7
 14.055581279683558 2.430870783042187E-7
 14.165837874911912 2.1044084555101253E-7
 14.276509293511557 1.8211432787342817E-7
 14.387578251175361 1.575454506767374E-7
 14.49904474790332 1.3624394348886127E-7
 14.610908783695432 1.1778233333416059E-7
 14.723153074244566 1.0178806952748234E-7
 14.83577761955072 8.793659461468473E-8
 14.948782419613892 7.594529123374895E-8
 15.062167474434082 6.556816568307726E-8
 15.175898215397018 5.65911904099999E-8
 15.29000921111697 4.8828232802982516E-8
 15.404448608672533 4.211748685603371E-8
 15.519250976677975 3.631835502295346E-8
 15.634381746519026 3.1308719871538615E-8
 15.749840918195682 2.6982557951479526E-8
 15.865628491707948 2.324786131626795E-8
 15.981727182748681 2.0024814209464398E-8
 16.098154275625024 1.724420813532531E-8
 16.2148752017227 1.4846056485922879E-8
 16.331907245348845 1.27783873094062E-8
 16.449215837889184 1.0996189485623013E-8
 16.56681826365086 9.460497299266918E-9
 16.684697238326727 8.137591697336146E-9
 16.802835477609655 6.998303159852016E-9
 16.921250265806776 6.017411230705199E-9
 17.03990703430382 5.1731147986718776E-9
 17.158823067407923 4.446577944648318E-9
 17.277981080811948 3.8215313878158585E-9
 17.397346505901616 3.2839282164101517E-9
 17.516953911291207 2.8216451647554394E-9
 17.63673415975217 2.424222368843201E-9
 17.75686009435588 2.082638717684434E-9
 17.87715887203096 1.7891173667141565E-9
 17.997457649706043 1.5369552453787476E-9
 18.118102113523864 1.3203780201336308E-9
 18.23891942041306 1.1344135482780899E-9
 18.35990957037363 9.74780928345095E-10
 18.481072563405572 8.377977830502838E-10
 18.602235556437513 7.202965923829117E-10
 18.723744235612198 6.195552215220154E-10
 18.845252914786883 5.332359644697652E-10
 18.967107280104315 4.593318579053994E-10
 19.088788802350376 3.961225703933605E-10
 19.210816010739176 3.421365208342539E-10
 19.332843219127977 2.961150384418616E-10
 19.455043270588156 2.569861199456322E-10
 19.57724332204833 2.238414981127701E-10
 19.6994433735085 1.9591243868824813E-10
 19.821816268040052 1.7256069223202965E-10
 19.94436200564297 1.532609985820855E-10
 20.06690774324589 1.3759427712397348E-10
 20.189280637777436 1.2524580352048742E-10
 20.311999218451728 1.160017558726274E-10
 20.434544956054648 1.0975137958235101E-10
 20.55726353672894 1.0655683183804942E-10
 20.67980927433186 1.0643341048844585E-10
