 0.0004074236980546693 7.1741732E-8
 0.0012270609780118613 0.0000010861602
 0.0020563417263937535 0.0000048543848
 0.0028953830703472043 0.000013401707
 0.003744277478672366 0.000028656163
 0.004603168791725029 0.000052161408
 0.005472159752616473 0.000084858479
 0.006351363378769106 0.00012699211
 0.0072409029619164645 0.00017814095
 0.008140901793792083 0.00023733676
 0.009051493440440624 0.00030322834
 0.00997277037066224 0.00037425278
 0.010904845601879338 0.00044878882
 0.011847924620314478 0.00052527859
 0.01280209989476781 0.0006023127
 0.013767474168350616 0.00067867994
 0.014744150184174173 0.00075338706
 0.01573243617157232 0.00082565682
 0.016732229387433784 0.00089491252
 0.017743735317981114 0.00096075561
 0.018767159449436875 0.00102294
 0.019802604524912344 0.0010813456
 0.020850276030630083 0.0011359529
 0.021910173966590094 0.0011868201
 0.022982503819014927 0.001234062
 0.024067471074127145 0.0012778326
 0.025165178475038033 0.0013183112
 0.026275728764858865 0.0013556921
 0.027399327429812204 0.001390175
 0.028536179956120608 0.001421959
 0.029686286343784073 0.0014512377
 0.03084995482213644 0.0014781975
 0.032027185391177715 0.0015030163
 0.03321838902335301 0.0015258599
 0.034423462975551045 0.0015468792
 0.035642612733994376 0.0015662123
 0.03687614652801685 0.0015839875
 0.038124167100729744 0.0016003276
 0.03938677719524433 0.0016153515
 0.040664285040894456 0.0016291733
 0.04195669063768013 0.0016418964
 0.04326419947182389 0.0016536075
 0.04458711977265959 0.0016643758
 0.0459255542832985 0.0016742575
 0.0472796057468519 0.0016833022
 0.04864958239265364 0.0016915538
 0.05003558696381499 0.0016990517
 0.05143782494655851 0.0017058368
 0.05285650182710676 0.0017119567
 0.05429182309168231 0.001717158900725901
 0.055743891483396424 0.0017224218
 0.05721301523158294 0.0017268826
 0.05869929707935315 0.0017309096
 0.06020304525604088 0.0017345575
 0.06172436250475742 0.0017378611
 0.06326345431172532 0.0017408324
 0.06482052616316716 0.0017434723
 0.06639588628841674 0.0017457838
 0.06798974017369666 0.0017477785
 0.06960219056211817 0.0017494794
 0.07123344293990384 0.0017509206
 0.07288380553638753 0.0017521402
 0.07455348383779176 0.0017531752
 0.07624268333033911 0.0017540583
 0.07795160950025214 0.0017548102
 0.07968057057686467 0.0017554387
 0.08142966930328802 0.0017559478
 0.083199213908856 0.0017563447
 0.08498951262290243 0.0017566386
 0.08680066818853864 0.0017568423
 0.08863298883509842 0.0017569746
 0.09048668004880435 0.0017570529
 0.09236205005899029 0.0017570833
 0.09425930435187875 0.0017570503
 0.09617875115680362 0.0017569125
 0.09812049321687615 0.0017566178
 0.10008494150454145 0.0017561289
 0.10207240424913337 0.0017554315
 0.10408288145065192 0.0017545215
 0.10611719505398734 0.0017533989
 0.10817513957291706 0.0017520811
 0.11025671500744107 0.0017506083
 0.11236294878867219 0.0017490233
 0.1144928134854976 0.0017473527
 0.1166483639601429 0.0017456051
 0.1188285727814953 0.0017437702
 0.1210344673806676 0.0017418221
 0.12326604775765977 0.0017397169
 0.12552434134358464 0.0017374098
 0.1278083207073294 0.0017348917
 0.13011798584889406 0.0017322003
 0.13245539163050418 0.0017293952
 0.1348205380521598 0.0017265399
 0.1372123976827481 0.001723695
 0.1396319979533819 0.0017208804
 0.14208036629517395 0.0017180672
 0.14455647527701151 0.001715225
 0.14706237976112013 0.0017123675
 0.14959705231638704 0.0017095383
 0.15216049294281223 0.0017067775444710102
 0.15475372907150847 0.0017039847
 0.1573777881335886 0.0017012163
 0.16003164269793982 0.0016984511
 0.16271734762678766 0.0016956794
 0.16543387548901942 0.0016928396
 0.16818122628463503 0.0016898325
 0.1709604274447473 0.0016865731
 0.173772506400469 0.0016830577
 0.1766174631518002 0.0016793776
 0.1794942702676281 0.0016756434
 0.182406010041291 0.0016719195
 0.18534960017945054 0.0016682121
 0.18832915040655795 0.0016644802
 0.19134157842927485 0.0016606422
 0.1943899665409396 0.0016566282
 0.1974732873104394 0.0016524284
 0.20059256816888704 0.0016480794
 0.2037478091162825 0.0016436095
 0.20693901015262584 0.0016389649
 0.2101682261401426 0.0016340482
 0.21343340221660723 0.0016288417
 0.21673762067535807 0.0016234292
 0.22007882665416958 0.0016179297
 0.2234601024463801 0.0016124096
 0.22687939318976408 0.0016068244
 0.23033772631543428 0.0016010981
 0.2338371566856163 0.0015952338
 0.23737665686919737 0.0015893093
 0.24095622686617746 0.0015834227
 0.2445779215387822 0.0015776226
 0.24824071345589874 0.0015718597
 0.2519466574797527 0.0015660372
 0.2556947261792313 0.0015600888
 0.25948594698544725 0.0015540196
 0.26332031989840066 0.001547891
 0.2671998997803171 0.0015417811
 0.27112263176897095 0.0015357106
 0.2750915981577006 0.0015296357
 0.27910679894650603 0.00152355
 0.28316720670427453 0.0015174692
 0.2872738488621188 0.0015113699
 0.29142878028226443 0.0015052051
 0.29563097353359874 0.0014989476
 0.29988145604723443 0.0014926341
 0.30418022782317145 0.0014863997
 0.3085293437236355 0.0014804022
 0.31292777631751373 0.001474678
 0.31737655303591894 0.0014691628
 0.3218756738788512 0.0014638
 0.32642719370853596 0.001458611267422287
 0.3310311125249733 0.0014533628
 0.33568640289705043 0.0014482885
 0.34039614711810584 0.0014431854
 0.3451593177570265 0.0014377388
 0.34997694224492537 0.0014317367
 0.3548500480129152 0.0014252126
 0.359778635060996 0.0014183034
 0.3647627033891678 0.0014111227
 0.36980430785965607 0.001403784
 0.3749044759035738 0.0013963405
 0.3800611526586952 0.0013886491
 0.3852774204183588 0.0013805239
 0.39055327918256455 0.0013720193
 0.3958887289513124 0.0013632798
 0.4012847971557152 0.0013542371
 0.4067425112268858 0.0013448376
 0.41226289859593684 0.0013352376
 0.41784493183175575 0.0013254146
 0.4234906657965679 0.0013152131
 0.4292011279214862 0.0013047207
 0.4349763182065106 0.0012939412
 0.44081623665164116 0.0012828004
 0.4467239655502163 0.0012714348
 0.4526974500400102 0.0012599219
 0.45873874498324874 0.0012480205
 0.46484785037993176 0.0012357373
 0.4710268210922849 0.0012233762
 0.47727565712030817 0.0012109903
 0.4835953858951143 0.0011986727
 0.489987034847816 0.001186432
 0.4964495765473008 0.0011741833
 0.5029860932869068 0.0011621152
 0.5095955576355213 0.0011504733
 0.5162800244553699 0.0011389489
 0.5230394937464526 0.0011269985
 0.5298749929398822 0.0011147032
 0.5367875494667714 0.0011020487
 0.5437781907582331 0.0010889849
 0.5508469168142672 0.001075614
 0.5579957824970995 0.0010618847
 0.5652247878067297 0.0010480546
 0.5725339327431581 0.0010344177
 0.579926299599723 0.0010206584
 0.5874008609453114 0.0010066177
 0.594959671642149 0.00099248415
 0.602602731690236 0.0009779474
 0.610331068520685 0.00096252566
 0.6181457095646088 0.00094630546
 0.6260476822531202 0.00092981188
 0.6340380140173322 0.0009136197642471709
 0.6421177322883572 0.00089724651
 0.6502878644973084 0.00088100721
 0.6585484106441856 0.00086464629
 0.6669003981601014 0.00084841503
 0.6753458819072817 0.00083206396
 0.6838858893168394 0.00081538187
 0.6925193929576614 0.0007983877
 0.7012494751230861 0.00078132248
 0.7100771632442264 0.00076436973
 0.7190014298899695 0.00074697435
 0.7280253573536538 0.00072895948
 0.7371489456352793 0.0007105915
 0.7463732221659589 0.00069196425
 0.7556992143768051 0.0006729065
 0.7651279496989308 0.00065315155
 0.7746614829945618 0.00063291264
 0.784299814263698 0.00061252356
 0.794043970937452 0.00059222269
 0.8038960078780497 0.00057214322
 0.8138559250854908 0.00055242896
 0.8239247499908884 0.00053323595
 0.8341045374564678 0.00051431299
 0.8443963149133419 0.00049514925
 0.8548000823615108 0.00047576897
 0.8653178946632001 0.0004565468
 0.8759507792495224 0.00043729063
 0.8866997635515905 0.00041748264
 0.8975669024316304 0.00039727102
 0.9085511684585288 0.00037727994
 0.9196556439256243 0.00035760683
 0.9308813562640297 0.00033808904
 0.942228305473745 0.00031887381
 0.9536995738481086 0.00029981805
 0.9652941339560077 0.00028087605
 0.9770150680907806 0.00026238585
 0.9888634036835403 0.00024463634
 1.0008391407342865 0.00022774764
 1.0129443341052449 0.0002115825
 1.0251800112275287 0.00019619874
 1.0375513092567012 0.00018172919
 1.0500448715882964 0.00016794606
 1.062682274275683 0.00015472923
 1.0754532430077333 0.00014206845
 1.0883680520955747 0.00012984675
 1.1014061529169517 0.00011826789
 1.1145983684052478 0.0001074432
 1.1279241499382078 0.000097151251
 1.141393771826959 0.00008752266
 1.1550072340715014 0.000078720899
 1.1687645366718353 0.000070710464
 1.1826656796279607 0.000063291659
 1.1967209372510053 0.000056335673
 1.2109303095409696 0.000049876668
 1.225273247875597 0.000044013721
 1.2397805751882716 0.00003867969
 1.2544420171678656 0.000033786314
 1.2692575738143792 0.000029425784
 1.2842169708166842 0.000025625778
 1.2993510311081642 0.000022282901
 1.3146289317554358 0.000019330351
 1.3300814956918825 0.000016609146
 1.345688174295249 0.000014050108
 1.361459241876662 0.000011796854
 1.3773946984361227 0.0000098679832
 1.393494543973631 0.0000081446601
 1.4097690528003142 0.0000065681737
 1.4262079506050447 0.0000052235212
 1.4428215116989507 0.0000041806742
 1.459609736082032 0.0000033944345
 1.4765623494431603 0.0000027858704
 1.493699900404592 0.0000022973929
 1.511001840344071 0.000001882072
 1.5284989921949812 0.0000015350335
 1.5461605330239387 0.0000012713244
 1.5640172857643273 0.0000010766162
 1.5820487017938913 9.2610688E-7
 1.6002650554237583 8.0384236E-7
 1.6186766209650565 7.0025289E-7
 1.6372628497955302 6.1023543E-7
 1.6560442905374348 5.2979845E-7
 1.6750209431907708 4.5348117E-7
 1.69418253344441 3.7755591E-7
 1.7135496099206082 3.0717413E-7
 1.7331016239971098 2.5096582E-7
 1.7528591242961704 2.1097131E-7
 1.772811836506662 1.8298168E-7
 1.792959760628585 1.622053E-7
 1.813323445284195 1.4635134E-7
 1.8338823418512364 1.3497668E-7
 1.8546467246408367 1.2782973E-7
 1.875616593652996 1.2439413E-7
 1.8968022231988428 1.2484286379343628E-7
 1.9181933389672485 1.2529595E-7
 1.9398002152693412 1.2764911E-7
 1.9616228521051213 1.2971665E-7
 1.9836612494745882 1.2919602E-7
 2.005915407377742 1.2364512E-7
 2.0283853258145834 1.1252754E-7
 2.0510710047851117 9.8255488E-8
 2.0739929929115832 8.487933714588435E-8
 2.0971307415717413 7.1377279E-8
 2.1204945250767144 5.7841645E-8
 2.144084343426503 4.423222E-8
 2.1679001966211064 3.3167524E-8
 2.1919523589716534 2.5874062E-8
 2.2162408304781427 2.1445822E-8
 2.240755336829447 1.8617615E-8
 2.2655061523366946 1.6753589E-8
 2.290503551311013 1.5592196E-8
 2.315726985130147 1.4867425E-8
 2.341207276727479 1.4325414E-8
 2.3669136031696265 1.3793832E-8
 2.392876787389973 1.3075813E-8
 2.4190762807662627 1.1971514E-8
 2.445522357609623 1.0458464E-8
 2.4722252922311823 8.7063425E-9
 2.4991748103198126 6.9112868E-9
 2.526381186186642 5.2270353E-9
 2.553834145520542 3.7385705E-9
 2.581554236943769 2.3937918E-9
 2.609520911834067 1.1221748E-9
 2.6377547188136914 4.0300452E-11
 2.6662453835715154 -6.3566257E-10
 2.694992906107538 -6.266834436001424E-10
 2.7240075607328875 -6.1762088E-10
 2.7532996217586923 -1.264184E-10
 2.7828485405626955 5.0467342E-10
 2.8126645914560253 1.2104794E-9
 2.8427477744386827 1.9646093E-9
 2.8731083638217942 2.7038479E-9
 2.903746359605361 3.3707428E-9
 2.9346514874782548 3.9168176E-9
 2.965844296062731 4.2272197E-9
 2.997304236736534 4.2696548E-9
 3.0290518581219206 4.1952589E-9
 3.0610768859077613 4.0218758E-9
 3.0933793200940567 3.5951458E-9
 3.1259797093030635 3.0321998E-9
 3.1588575049125245 2.9367857365276916E-9
 3.1920229812335688 3.080370832408107E-9
 3.2254761382661954 3.2252014E-9
 3.259216976010405 3.5597363E-9
 3.293255768777325 3.8322989E-9
 3.3275822422558283 4.180703E-9
 3.362206670757042 4.656536E-9
 3.397129054280967 5.2344672E-9
 3.432339118516474 5.8652935E-9
 3.4678574120858205 6.3865421E-9
 3.5036736606778773 6.4075767E-9
 3.5397878642926446 5.695554949645895E-9
 3.5762102972412513 4.9774562E-9
 3.612930685212568 4.2114439E-9
 3.649949028206596 3.678356E-9
 3.68728587484559 3.4117501E-9
 3.724930950818423 3.1869164E-9
 3.762873981813967 2.871036E-9
 3.801135516454478 2.4636156E-9
 3.839705280428827 1.9734781E-9
 3.8785832737370147 1.427137E-9
 3.9177797706901694 9.0490675E-10
 3.9572844969771626 4.2503407E-10
 3.997107726909123 -4.1734652E-11
 4.037239186174921 -5.2058163E-10
 4.0776994233968145 -9.8853402E-10
 4.118467889952547 -1.3207912E-9
 4.159565134464374 -1.4513159E-9
 4.200980882621167 -1.4861891E-9
 4.2427048601117985 -1.5100863E-9
 4.284757615558525 -1.5046501007179361E-9
 4.327139148961346 -1.4991714E-9
 4.369839186009133 -1.4359357E-9
 4.412857726701888 -1.3232257E-9
 4.456205045350737 -1.1812595E-9
 4.49988114195568 -1.031946E-9
 4.543875742205591 -8.8833478E-10
 4.588199120411597 -7.5663941E-10
 4.632851276573695 -6.3935031E-10
 4.677821936380762 -5.3696586E-10
 4.72313164845505 -4.4888259E-10
 4.768759864174306 -3.7391508E-10
 4.814727132160784 -3.1062266E-10
 4.861012903792229 -2.5751075E-10
 4.907627453379768 -2.1314677E-10
 4.95458105523453 -1.7622006E-10
 5.0018531607342585 -1.4556678E-10
 5.049464318501209 -1.2017411E-10
 5.097404254224255 -9.9173141E-11
 5.145672967903395 -8.1825948E-11
 5.19427045953863 -6.751058E-11
 5.24319672912996 -5.5705763E-11
 5.2924517766773835 -4.5976466E-11
 5.342045876492031 -3.7960822E-11
 5.3919584799516445 -3.1358593E-11
 5.44221013567848 -2.5921177E-11
 5.492780295050283 -2.1443059E-11
 5.543689506689308 -1.7754567E-11
 5.594917221973299 -1.4715769E-11
 5.646483989524514 -1.2211366E-11
 5.698369260720694 -1.0146427E-11
 5.750593584184099 -8.2262758E-12
 5.803136411292469 -7.0363617E-12
 5.856008016356933 -5.8741969E-12
 5.909198125066364 -4.9129575E-12
 5.962727286043019 -4.1170065E-12
 6.0165646763535126 -3.4570795E-12
 6.0707411189312275 -2.9091498E-12
 6.125225790842781 -2.4534925E-12
 6.18003924071043 -2.0739157E-12
 6.235181468534174 -1.757126E-12
 6.2906319256917556 -1.4922084E-12
 6.346400886494304 -1.2701983E-12
 6.40248835094182 -1.0837298E-12
 6.458894319034301 -9.267476E-13
 6.515618790771749 -7.9427054E-13
 6.572651491843037 -6.8219746E-13
 6.63000269655929 -5.871485E-13
 6.687651856298255 -5.0633494E-13
 6.7456195196821875 -4.374527E-13
 6.8038954123999575 -3.7859518E-13
 6.862479534451566 -3.2818198E-13
 6.921361611525885 -2.8490054E-13
 6.980551917934043 -2.4765847E-13
 7.0400401793649126 -2.1554458E-13
 7.099826395818492 -1.8779691E-13
 7.159910567294783 -1.6377668E-13
 7.220292693793784 -1.4294693E-13
 7.280972775315496 -1.24855E-13
 7.3419405375487905 -1.0911821E-13
 7.40318570618254 -9.5412113E-14
 7.464728829839 -8.3460785E-14
 7.526559634207043 -7.3028921E-14
 7.588667844975541 -6.3915268E-14
 7.6510534621444934 -5.594722E-14
 7.713716485713902 -4.897634E-14
 7.776667189994892 -4.2874654E-14
 7.83987475205408 -3.7531564E-14
 7.903359720513725 -3.2851271E-14
 7.967111821062696 -2.8750624E-14
 8.031120779389866 -2.5157315E-14
 8.095396869806363 -2.2008355E-14
 8.159929818001059 -1.9248787E-14
 8.22472989828508 -1.6830603E-14
 8.289766287725046 -1.4711807E-14
 8.35505953494321 -1.2855632E-14
 8.420599365628446 -1.1229858E-14
 8.486385779780752 -9.8062281E-15
 8.552408503089001 -8.5599512E-15
 8.618667535553195 -7.4692628E-15
 8.68516287717333 -6.5150513E-15
 8.751884253638279 -5.734324949930827E-15
 8.818831664948046 -4.9509537E-15
 8.886005111102625 -4.3133678E-15
 8.953404592102022 -3.7563927E-15
 9.021009559323977 -3.2700331E-15
 9.088840561390747 -2.8455106E-15
 9.156866775368947 -2.4751177E-15
 9.225108749880835 -2.1520885E-15
 9.293545936304154 -1.8704858E-15
 9.362178334638903 -1.6251012E-15
 9.431005944885085 -1.4113674E-15
 9.50001849273157 -1.2252808E-15
 9.569226252489488 -1.0633333E-15
 9.638608675536577 -9.2245254E-16
 9.708176036183971 -7.9994879E-16
 9.777907785809413 -6.9346846E-16
 9.84781419872403 -6.0095303E-16
 9.917885000616694 -5.2060289E-16
 9.988109917176278 -4.5084559E-16
 10.058499222713909 -3.9030776E-16
 10.129032368607332 -3.3779049E-16
 10.199719629167673 -2.922477E-16
 10.270550730083807 -2.5276709E-16
 10.341505122733475 -2.1855336E-16
 10.412603355738936 -1.8891356E-16
 10.483804331855673 -1.6324418E-16
 10.555210794194972 -1.4101986E-16
 10.626719999645552 -1.217834E-16
 10.69822920509613 -1.0513715E-16
 10.769943896769268 -9.0735329E-17
 10.841761331553682 -7.8277401E-17
 10.91368150944938 -6.7502211E-17
 10.985704430456355 -5.8182876E-17
 11.057727351463331 -5.0122343E-17
 11.129955758692867 -4.3149477E-17
 11.202184165922402 -3.7115637E-17
 11.274618059374497 -3.1891707E-17
 11.346949209715312 -2.7365491E-17
 11.419485846278684 -2.3439422E-17
 11.492022482842058 -2.0028575E-17
 11.564661862516713 -1.7058946E-17
 11.637301242191366 -1.4465879E-17
 11.70994062186602 -1.2192753E-17
 11.782682744651954 -1.0189805E-17
 11.855527610549165 -8.4130498E-18
 11.928372476446377 -6.8233827E-18
 12.00111459923231 -5.3857361E-18
 12.074062208240804 -4.0683346E-18
 12.146907074138017 -2.8420404E-18
