 0.0005593197229443525 0.9999634650685539
 0.0016845348209600908 1.0002171997011466
 0.002822988672914983 1.0009332776289588
 0.003974842073391286 1.002135040359008
 0.005140221965480255 1.0037546164982194
 0.006319325816212733 1.0056781703590203
 0.007512294673467891 1.0077872668456582
 0.008719283689912819 1.0099338646281983
 0.009940462123002527 1.0119972689080001
 0.011175999230192019 1.0138871424141498
 0.012426078373724222 1.0155601774540424
 0.01369082649669039 1.0169921121532066
 0.014970398751757614 1.0181260586659189
 0.016265077234684237 1.018980540600756
 0.017574988888561516 1.0196080088088497
 0.01890027476126863 1.0200187112547126
 0.02024107590068474 1.020173121373193
 0.02159781545044737 1.0201563825396045
 0.022970352362677353 1.0200085247174415
 0.024358968733133025 1.0196689082040697
 0.025763946657572735 1.019184206687081
 0.027185427183875656 1.0185706776792653
 0.028623692407800133 1.0178588665404988
 0.03007874232934617 1.0170553806433684
 0.03155085904427211 1.0161363861823742
 0.03304032464833629 1.015129521265243
 0.0345472801894179 1.0140563076031288
 0.0360718667153961 1.012913591083825
 0.03761436632202923 1.0117043513448214
 0.039175061105075654 1.0104621272076648
 0.04075395106453536 1.0091833597655342
 0.04235145934404587 1.0078731544320867
 0.043967585943607175 1.0065292358292106
 0.045602895054735984 1.0051653949841295
 0.0472572456295531 1.0037986484307868
 0.048930919763816895 1.0023996101344488
 0.050624340601164865 1.000974820919103
 0.05233764918947619 0.9995329803642584
 0.05407098657663006 0.998058709093671
 0.05582477590626396 0.996556702542289
 0.057599017178377926 0.995031188915318
 0.05939399248873027 0.9934688221494002
 0.06121012498095854 0.9918789471568215
 0.06304755570294189 0.9902725666191561
 0.06490642570255949 0.9886409856702232
 0.06678715812344886 0.9869846015180239
 0.0686898940134892 0.9853099532025023
 0.07061491546843882 0.9836189150685594
 0.07256250458405607 0.9819157349105371
 0.07453294345609932 0.9800878740658673
 0.07652637313244771 0.9784903903314126
 0.0785432167567388 0.9767771586959699
 0.08058361537685171 0.975073798974204
 0.08264799213642401 0.9733861261046729
 0.08473648808333484 0.9717191120725511
 0.08684938531334256 0.9700714829586177
 0.08898696592220551 0.968443018178243
 0.0911496530535612 0.9668369458864136
 0.093337728803168 0.9652608806668119
 0.09555133421890505 0.9637173990403928
 0.09779075139653072 0.9622037831402087
 0.10005640347968252 0.9607162776637486
 0.10234857256411879 0.9592479099169625
 0.10466754074559789 0.957790654415999
 0.10701359011987815 0.9563348303604563
 0.1093871438305971 0.9548716932338891
 0.11178834292563392 0.9533968656260603
 0.1142176105486261 0.9519126498194056
 0.11667536984321117 0.9504297539412332
 0.11916176185726833 0.9489518417391545
 0.12167720973443504 0.947469263970428
 0.12422199557046971 0.9459616440225435
 0.12679654250900982 0.9444087673271612
 0.12940113264581374 0.9428021534727441
 0.13203618912451895 0.9411450990237441
 0.13470185299300466 0.9394429109133438
 0.13739868844278752 0.9376996065394453
 0.1401271186175051 0.9359233518496948
 0.14288714351715737 0.9341164999528546
 0.14567989152477773 0.9322935532735813
 0.1485050805446078 0.9304726424461857
 0.1513627105766476 0.9286473140798304
 0.15425419209968885 0.9268227569068179
 0.15717811463493989 0.9249857997866804
 0.16013729913998406 0.9231338213180034
 0.1631303351360297 0.9212737775071617
 0.16615863310186854 0.9193944466167381
 0.16922219303750055 0.917489254706618
 0.1723224254217175 0.9155589129615106
 0.1754579197757276 0.9136047542776013
 0.1786286760995309 0.9115976707952907
 0.18183751535071083 0.9095248026479047
 0.18508443752926743 0.9073994075019395
 0.1883680321564089 0.9052182073226056
 0.19168970971092708 0.9029683026945606
 0.19505088067161355 0.9006566532380644
 0.19845013455967672 0.8982723627443701
 0.20189029233269995 0.8958053568316412
 0.20536994351189158 0.8932537656906209
 0.20888908809725157 0.8905371632939791
 0.21244913656757164 0.8878040310590889
 0.21605149940164356 0.8848861524218292
 0.21969476612067554 0.8818368042308706
 0.22338175768225108 0.8786643842411725
 0.22711106360757846 0.875387463465857
 0.23088268389665767 0.872008617432857
 0.2346980290282804 0.8685332665028914
 0.2385585094812384 0.864971332961194
 0.2424641252555317 0.8613362393161693
 0.24641346587236862 0.8576243619375914
 0.2504107627681242 0.853862741876085
 0.2544517845064233 0.8500666917823881
 0.2585421730024329 0.8462360309692789
 0.26267769681977776 0.8423622370766736
 0.2668625873948331 0.8384270998228817
 0.2710954342488072 0.8344390071816709
 0.27537764786049174 0.8303903224101492
 0.2797092282298867 0.8262669684697774
 0.28409017535699216 0.8220510986466442
 0.28852331019939154 0.8177627609558283
 0.29300581179950136 0.8134171629419805
 0.2975419115936968 0.8090021582798206
 0.3021287886243945 0.804485045920705
 0.3067706743279695 0.7998586707774626
 0.31146474774683847 0.7951303493081031
 0.31621241935979305 0.7902851127370293
 0.32101651012441673 0.7853399178482195
 0.3258756095619178 0.7803132859230525
 0.3307897176722962 0.7752088375673714
 0.3357616554131355 0.770051455501158
 0.3407900123056438 0.7648568476048101
 0.34587760930740474 0.7596162375996354
 0.35102303593962647 0.7543130162299713
 0.3562277026811007 0.7489122206970992
 0.3614916095318276 0.7433761714619856
 0.3668175774493905 0.7376862142991999
 0.37220278547620583 0.7318145073826312
 0.37765146504864894 0.725730977895914
 0.3831636161667198 0.7194478849088609
 0.38873782835162674 0.7129691312332367
 0.3943755120821613 0.7062942957264501
 0.4000794883159071 0.699449498609079
 0.40584834657407237 0.6924583806875221
 0.41168349733544884 0.6853329255947521
 0.4175849406000365 0.6780807971654826
 0.42355549732541875 0.6707027207546447
 0.42959375703280395 0.6631884320266179
 0.4357011302009838 0.6555116259935532
 0.4418776168299583 0.6476272395088013
 0.44812603787731087 0.6394627647886605
 0.4544463933430416 0.6312021430362934
 0.4608372727483586 0.6227449011229427
 0.4673029075296373 0.6141869332589004
 0.4738418872080858 0.6055410949661124
 0.4804556222624957 0.5968089374882039
 0.48714552317165905 0.5880128952916824
 0.4939115899355756 0.5791669809192799
 0.5007538225542455 0.5702289069165798
 0.507675041985252 0.5611362227153553
 0.5146766587073871 0.551875791924145
 0.5217558517630672 0.5424591576846695
 0.5289168525886674 0.5329540109800702
 0.5361596611841878 0.5234525269141411
 0.5434842775496285 0.5139757226493434
 0.550892112163781 0.5044835212677389
 0.5583845755054372 0.49492898551768283
 0.5659630780533887 0.48528813922491676
 0.573626209328844 0.4755259098350018
 0.5813767902893864 0.46563401315241404
 0.5892162314138074 0.45565694839811316
 0.5971445327021074 0.4455873234930795
 0.6051616941542862 0.43536046005622425
 0.6132719472067192 0.4249125885003304
 0.6214724709018224 0.41421257194982164
 0.6297660861971799 0.4032585135279217
 0.6381527930927913 0.3920895766164432
 0.6466354125462401 0.3807777311148178
 0.6552139445575266 0.36937522852549587
 0.663889799605442 0.3579297978321477
 0.6726643881687785 0.34649840868170245
 0.6815362997687442 0.33509927325294664
 0.6905097658417141 0.32375791982279756
 0.6995833759088967 0.31249728526918946
 0.7087599509278756 0.3012827876300147
 0.7180394908986505 0.2900766452074559
 0.7274234063000132 0.2788990893921294
 0.7369131076107555 0.26779521372478393
 0.746510005309669 0.2567901649130522
 0.7562140993967539 0.24589828137939182
 0.7660282108295934 0.23511930459556532
 0.7759523396081878 0.22440255456962632
 0.7859864857325368 0.21370749304711362
 0.7961348806390158 0.2030485758462759
 0.806396113848833 0.19244114661807069
 0.8167730063195718 0.18191360043551505
 0.8272655580512323 0.17153414929274213
 0.8378751795226062 0.1613991454155856
 0.8486032812124852 0.15160332265144133
 0.859451273599661 0.14216320420788076
 0.8704205671629254 0.13323629434049186
 0.88151257238107 0.1242236737254062
 0.8927286997328867 0.11570535521519111
 0.9040689492183753 0.1075040210165962
 0.9155347313163277 0.09964502484974129
 0.9271288669843273 0.09216024259235822
 0.9388527667011659 0.08507868105350719
 0.9507050199880517 0.07835190551685298
 0.9626898582813598 0.0719274776002277
 0.9748086920598821 0.06581781314752201
 0.9870601108448266 0.06002178020750598
 0.9994483460725687 0.054517283439506126
 1.0119733977431085 0.049290090653412076
 1.0246366763352377 0.04432431494244167
 1.0374395923277475 0.03965604365712423
 1.0503835561994304 0.03531817118548445
 1.0634713889078695 0.03129638640080962
 1.0767030904530646 0.02758630565843847
 1.0900800713138077 0.024194909274083874
 1.1036051524476822 0.021137903233265407
 1.1172783338546879 0.018400972026590905
 1.1311010260136172 0.015944810154934343
 1.1450760498820527 0.013748879304562856
 1.1592048159387864 0.011794503280163564
 1.1734873241838186 0.0100588534498222
 1.1879263955747326 0.00855325920917288
 1.2025234405903198 0.007285285439070388
 1.2172798697093723 0.006197096558617067
 1.2321985038894736 0.005225603003862593
 1.2472779326518317 0.0043649530975216596
 1.262522387432822 0.0036336739473898567
 1.277933278711236 0.0030148950592949267
 1.293510606487074 0.0024716129664837955
 1.309258602196711 0.0019905139952144757
 1.3251758553613553 0.0015703315635859493
 1.3412665974173819 0.001202325451426658
 1.3575322388435829 0.0008804842467659157
 1.3739727796399581 0.0005976131193863831
 1.3905910407640907 0.000344519399603319
 1.407388432694773 0.00011491760799243821
 1.4243720078259632 -0.00010657608182461751
 1.441523429933369 -0.00034233048496041363
 1.4588723190716164 -0.0006035972457311799
 1.4764045704527888 -0.0008901760793266712
 1.4941342888648026 -0.001189783307164079
 1.512033264731824 -0.001474910742252143
 1.5301438124176043 -0.0017141499112627303
 1.5484377223463095 -0.0018864752822149184
 1.5669290993058562 -0.0019870514968566995
 1.585617943296245 -0.001997080921874028
 1.6045042543174755 -0.001980017976796118
 1.623588032369548 -0.0019775642225729455
 1.6428833822403792 -0.0018915152670900956
 1.6623903039299701 -0.001751979791519246
 1.6820805878624852 -0.0015611208428913293
 1.7019965484016766 -0.001334139191693323
 1.7221240807596274 -0.0010887712075437189
 1.742463184936337 -0.0008405287959870714
 1.7629997561438888 -0.0005951441696406759
 1.783776108746034 -0.00034315177685509895
 1.8047499283790214 -0.00008627712556981575
 1.825963529406602 0.0001650167188746915
 1.847388702252942 0.0004157397444767915
 1.8690395517059581 0.0006654867210797379
 1.8909160777656508 0.0009014949660571404
 1.9130182804320202 0.0011199457052158165
 1.935360264492983 0.0013195795482927866
 1.957927925160622 0.0014991983749501547
 1.980735367222855 0.0016863959715452258
 2.0037825906796813 0.0019227770436050895
 2.0270554907431846 0.0022097353441467666
 2.050582276989198 0.0024799658038245644
 2.0743347398418885 0.0026362492845907522
 2.098355193665007 0.002631509610238492
 2.1226013240948016 0.0024804845039711467
 2.1471154454950248 0.002263713961563088
 2.1718693482898415 0.0021102890404097424
 2.196877137267169 0.002035129361159335
 2.222152917214925 0.0019432339598172148
 2.2476684785572743 0.0017880955682981247
 2.273452030870052 0.001613285114893859
 2.2995035741532583 0.0013874298558518956
 2.3258090036189754 0.0010954469435348196
 2.3523965288430375 0.0008049165228376857
 2.379237940249611 0.0005205315132946942
 2.40636144741453 0.00024847804366854095
 2.4337529455498768 0.0000029634303231357322
 2.4614124346556516 -0.00018770064646878905
 2.48936812430769 -0.0003054118904865776
 2.517591804930156 -0.00038405754039715035
 2.546097581310968 -0.0004953031264807394
 2.574885453450125 -0.0007485475499020017
 2.603969526135545 -0.0011502736158027264
 2.6333356945793107 -0.00154635247924981
 2.6629980635693387 -0.0016112493032933715
 2.69295663310563 -0.0015412985408596513
 2.7232114031881833 -0.0014912463507691955
 2.753762373817 -0.0012419302118651158
 2.784609544992079 -0.0010239005654176586
 2.8157529167134214 -0.0006262932483350319
 2.847220698556861 -0.00021599435979387862
 2.8789846809465627 -0.0015718681821394382
 2.911058968670445 -0.0018761666743438525
 2.943443561728507 -0.0022304481570821805
 2.9761384601207492 -0.0026876949264353148
 3.009157768635089 -0.00319332151117917
 3.042501487271526 -0.0036986655595837668
 3.076155511242143 -0.004070867499862791
 3.110133945334857 -0.0040548499840866534
 3.1444508943375857 -0.003948189236092975
 3.1790781486744946 -0.0038742741878086823
 3.214058022709335 -0.003948828184985423
 3.2493482020783557 -0.004247839878762547
 3.2849910011453085 -0.004547090283575652
 3.3209582103343585 -0.004781150850448391
 3.357263934433423 -0.004770922539232704
 3.3939222782304195 -0.00451368845547514
 3.43091913693743 -0.004250734908041558
 3.468268615342373 -0.003725227673563251
 3.5059566086573306 -0.0033579521712261756
 3.544011326458137 -0.003118464698663996
 3.5824045591689586 -0.002791871143937373
 3.6211645163656283 -0.002426161227878298
 3.660277093260231 -0.002356106464450589
 3.6997422898527645 -0.0025207068120426555
 3.7395742109311474 -0.0026928279613066246
 3.7797869612832975 -0.002906017047901594
 3.8203523313333787 -0.0026536315774955584
 3.8612844258693086 -0.002419078941512403
 3.902583244891089 -0.0016588783651391213
 3.944262893186635 -0.0008486742377632157
 3.9863233707559473 -0.0000530541515549852
 4.028750572811109 0.0007294294725981883
 4.071572708927954 0.0014648743156458397
 4.114761569530649 0.0019426312949660388
 4.158345364195028 0.002089128965480408
 4.202309988133171 0.0023135765964862483
 4.246655441345083 0.0026396688648416076
 4.2914099334065945 0.002858301494483675
 4.336545254741873 0.002919252751717738
 4.382075510138835 0.002960897827887846
 4.42800069959748 0.0029425982128025614
 4.47432082311781 0.0028070834621836582
 4.521049985487741 0.0025844677028340605
 4.568174081919354 0.002449801404963238
 4.615707217200569 0.0022104237010853096
 4.6636493913313855 0.0017706922907956856
 4.711986499523885 0.0014543092704201836
 4.760746751353903 0.0013295716170573725
 4.809916042033522 0.0011002222406362875
 4.859494371562741 0.0007970954906606315
 4.90949584472948 0.00048236581508542565
 4.959906356745818 0.00004299773346036677
 5.010725907611758 -0.0004025023897078271
 5.061982706903134 -0.0006918766940393966
 5.113662649832027 -0.0007725988158385134
 5.165751631610521 -0.0007734146711175331
 5.218277861814452 -0.0007641649938556855
 5.271227235655901 -0.0008411653934026059
 5.3245997531348666 -0.000788084306612497
 5.378409519039269 -0.0007350920544895681
 5.43264242858119 -0.0007250774873253247
 5.487312586548546 -0.0006476049003971602
 5.54240588815342 -0.0003630950750876295
 5.597950542971646 -0.00008140317065206874
 5.653918341427392 0.00005405086511888913
 5.71033749309649 0.00008901552155155773
 5.767193893191023 0.00008785279769364352
 5.824473436923075 0.00007817034264230448
 5.882204333868479 0.00006807253292850514
 5.9403865840272365 0.00005942469944580443
 5.999006082611429 0.00005240292540806649
 6.058062829621058 0.00004676760291230969
 6.117570929844039 0.00004225496377023325
 6.177530383280372 0.00003863466448721691
 6.237927085142141 0.0000356823665426843
 6.298775140217264 0.00003329047966940054
 6.360074548505739 0.000031352011733722034
 6.421811205219649 0.00002977240144483815
 6.484013319934829 0.00002851984254080351
 6.546652683075445 0.000027464967591216304
 6.609757504217331 0.00002656230016110992
 6.673299573784653 0.000025886457105634427
 6.737292996565326 0.00002529265583452236
 6.801751877347272 0.00002480014013542151
 6.866648006554652 0.000024388289908476587
 6.9320095937633015 0.000024038239690816395
 6.997822534185304 0.000023777941617507134
 7.064086827820659 0.000023525094719637986
 7.130802474669368 0.00002334044215643624
 7.197969474731429 0.000023183288174286417
 7.265587828006843 0.00002297857172840989
 7.333671639283526 0.000022861197258554858
 7.402192698985647 0.00002275888083823597
 7.471179216689036 0.000022634626403756475
 7.540602982817861 0.000022585920276880395
 7.610492206947956 0.000022479534525075894
 7.680818679503486 0.000022411579302003533
 7.751610610060286 0.000022381262076993707
 7.822839789042522 0.000022290665869562774
 7.89453442602603 0.00002223291005412912
 7.96666631143497 0.00002218538610895149
 8.039249550057265 0.00002213740355267616
 8.112270037104995 0.00002212045173428311
 8.185755982153996 0.00002210683901290719
 8.259665070840514 0.000022063593297341
 8.334039617528301 0.000022021300119381754
 8.408837307853608 0.00002201260643579376
 8.484086351392268 0.000022000298992098105
 8.55978674814428 0.000021962582454783885
 8.635910288533811 0.0000219571974191682
 8.712471077348777 0.000021950395729974954
 8.789469114589178 0.000021943492581309942
 8.866904400255015 0.000021937113231877952
 8.944776934346287 0.000021932555388132066
 9.023072612075078 0.00002195741647674038
 9.101805538229303 0.000021955044791705466
 9.18094750323313 0.00002195276511955279
 9.260526716662394 0.00002197709434967978
 9.340529073729174 0.000022003275939349565
 9.420954574433473 0.00002203097906785295
 9.501789113987373 0.00002203050836033668
 9.58304679717879 0.000022057676987852475
 9.664713519219811 0.00002211469521565247
 9.74678928011043 0.000022115585129849424
 9.829274079850652 0.000022171495866070408
 9.912167918440474 0.000022227118991723253
 9.995470795879896 0.000022229331796063938
 10.079168607381003 0.000022289497093763876
 10.163247248155876 0.000022374511223064596
 10.247734927780352 0.000022429855111742914
 10.33261754146651 0.000022488402348316226
 10.417880984426432 0.00002254828618317897
 10.503525256660122 0.00002260764171801914
 10.589550358167582 0.0000226910114377986
 10.675970393736721 0.000022777438012540245
 10.762743049003793 0.000022864886485799952
 10.849896533544634 0.00002294984781159975
 10.93741674257132 0.000023037679755321313
 11.025289571295941 0.00002315075680757132
 11.11352912450641 0.00002326290572752652
 11.202121297414811 0.000023374147296236562
 11.29108019480906 0.000023488191654173373
 11.380363502325409 0.000023628680984903428
 11.469999429539689 0.00002376633155584964
 11.559973871663983 0.000023879451582956917
 11.65028682869829 0.00002401874780540696
 11.740924195854696 0.000024184069654155498
 11.8318859731332 0.000024348215958536543
 11.923172160533799 0.00002451308444236597
 12.01476865326858 0.0000247035280709331
 12.10667545133754 0.000024892772226034225
 12.19889255474068 0.0000250806592060318
 12.291419963478003 0.000025271200707377915
 12.384229467973668 0.0000254849562964652
 12.477349277803514 0.000025723845853661284
 12.570737078603788 0.000025938816977266272
 12.664421079950326 0.000026176749328596393
 12.75837307226729 0.000026441498053649117
 12.852593055554683 0.000026704751010433445
 12.947081029812505 0.000026992590799302372
 13.041822890252838 0.00002730291967561157
 13.1368327416636 0.000027589636029186203
 13.232082374468956 0.00002790070850630454
 13.32758589345682 0.000028260005034941316
 13.423315089051362 0.00002861962294112448
 13.519284066040498 0.0000290011943633267
 13.61547871963631 0.000029385284764958186
 13.71188494505088 0.00002979118858709758
 13.808516847072127 0.00003022110446951833
 13.905346216124217 0.000030674829241014835
 14.002387156995065 0.00003117362784434773
 14.099625564896757 0.00003167722462501071
 14.197033230253453 0.00003220233729262058
 14.294638362640994 0.000032776939746283265
 14.392384542907703 0.00003338167585000242
 14.49041281893276 0.000034006773280542646
 14.588582142836993 0.00003467906834295885
 14.686751466741224 0.000035395014290817786
 14.7852028864038 0.00003615233623431494
 14.883795353945546 0.000036955664056911836
 14.982528869366469 0.00003780282670685068
 15.081403432666562 0.00003874452540241722
 15.180277995966655 0.000039749008395779665
 15.279434655025097 0.000040796409464293764
 15.378591314083534 0.0000419094152488542
 15.478030068900319 0.00004314151402431761
 15.577327775837935 0.000044486947309190395
 15.67690757853389 0.000045935174961582514
 15.776487381229849 0.00004754981677169186
 15.87620823180498 0.000049276610890528336
 15.97592908238011 0.00005122055269381738
 16.07564993295524 0.000053379131101011474
 16.175511831409544 0.000055722701058586494
 16.27551477774302 0.00005841833203941512
 16.375517724076495 0.0000615853928094503
 16.4753796225308 0.00006516869147865874
 16.57552361674345 0.00006942911209186738
 16.675526563076925 0.00007457787070171055
