 0.0023070670332399406 0.18328028669312016
 0.0032484108766851925 0.21868463809086003
 0.00420080914736722 0.24955570430781482
 0.005164423223785829 0.276857547527977
 0.006139368376298025 0.3009401148757971
 0.0071257714022965124 0.32197765543226853
 0.0081237706262097 0.34012327257121266
 0.009133504372465991 0.35555324811323563
 0.010155122492529492 0.36847247353712637
 0.011188728729721509 0.37910735031525894
 0.012234449881434748 0.38769544760361874
 0.013292516488383215 0.39447538265446036
 0.014363032293888217 0.3996788037329883
 0.01544611256830676 0.403525206157554
 0.016541872581995846 0.4062189886342307
 0.017650658146026493 0.4079478167064266
 0.0187723539900417 0.4088817515641308
 0.019907190654755463 0.40917262675798294
 0.021055398680881805 0.4089536141197852
 0.02221709333877773 0.4083386520487296
 0.023392505169157238 0.4074225684196519
 0.02458163417202034 0.4062825657296931
 0.025784710888081038 0.4049809616650011
 0.027001965858053346 0.40356857409577035
 0.028233514352294268 0.40208776334214263
 0.02947947164116081 0.4005746057149174
 0.030740068265366984 0.3990600747923624
 0.03201553476562679 0.39757076990808543
 0.033305871141940245 0.3961290662868574
 0.03461142320537834 0.3947536754293033
 0.0359321909559411 0.3934594423803639
 0.03726863547505654 0.3922574506327934
 0.03862064149236763 0.39115526269193185
 0.03998843954858841 0.3901578773589261
 0.04137237545478988 0.3892681836134998
 0.04277256448132905 0.3884866237481641
 0.04418912189856292 0.38781148812326005
 0.04562239351756251 0.38723979085315624
 0.04707237933832783 0.38676918175303393
 0.04853930990157286 0.38639889199138366
 0.05002353101836865 0.38612844415554437
 0.05152515795907218 0.3859566564598634
 0.053044305994040454 0.3858813782571286
 0.05458132093434451 0.38589922703348745
 0.05613631805034133 0.38600582267542305
 0.05770952788274493 0.38619697815784004
 0.05930118097226932 0.3864693788591396
 0.06091150785962853 0.3867597002811915
 0.06254062381517954 0.38724601950942567
 0.06418887464999337 0.3877415034217302
 0.06585637563442702 0.3882999734861012
 0.06754347257955151 0.3889160976342481
 0.06925028075572387 0.38958755324041366
 0.07097703070365807 0.39031346156952473
 0.07272395296406814 0.39109223225351747
 0.07449139334802508 0.3919209762925333
 0.07627958239624294 0.3927963880263339
 0.07808863537907867 0.3937165421273306
 0.07991878283724632 0.39468218771526964
 0.0817703705818169 0.39569695877192046
 0.08364362915350439 0.3967666829424076
 0.08553878909302283 0.39789624947775387
 0.08745608094108621 0.3990843303284659
 0.08939585050876557 0.40032118026202573
 0.0913582130664179 0.4015924728014481
 0.09334351442511422 0.4028850337706428
 0.09535210039592552 0.4041899872213961
 0.09738408624920886 0.40550202615684927
 0.09943981779603518 0.406817725503754
 0.10151952557711856 0.40813690418928894
 0.10362355540352998 0.4094615769923602
 0.10575213781598344 0.4107942681458838
 0.10790561862555 0.41214052210449886
 0.11008411310258662 0.41350870940891477
 0.11228808232852132 0.4149033877834207
 0.11451787211442513 0.41632070609168154
 0.11677348246029806 0.41775165187728686
 0.11905583552899614 0.41918921036384427
 0.12136470077980537 0.42063167436782967
 0.1237000782127257 0.4220813206689193
 0.12606312053132726 0.42353863942115744
 0.12845267503203994 0.4249988669521354
 0.13087104712200387 0.42645681543839237
 0.133317084097649 0.42791144930134867
 0.13579193866254535 0.42936232861644047
 0.13829561081669292 0.43080667890005614
 0.1408292532636618 0.4322460386528888
 0.14339171329988193 0.4336912016421266
 0.14598299092535327 0.4351521446238417
 0.14860539154721597 0.4366253279439795
 0.15125891516547 0.4380983622814771
 0.1539424090765453 0.4395633197363815
 0.156657025984012 0.4410212844221283
 0.15940391859143999 0.44248049603423556
 0.16218193419525936 0.44395215936878135
 0.1649933782026102 0.4454455120766558
 0.1678370979099224 0.44696249573977254
 0.170713093317196 0.4484951156072371
 0.173622517128001 0.45003442924636405
 0.17656652204590753 0.45155902729763037
 0.1795439553673455 0.4530518705908977
 0.18255712249945494 0.45450157919414763
 0.18560487073866594 0.4559121338108851
 0.1886872000849784 0.457295024864663
 0.1918052632419624 0.4586564133297389
 0.19496021291318794 0.45999947496392524
 0.1981520490986551 0.46132131427834705
 0.20137961909479382 0.4626128127123453
 0.20464638101231422 0.46386716247581594
 0.2079488767405061 0.46508017209612706
 0.21129171709364974 0.46625031889713725
 0.214671443961035 0.4673815044637281
 0.21809151545337196 0.4684783400751986
 0.22155077886709063 0.46953266041653774
 0.225050386905761 0.47053255049902637
 0.22859033956938313 0.4714838495290269
 0.232170636857957 0.4724108323343899
 0.23579358417862267 0.47332409899601297
 0.2394568761242401 0.47422105318653834
 0.24316397080551938 0.4751161612099056
 0.24691256281532048 0.47603273826565184
 0.25070611026435347 0.4769678619569572
 0.25454230774547837 0.47789971759637834
 0.25842230796226506 0.4788243125326953
 0.2623484163218538 0.4797578276193754
 0.26631948012067447 0.48070276647648713
 0.270335499358727 0.4816345116984233
 0.27439877944315166 0.48252882671135794
 0.2785081676703782 0.48338511928770145
 0.2826659694475469 0.48421035669599405
 0.2868710320710876 0.4849974578661888
 0.29112450824457037 0.4857335680646539
 0.29542639796799525 0.48641466743060185
 0.2997790066485023 0.4870476997568815
 0.3041800288789514 0.4876312764476991
 0.3086329227700528 0.48816517429888506
 0.31313768832180633 0.48866387903124336
 0.31769317283064213 0.48913396307725016
 0.3223005290001301 0.48957782004385686
 0.3269620622374104 0.4899702368258163
 0.331676619838913 0.49026280287073076
 0.33644535450820795 0.49043746651141185
 0.3412682662452952 0.4905123926183038
 0.3461476604573149 0.49050671195117507
 0.35108238444069695 0.49043912299916465
 0.3560735908990114 0.4903330864491605
 0.36112127983225834 0.4902230063921964
 0.3662277566475778 0.4902038326595114
 0.3713930213449697 0.4901721231950318
 0.3766159212208641 0.49024058164405643
 0.38189991438597126 0.49034160434599955
 0.3872438481367209 0.4904827787903079
 0.3926488751766831 0.490679576087393
 0.39811614820942814 0.49090272994634343
 0.4036456672349557 0.4910915597721505
 0.40923743225326603 0.49122100802214175
 0.4148937486714991 0.4912687472389691
 0.42061576919322496 0.4911991774724936
 0.4264011884113036 0.4910090507496039
 0.4322534644364451 0.49075468909068576
 0.43817259726864943 0.490502956350512
 0.44415858690791665 0.4902808496665722
 0.4502125860578168 0.49004178690818745
 0.45633574742191996 0.48972993942329146
 0.46252922370379607 0.4893559195580678
 0.46879186219987523 0.48896073875446816
 0.4751259683172974 0.4885470342070073
 0.48153269475963273 0.4881536489148981
 0.48801204152688116 0.4878272587502258
 0.4945640086190427 0.487565228165443
 0.5011920541468275 0.4873441300472951
 0.5078938727030955 0.4871039846553785
 0.5146717696949867 0.48686418805063086
 0.5215257451225013 0.4866736891496481
 0.5284581043927792 0.4865016666531738
 0.5354688475058206 0.48631842970825434
 0.5425591271651953 0.48609646292336384
 0.5497300960744733 0.485819942448237
 0.556980601530085 0.4854850852887979
 0.5643141016427401 0.4850757829801896
 0.5717294437088687 0.4846573075060852
 0.579228933135611 0.48433924585176535
 0.5868125699229669 0.4840984635293605
 0.5944815067745065 0.4838249987625499
 0.6022368963937997 0.4835241653591971
 0.6100798914844168 0.48320074027074555
 0.6180104920463576 0.4828210349634917
 0.6260310034867622 0.48239185221410924
 0.6341414258056307 0.481997022293039
 0.6423417590029631 0.48169983308175873
 0.6506354611894696 0.48143093305780926
 0.6590213796615799 0.48101160050924496
 0.6675018198264343 0.48034866829897
 0.6760767816840328 0.4795803065459819
 0.6847474179379455 0.4787921596786762
 0.6935148812917422 0.47796387761417414
 0.7023803244489931 0.4770099179672838
 0.7113449001132683 0.47569453909197396
 0.7204097609881379 0.474491189322005
 0.7295760597771719 0.47335988719737404
 0.7388437964803701 0.4722363152452598
 0.7482141238013027 0.4708798743002673
 0.7576893471471099 0.4692785809755671
 0.7672706192213616 0.4676528091873333
 0.7769567873204879 0.46600431535882886
 0.7867513095551988 0.4642734641581411
 0.7966553386290645 0.4625493174577449
 0.8066677218385147 0.46082768360024334
 0.8167919172942597 0.4591596195251008
 0.8270279249962995 0.4574666843515458
 0.8373768976482043 0.4556230798591677
 0.847839987953544 0.45375539790868563
 0.8584183486158884 0.45199677300117347
 0.8691142850423782 0.4503471602738096
 0.8799277972330128 0.44875991050228864
 0.8908600378913627 0.4473181605002488
 0.9019133124245676 0.44607957509751406
 0.9130876208326277 0.4450955565589564
 0.9243841158191133 0.44447507211519105
 0.9358051027911641 0.4440564445528196
 0.9473517344523502 0.4435063676588603
 0.9590240108026719 0.4427305053205378
 0.9708242372492689 0.44161840067215075
 0.9827535664957114 0.4400194695812331
 0.9948131512455697 0.43806335850023936
 1.0070052969059837 0.4361974520984594
 1.0193288507733833 0.43458994023818814
 1.0317872709584786 0.4332332077146482
 1.0443817101648398 0.43198497537455616
 1.057112168392467 0.43046780853358874
 1.0699821037520698 0.4285180068791404
 1.082990363540079 0.4265624295843792
 1.096140405867204 0.42434364686234394
 1.1094333834370154 0.421328664289824
 1.1228692962495128 0.41807645857944786
 1.1364504497118362 0.41525881951499855
 1.1501779965275563 0.4120120847240417
 1.1640577002145227 0.40755815464895173
 1.178074575626325 0.40250003166730536
 1.1922528295379342 0.39625277075616805
 1.20658093491365 0.38847987455476307
 1.2210704187891726 0.38035232163219496
 1.2356982270931012 0.37197748488708193
 1.250498940932537 0.3633071275460786
 1.2654495062360798 0.3548291928909814
 1.2805614500394291 0.34698866856605326
 1.2958347723425854 0.3400307735667068
 1.3112694731455488 0.3148273407623649
 1.326865552448319 0.32647367368612956
 1.3426345372865964 0.31998193668929525
 1.3585764276603818 0.3128442961509144
 1.3746681694982732 0.3051179289974709
 1.3909443439073725 0.29685342099046647
 1.4073934238519794 0.2883938524534974
 1.4240154093320936 0.27885018242429915
 1.4407987733120151 0.2677758572171342
 1.4577780968988445 0.25402544852700953
 1.4749187989854813 0.23774155834635993
 1.492255460679026 0.22302408709131422
 1.5097650279080788 0.21053066059781958
 1.5274590277083389 0.1983027070558735
 1.545337460079807 0.18779605742279668
 1.5634003250224835 0.18061819129517642
 1.581659149572068 0.17537747074313942
 1.6001024066928606 0.17008507274937462
