 0.0008439903098742975 0.27631566854275524
 0.002541893316495119 0.3185505751048211
 0.0042597730548153655 0.35094265955131526
 0.005997872157203856 0.3786626244938184
 0.0077563821755307115 0.40194295057026214
 0.009535601079371672 0.42091022319273336
 0.011335741704137986 0.4359232880098332
 0.013157038168782016 0.44747915847019837
 0.014999745875797265 0.4560962610076662
 0.016864120227677217 0.4622484909861734
 0.0187504379104565 0.46634503963909557
 0.020658890476005224 0.46873470930929123
 0.022589712043275766 0.46971784140695466
 0.024543328283090613 0.46955695610463666
 0.02651993074731988 0.4684828179787518
 0.028519732271374824 0.4666973575500659
 0.030542945690666675 0.46437522633763
 0.03259020951142917 0.4616650529547346
 0.03466131089825108 0.45869140851560175
 0.03675667552195488 0.45555802914949567
 0.038876729053363056 0.45235067654822486
 0.04102168432788686 0.4491394892482654
 0.04319196701634878 0.44598119624693006
 0.04538757711874882 0.4429211561806927
 0.04760894030590947 0.4399957560518959
 0.0498564822486532 0.4372335210018755
 0.052130415782391276 0.43465501381529426
 0.05443095374253494 0.4322737201662806
 0.056758521799906675 0.43009736393539016
 0.05911354562532897 0.42812934113291795
 0.061496025218801834 0.4263694476320554
 0.06390659908655899 0.4248138264317679
 0.06634526722860044 0.4234546919989938
 0.06881288098657118 0.4222815608482249
 0.07130922752505993 0.4212844994500734
 0.07383473251488921 0.420456413709114
 0.07639003446229274 0.4197926685074604
 0.07897534620268178 0.4192890126723951
 0.08159088057146754 0.41894058073437135
 0.0842372760748838 0.41874234763692775
 0.08691453271293054 0.41869064858948546
 0.08962307615643023 0.41878324807106426
 0.09236354491161664 0.4190180356542298
 0.09513615181390098 0.41939192929596497
 0.0979411096986945 0.4199026928807923
 0.10077905707223096 0.4205507054759965
 0.10365020676992161 0.4213364382898076
 0.10655498446258888 0.4222576210226169
 0.1094938158210553 0.4233083269473332
 0.11246712651614338 0.424401053019216
 0.11547512938326433 0.4257628329941816
 0.11851846292865191 0.4271468798186804
 0.12159733998771732 0.42862131515589585
 0.12471239906669435 0.43017436893958044
 0.1278638530009942 0.4317962554244629
 0.1310521274614394 0.433479540669926
 0.1342776481188524 0.4352165037668445
 0.13754105347946696 0.43699854165276886
 0.14084276921410557 0.4388150129689359
 0.14418300815817944 0.4406544547447952
 0.1475621959825111 0.44251018699383093
 0.15098097119333428 0.44438064652021914
 0.15443975946147145 0.44626389161467583
 0.1579389864577451 0.44815408722304395
 0.16147907785297771 0.4500453760614228
 0.16506067215340306 0.4519337323189664
 0.16868398219443237 0.4538163462989295
 0.17234964648229936 0.45568722686027785
 0.17605830352323776 0.457531854832682
 0.17981016615265885 0.4593359016502143
 0.1836058728767963 0.46108988063699724
 0.1874458493664727 0.4627895302029742
 0.1913307341279217 0.4644362020673218
 0.19526095283196582 0.4660324544788785
 0.1992371439848388 0.4675783732117549
 0.20325952042195186 0.46906918758667
 0.20732893348494996 0.47049753645827896
 0.2114460216800669 0.47185447787336315
 0.21561078500730263 0.47313050973442894
 0.21982492614994717 0.4743248675304684
 0.22408801943717796 0.47544879826718445
 0.22840006486899497 0.4765189544872371
 0.23276319079951077 0.47754824636315696
 0.23717526887461285 0.47853980064851614
 0.24164055580252605 0.4794946409774318
 0.246156923229138 0.48041383771640944
 0.25072649950856113 0.4812945064851837
 0.25534928464079537 0.4821341511758171
 0.2600274069799533 0.48293371499368043
 0.26475873817192236 0.4836932378103508
 0.26954327821670254 0.48440698179492586
 0.27438528382251887 0.4850701563522182
 0.2792847549893712 0.48568522883186166
 0.28423956336314715 0.48624894981524
 0.2892518372979592 0.4867625537780568
 0.2943237051479197 0.487230909885766
 0.2994530385589163 0.4876500620585511
 0.3046440942391739 0.4880128592076859
 0.30989474383458 0.48831253689548565
 0.3152049873451345 0.48852003847209197
 0.32057695312495005 0.48868878474163474
 0.326012769528139 0.4887645127828388
 0.33151030820058885 0.48877145283931345
 0.3370738258505246 0.48869964684867184
 0.3427011941238337 0.48853085795059814
 0.34839241302051627 0.4882506221530494
 0.35414961089468466 0.48786142778512565
 0.3599749161004513 0.4873794755880886
 0.36586832863781626 0.4868248881250141
 0.37182772015266713 0.48621152165792714
 0.37785947570734113 0.4855495837388181
 0.38395721023950097 0.48485390655203103
 0.39012943716559645 0.4841372774056971
 0.3963697714232902 0.483403748095912
 0.40268459807491963 0.48263925298408217
 0.4090717887663723 0.4818301153645872
 0.41553347185176054 0.4809812722906619
 0.4220696473310844 0.48011086904435285
 0.4286803152043439 0.47922843100199064
 0.435369732179764 0.47833273771526796
 0.44213364154911966 0.47739895407919003
 0.4489784283747483 0.4763950687526292
 0.45589983594842504 0.4753100601210525
 0.4629042493324872 0.47416272041870144
 0.4699874118187099 0.47297489211770577
 0.47715145176120555 0.47174839713478844
 0.48440062586819904 0.4704765394702977
 0.49173280578557804 0.4691553075688642
 0.4991479915133424 0.467790497443913
 0.5066504397597171 0.46640048206182566
 0.5142380221705897 0.4649964700043647
 0.521914995454185 0.46357672319936927
 0.5296792312563906 0.46212752296400894
 0.537532857931319 0.46062240270575616
 0.5454758754789701 0.45904136369807597
 0.553512540607569 0.45736650355647485
 0.5616385966088906 0.4555940539678182
 0.5698604285452723 0.45373557749161636
 0.5781780364167141 0.4517774110105052
 0.5865892918691036 0.44967612954014985
 0.595096323256553 0.44739522292913797
 0.6037033872872876 0.44489906976524257
 0.6124083556071946 0.4421655938182847
 0.6212133565703868 0.43921921132443154
 0.6301183901768639 0.4361129336409641
 0.6391277131348508 0.43289720102219176
 0.6482391970902353 0.4295880422927166
 0.6574549703971295 0.4261925917875959
 0.6667750330555338 0.42272573802466623
 0.6762036417736728 0.41935856831019164
 0.6857407965515465 0.41559128374523135
 0.6953843690350425 0.41194782680891434
 0.7051407442864984 0.4083373738698634
 0.7150077939518014 0.4048135242466082
 0.724987646385064 0.4014236740264948
 0.7350824299403989 0.3981790762688712
 0.7452921446178058 0.39507375730126665
 0.7556167904172848 0.3920158157292309
 0.7660606240470609 0.3888452263649833
 0.7766257738612464 0.3854468696872618
 0.7873079831516164 0.3818081399630601
 0.7981136369805085 0.3779013038553137
 0.8090427353479224 0.37367002010455547
 0.8200952782538582 0.3691518516078756
 0.8312733940524283 0.36447078330536054
 0.8425792110977454 0.3596431856200695
 0.8540148577439215 0.3545527822884049
 0.8655782056368446 0.3490320799819752
 0.8772735114847394 0.3429439584154765
 0.8891029036417182 0.3362878966629867
 0.9010663821077812 0.32912842425778677
 0.9131639468829283 0.32155302505467465
 0.9254019830294972 0.3136094461442542
 0.9377762338392623 0.305318547056268
 0.950290956020449 0.2966404382940893
 0.9629461495730572 0.28761857299132454
 0.9757460712053119 0.2783918951692257
 0.9886907209172129 0.26902885234283613
 1.0017822270628727 0.25944691975842454
 1.0150227179964035 0.24957845984301683
 1.0284100653636936 0.23961618622404565
 1.0419506542270796 0.22985176265075402
 1.0556423562324493 0.22041276767825826
 1.0694894280880276 0.21120498974433727
 1.0834918697938147 0.2021794528222747
 1.0976518097039227 0.19323472445567388
 1.1119713761724643 0.18392854284823634
 1.1264526975535518 0.17386282155933383
 1.1410957738471852 0.16296494654439064
 1.1559048617615895 0.15137533779870918
 1.1708799612967644 0.1395040141080673
 1.1860210724527105 0.12784936748434209
 1.2013345802917648 0.11665996165915511
 1.2168183564598147 0.10604386060229722
 1.2324766576650852 0.09605515766420548
 1.2483094839075763 0.08671027441675906
 1.2643189635414005 0.07806900338267288
 1.2805072249206704 0.07021800013320914
 1.296876396399498 0.06309218325333917
 1.3134286063319962 0.05708815166411311
 1.3301659830722772 0.0505467538055691
 1.3470906549744537 0.04514166102672767
 1.3642026220385253 0.04001510216021727
 1.3815040126186044 0.03470990640404909
 1.3989990834229167 0.028862611994218933
 1.4166899628055738 0.022354881464183553
 1.4345745224124637 0.015433330401272654
 1.4526591473059234 0.008614702141608602
 1.4709459658400657 0.00224336957568879
 1.4894328496607778 -0.0036480423417272717
 1.5081261838303974 -0.009167345985986152
 1.5270259683489242 -0.014573548386712029
 1.546134331570471 -0.020000432506959893
 1.5654534018491497 -0.025475989023493708
 1.5849853075390732 -0.03147075967313693
 1.6047343053484666 -0.03839760303866185
 1.6247003952773291 -0.0458665490480358
 1.6448857056797739 -0.05331531322788962
 1.6652944932640255 -0.06110852554248335
 1.6859267580300838 -0.07053163250355315
 1.706784628332062 -0.08155002113514702
 1.727872360878184 -0.09080448071969299
 1.7491920840225628 -0.09468391571977754
 1.7707437977651983 -0.09176303323555435
 1.7925317588143155 -0.08933035764928432
 1.8145580955240264 -0.08456257899656268
 1.836824936248444 -0.0798011784213767
 1.859336537695793 -0.07483871981714621
 1.882090771511961 -0.06891049504680512
 1.9050940227592852 -0.061255376080057086
 1.9283484197918779 -0.05237849316783133
 1.9518539626097398 -0.04423523373041908
 1.9756170362752072 -0.038213635874848745
 1.9996355124341685 -0.03340794199253596
 2.023915776148961 -0.028069861003046915
 2.0484599557736964 -0.021106125153313438
 2.0732680513083754 -0.011540236138966039
 2.0983443194612224 0.0011258956944616633
 2.1236908885863506 0.01587336134771166
 2.1493184004543218 0.030028080176007468
 2.1751991864616738 0.040974784181432286
 2.2013779420447683 0.048721510480631884
 2.2278333836624813 0.054180293650036
 2.2545867948559364 0.05616130998295998
 2.2815956085428852 0.05376854368690491
 2.3089236753467013 0.04865698930225427
 2.3365284281851353 0.04223260758059242
 2.3644311505993114 0.03466018194064066
 2.3926318425892306 0.027125798685012917
 2.4211305041548923 0.016575981764135918
 2.4499271352962966 0.01268146125487092
 2.4790430195545676 0.004229526467622792
 2.508478156929706 -0.0036036220420007973
 2.538189980339462 -0.008283591126721782
 2.5682423404072097 -0.008322984860705443
 2.5986139535918245 -0.006794655773071364
 2.629304819893306 -0.0052710352915936835
 2.6602936557705306 -0.00003694983976982544
 2.6916443118468703 0.005989813041909432
 2.7232929374989534 0.012091223977324806
 2.7553033833501517 0.017660555018527892
 2.787633082318218 0.020236167008277788
 2.8203033179442745 0.017940576567752737
 2.853314090228323 0.010465605079355792
 2.8866653991703637 -0.0012718399516125534
 2.92037852831152 -0.01490372673639662
 2.9544321941106673 -0.026936248878022026
 2.9888476801089308 -0.03340349676833843
 3.0236249863063103 -0.03627194875478533
 3.058742829161681 -0.04237906822408699
 3.0942437757572927 -0.05281368285162094
 3.130085259010895 -0.0639252778829334
 3.166331129545863 -0.073970844118956
 3.202917536738822 -0.07297028027905099
 3.239908331213146 -0.07235974474170544
 3.277260945886586 -0.06446310202459397
 3.314996664300266 -0.061284549098315655
 3.353136769995311 -0.06277459465459007
 3.3916386958894726 -0.063514325997652
 3.4305450090649985 -0.05813356536978673
 3.46985570952189 -0.05260079268105462
 3.5095495137190214 -0.035817667345697725
 3.549668988738642 -0.022634544272476742
 3.590171567498503 -0.017192289424619898
 3.6310998170808535 -0.021404039899358372
 3.6724324539445687 -0.030962789357882613
 3.714169478089649 -0.03765400585969875
 3.756353456598343 -0.034511058226987475
 3.798941822388402 -0.03155104176715476
 3.8419558590009504 -0.025667465665393824
 3.8853955664359874 -0.024142653390646456
 3.929282228234639 -0.020861837775337597
 3.97359456085578 -0.016913294827756345
 4.018353847840534 -0.015458548920214532
 4.063560089188903 -0.012712999072794095
 4.109213284900885 -0.012193203797190903
 4.155313434976481 -0.014876875996881379
 4.201860539415691 -0.015333827586672916
 4.248854598218514 -0.01581033598352979
 4.296338178467201 -0.015953332539078963
 4.344268713079501 -0.03389300506004924
 4.392667485596539 -0.05313189976684484
 4.441534496018316 -0.07743854643875146
 4.490869744344831 -0.08384287710916456
 4.540694514117209 -0.08697565364716554
 4.591008805335449 -0.08974350394816637
 4.6417913344584285 -0.09658775794596074
 4.693063385027269 -0.10060189971708305
 4.744846240583098 -0.10559259608483927
 4.797097334043666 -0.10405345110543704
 4.849880516032344 -0.10288520447419305
 4.903131935925761 -0.09304810626177164
 4.956915444347289 -0.08429395407814147
 5.011188474214681 -0.07827180478027082
 5.06597230906906 -0.07272540910835365
 5.121288232451549 -0.059916740031178944
 5.177114960821027 -0.04093449939158173
 5.233473777718617 -0.024962578161964823
 5.290343399603193 -0.025498247086699306
 5.347766393557006 -0.03682585904348384
 5.405700192497806 -0.05360520700971324
 5.464187363507841 -0.06212829272532907
 5.523206623045989 -0.055972601357962344
 5.5827579711122475 -0.04998025238171973
 5.642862691247743 -0.031213482806721947
 5.7035420669936 -0.023292618372168207
 5.7647535312675675 -0.014605092282744791
 5.82651836761077 -0.012905838944759971
 5.888836576023211 -0.023986681718682224
 5.9517294400460115 -0.02713107389782891
 6.015196959679172 -0.029248262479440634
 6.07921785138157 -0.031081715255010134
 6.143834682235452 -0.04119356723895732
 6.209004885158571 -0.04102260812904319
 6.274771027233175 -0.04028781111100568
 6.341111824918139 -0.012497547590452844
 6.4080272782134635 -0.019351984608579037
 6.475559954201399 -0.01726781657373975
 6.543667285799693 -0.015793035235777582
 6.612370556549474 -0.0018689777160704442
 6.681669766450739 -0.01833378752423027
 6.751564915503489 -0.0189512433439602
 6.82207728724885 -0.018981185266573716
 6.893185598145694 0.004141663323819645
 6.964911131735148 0.026254210537187884
 7.037253888017213 0.01584967792777898
 7.110192583450761 -0.03878111927115584
 7.183769785118045 -0.10128746825306738
 7.2579642094779375 -0.16603241659594808
 7.33277585653044 -0.2091112817440958
 7.408226009816676 -0.21256556972822788
 7.484293385795522 -0.22891898590479748
 7.5609779844669776 -0.17139709265944975
 7.638322372913291 -0.133344068518967
 7.716305267593339 -0.07839611315983336
 7.794905384965996 -0.013805472962573723
 7.874165292113513 -0.00478718136754233
 7.954063705494763 -0.00890331283972434
 8.034600625109746 0.010943343791653574
 8.115797334499588 0.05432479512996143
 8.197632550123165 0.13405447774125445
 8.2801275555216 0.18238840965363068
 8.363261067153768 0.206051462278278
 8.44707565210192 0.22031713036579714
 8.531528743283808 0.23148875354721257
 8.616662907781675 0.2412510206905864
 8.702456862054403 0.2500737262036009
 8.788889322560864 0.25815673286661217
 8.876002856383309 0.2656268310947962
 8.963797463521736 0.2725808569289434
 9.052251860435021 0.27909803445844517
 9.141366047123165 0.28524450679278435
 9.231161307127294 0.29107524508265104
 9.321637640447403 0.2966352684461303
 9.412773763542372 0.3019607838887861
 9.504590959953324 0.3070802483593947
 9.597089229680257 0.31201554188095965
 9.69024728918205 0.3167831018760597
 9.78410770554095 0.32139494798417645
 9.87862791167471 0.3258596290105978
 9.973850474665577 0.3301830291382036
 10.069732827431302 0.3343690487448932
 10.166296253513009 0.33842011521602955
 10.263562036451823 0.34233764652370907
 10.361487609165499 0.3461224367923726
 10.460115538736279 0.34977486145696024
 10.559424541623043 0.3532951189628403
 10.659414617825789 0.3566833694254538
 10.760085767344519 0.3599399016799409
 10.861437990179233 0.36306510314942236
 10.963471286329929 0.36605965656588757
 11.066206939337732 0.36892437155935853
 11.169602382120395 0.37166046399958647
 11.273700181760162 0.37426929774738543
 11.37845777117479 0.37675257335194473
 11.483917717446527 0.37911220665122947
 11.59003745349312 0.38135037340367894
 11.69685954639682 0.38346944924772347
 11.804341429075379 0.3854720342182723
 11.912525668611046 0.3978131733041138
 12.021369697921571 0.38913883248166053
 12.130894800548079 0.39080897876697557
 12.241079692949446 0.3923744622565441
 12.351966942207921 0.3938384674194951
 12.46349269770013 0.3952042897187371
 12.575720810049445 0.3964752453618343
 12.688587428632493 0.39765466928771037
 12.802135120531528 0.3987459506450869
 12.916363885746543 0.3997524026426561
 13.031231157195291 0.4006773365904393
