 0. 0.
 0.0006388937656045964 0.11980824615382267
 0.0019241924625682002 0.3590034781261093
 0.003224613382133885 0.5989916970473793
 0.004540340195021513 0.8374285561602782
 0.0058715179044309795 1.070599792581075
 0.007218372070895446 1.2943524107520432
 0.008581063809081461 1.5049190508921446
 0.009959770345122226 1.699379370574939
 0.011354685016617598 1.875799817875078
 0.012766001161167433 2.0331895810518157
 0.01419392822783824 2.171371473591537
 0.01563861121982991 2.2908184852354765
 0.01710022736327565 2.392483770696139
 0.018579098887508548 2.4776407363983934
 0.0200753707957285 2.547743471454329
 0.02158920420260205 2.604314993194649
 0.023120760222795744 2.6488645135237343
 0.024670522200309228 2.682832387347024
 0.026238329020475952 2.7075585666177977
 0.027824502912629005 2.724268630261365
 0.029429366106101487 2.734067503647391
 0.03105307971555994 2.7379388112114595
 0.032695965970337464 2.7367496645126383
 0.03435802487043405 2.731259094384856
 0.0360395786451828 2.722128060604152
 0.0377409495239168 2.7099308942436857
 0.039462298621302606 2.6951649937479623
 0.04120378705200675 2.678262706844324
 0.04296573704536235 2.659601011962309
 0.04474847083070248 2.6395094506656687
 0.046551988408027135 2.618274690432278
 0.048376773121335974 2.596143144808524
 0.050222824970628986 2.5733256711152834
 0.05209078841457236 2.550003370877655
 0.05398050233849955 2.5263363336386226
 0.05589228897174365 2.5024665206652528
 0.057826631658304296 2.4785151127211686
 0.059783691512848035 2.4545816686819943
 0.061763629650041424 2.4307450647279545
 0.0637669294138841 2.4070677059054386
 0.06579359080437605 2.3836040307277826
 0.06784393605085037 2.3604064030206
 0.06991844849730673 2.337522297706789
 0.07201728925841164 2.3149919105870627
 0.07414061944883166 2.2928492418782223
 0.07628892241256643 2.271124974466519
 0.07846235926428251 2.2498503449783898
 0.08066125223331296 2.2290500936594593
 0.0828859235489909 2.208731166559618
 0.08513669544064943 2.18888217040975
 0.08741372902295508 2.169487168150972
 0.0897175076399075 2.150543256566194
 0.09204819240617322 2.1320628050483332
 0.0944062666657519 2.114057902637422
 0.09679189153331008 2.0965280319801765
 0.09920538923818085 2.079465906505661
 0.10164708200969733 2.0628628966160574
 0.1041174531918591 2.0467108923135062
 0.10661682501399931 2.031003033393123
 0.10914535859078447 2.015728914131289
 0.11170337615154771 2.000874041547803
 0.11429136104028866 1.986420369197537
 0.11690963548634038 1.9723465971978869
 0.119558521719036 1.958625276253651
 0.12223834196770861 1.9452283471932552
 0.12494957957635783 1.9321384887664828
 0.1276923956596502 1.9193503481927097
 0.13046727356158544 1.9068677885346157
 0.13327469662616306 1.8946971407784086
 0.13611482596804972 1.8828429998864125
 0.138988144931245 1.8713074232164537
 0.14189497574508203 1.860084875561717
 0.14483580175356042 1.8491583947202466
 0.14781094518601326 1.8385140068737649
 0.15082088938644023 1.8281528023621816
 0.15386579546950782 1.8180798757703225
 0.15694630789388225 1.8082902637840144
 0.16006291000356318 1.7987716377138623
 0.16321560179855057 1.7895239391355875
 0.16640567219617683 1.78056199425444
 0.16963279896710887 1.7718986279637297
 0.17289698211134663 1.7635370929004197
 0.17619983277555562 1.7554623641501692
 0.1795397398130704 1.7476440297430238
 0.18291992551722186 1.7400532817282004
 0.18633877874134455 1.7326659926553647
 0.1897979106321039 1.7254611294983522
 0.1932973211895 1.7184242301285841
 0.19683862156019824 1.7115312834759615
 0.20042020059753315 1.704750145721927
 0.20404205830150476 1.698059943510659
 0.20770741696544404 1.691441087775896
 0.21141627658935092 1.6848800591148
 0.21516702602655996 1.6783686696019784
 0.21896127642373667 1.6718867819760093
 0.22280063892754642 1.6654171468695653
 0.22668350239132384 1.658955512818404
 0.23061308910839984 1.6524873876347634
 0.2345877879321089 1.6459914420441915
 0.2386075988624511 1.6394708104087057
 0.2426741330460918 1.632951535323128
 0.2467890016296966 1.6264545192168287
 0.2509505934665999 1.619996782665299
 0.2551621308501328 1.6136122359953164
 0.2594220026336297 1.6073284666588736
 0.2637302088170906 1.601132469155194
 0.268088360547181 1.594990024822036
 0.2724980689705664 1.5888803749893063
 0.2769593340872467 1.582777380504757
 0.2814705447505566 1.5766461089404726
 0.28603653440049237 1.570472316528186
 0.2906524695970576 1.5642674533725778
 0.2953247949269142 1.558034897756122
 0.3000486769500658 1.5517603690526456
 0.3048289491065088 1.545424946801313
 0.30966400024957774 1.5390080480431167
 0.314555441525938 1.5324992394655612
 0.3195032729355896 1.5259082123054946
 0.3245074944785326 1.5192406635072242
 0.32957132844809794 1.5124979532515737
 0.3346915525509546 1.505683394623805
 0.33987300022709904 1.4987973426434176
 0.3451124491832004 1.491856983615528
 0.3504147328592549 1.4848595734088879
 0.3557766289619318 1.477761019666185
 0.3611997486378964 1.4705053516756956
 0.36668731418047973 1.4630523154918271
 0.37223771444301634 1.4553833763363977
 0.3778509494255062 1.4475145348386727
 0.3835302414212802 1.4394964213633121
 0.38927397928367297 1.431385256775098
 0.3950853853060153 1.423191360379245
 0.40096284834164186 1.4149148228209367
 0.406907979537218 1.4065684764667878
 0.4129207788927439 1.3981628327354838
 0.4190044687015504 1.3897025915540457
 0.42515582667030644 1.381184668148908
 0.4313796862390086 1.3725809274798488
 0.43767604740765675 1.3638349393469398
 0.44404329902958556 1.3548862688697458
 0.45048305225146035 1.345680437339551
 0.4569985293666121 1.3362283435987319
 0.46358811922837545 1.3266007314298673
 0.4702534329834158 1.3168373109779292
 0.4769944706317331 1.306979419894122
 0.4838144544666583 1.2970115338259767
 0.490711773341526 1.286821843759622
 0.4976880384030016 1.2763545297199053
 0.5047432496510851 1.2656340326721476
 0.5118806293791075 1.2546828623264166
 0.5191001775870687 1.2435485608047425
 0.5264002831283033 1.2322296168428144
 0.5337857794428078 1.2206674228081886
 0.5412550553839166 1.2087928592181332
 0.548809722098295 1.1965691599480062
 0.5564513907326089 1.1839664743664988
 0.5641800612868579 1.170962097081286
 0.5719957337610423 1.1575441190599876
 0.5799016304484927 1.143691085542517
 0.5878993624958749 1.129399898515342
 0.5959857076098579 1.1147473986935938
 0.6041654992304379 1.0998091954021454
 0.6124387373576151 1.084537305505887
 0.6208054219913894 1.0689165014981477
 0.6292671642784263 1.0530488735854748
 0.6378255753653913 1.0369996103125503
 0.6464822663989498 1.0207394374569299
 0.6552356262324365 1.0042392390945223
 0.6640888771591821 0.9874961598814277
 0.673043630325852 0.9704466523866088
 0.6820998857324466 0.9530370838830445
 0.6912576433789656 0.935312758881513
 0.7005217367054055 0.917415590865762
 0.7098889434184353 0.8993944622631023
 0.719362485811386 0.8811790243818816
 0.7289423638842576 0.862705571729758
 0.738631799930381 0.8439505118758012
 0.7484307939497562 0.8250273705890204
 0.7583409570890487 0.8060790544788061
 0.7683639004949239 0.7871206053320766
 0.7784980130207164 0.768147440393771
 0.7887481281064225 0.7492576583999118
 0.799112634605377 0.730491354843165
 0.8095947548109105 0.7117974227024014
 0.8201944887230233 0.693089903572747
 0.8309134474883805 0.6742781007144584
 0.8417532422536479 0.6553188893629263
 0.8527154841654908 0.636175162041429
 0.8638001732239093 0.6166915364604451
 0.8750105317222343 0.5968376042906908
 0.8863465596604658 0.5768323999276023
 0.8978082570386038 0.5568548226623948
 0.9094004572966446 0.5369713210621394
 0.921121549287923 0.5172377156954302
 0.9329747553057696 0.4975646099052079
 0.9449600753501846 0.4777734881968406
 0.9570791205678334 0.45791624920970364
 0.9693335021053816 0.43820103582174835
 0.9817248311094945 0.4187905834389061
 0.9942547187268376 0.39973629343316747
 1.0069247761040765 0.38118970572137967
 1.0197366143878765 0.3633621086339562
 1.0326902335782375 0.3463168937402936
 1.0457872448218253 0.3300271486293395
 1.0590308704119706 0.31451513572755674
 1.0724227214953392 0.2998078926317967
 1.0859611869252652 0.285852036492785
 1.099651100141745 0.27259272276822843
 1.1134940722914444 0.2600861622509079
 1.1274884922276978 0.24839134314841343
 1.1416391933905015 0.2375442540476068
 1.1559461757798557 0.22760453549069748
 1.1704110505424257 0.21853305303863962
 1.1850354288248768 0.2102100501345828
 1.199820921773875 0.20256095948165537
 1.2147707516827508 0.19554030813389894
 1.2298849185515042 0.1891864006516342
 1.245165033526801 0.1835651418920966
 1.2606143189019716 0.1785729855742209
 1.2762327746770166 0.17404059982567646
 1.292022011998601 0.1700627639675538
 1.3079852531600562 0.16692916309599704
 1.3241241093080471 0.16477742381454638
 1.340438580442574 0.163467456141234
 1.3569318888569681 0.16270397587937335
 1.3736056456978942 0.16214102339041675
 1.3904614621120184 0.16149455143276825
 1.4075025603926714 0.16062979397877478
 1.424727329393188 0.15969948290287223
 1.4421406025535637 0.1591382545290278
 1.459743991020465 0.15921509704549985
 1.4775374947938915 0.15970681174421103
 1.4955259473138396 0.1602248901745915
 1.5137077374336438 0.1605942779041537
 1.5320876985933005 0.16079339701040848
 1.5506674419394753 0.16079412077556737
 1.569446967472168 0.16052374227796937
 1.5884294974847095 0.15985407336765647
 1.6076166431237657 0.1586851231384533
 1.6270164601226638 0.15715835143546658
 1.6466080035747521 0.15570685862479805
 1.666425107560006 0.15484457242300592
 1.686451660611771 0.154848906529382
 1.7067037741967013 0.15542111817674115
 1.7271492253814877 0.15581337395985873
 1.7478363485660944 0.15566902265561763
 1.7687329208172118 0.15535609350796037
 1.7898550536014946 0.15530706427303795
 1.8112027469189431 0.1555001540354136
 1.832776000769557 0.15561984815446586
 1.8545748151533366 0.15543339568547182
 1.876615301536936 0.1550473538180954
 1.8988974599203559 0.15478200696941555
 1.9213890673702865 0.15483522055882246
 1.9441384582866919 0.1549505079063358
 1.9671295212029174 0.15464388540261215
 1.9903622561189631 0.15407182645010264
 2.0138205515681746 0.15379399672634866
 2.037552741950515 0.15389989768288775
 2.0615104928660215 0.15418595427185464
 2.085742138714657 0.15476098718234788
 2.1102154565631133 0.1558465144667727
 2.134946557878044 0.1572411713161868
 2.1599354426594495 0.15875273212625812
 2.18518211090733 0.16029247960588083
 2.21070267408834 0.1615620196881287
 2.236481020735825 0.1621325165384411
 2.2625332623164396 0.16166290750447776
 2.2888593988301835 0.15998922791342157
 2.315443318810402 0.15705281272051805
 2.3423172451904053 0.15301510962202022
 2.369448955036883 0.14855318878767848
 2.3968867827498 0.14445005327879987
 2.4245823939291915 0.14135826051388703
 2.452584122975022 0.14038846429055682
 2.480859746953982 0.1418029211394679
 2.509425377332726 0.14445053730792348
 2.538297125577909 0.14762857028941234
 2.5674427687562216 0.1510172181778598
 2.596894529800973 0.15379175949079207
 2.6266524087121637 0.15525977940762534
 2.6567002940231386 0.15618802352165137
 2.6870704086672066 0.15748277443826694
 2.7177305297110586 0.15923453225802517
 2.7487128800880045 0.16051199884957706
 2.7800013483313895 0.16128295653838662
 2.811595934441213 0.162334893234576
 2.843528861350785 0.16382908937435167
 2.875767906126796 0.16563698996134102
 2.9083291802359 0.1671187349048764
 2.941212683678098 0.167942236482584
 2.974434527920044 0.1693563972592245
 3.007978601495084 0.17104027994895887
 3.0418610158698716 0.17146771617712037
 3.076081771044408 0.17082420045108127
 3.1106408670186925 0.16961407123627906
 3.145538303792725 0.16836906567491233
 3.180774081366506 0.16756317698138706
 3.216348199740035 0.16677062502692094
 3.252292881846622 0.1662934981802384
 3.288575904752957 0.16574509572073765
 3.3252133799256947 0.16490254475723407
 3.3622053073648357 0.1651629173067677
 3.3995516870703795 0.16792542798564072
 3.4372686305089806 0.17272765874459797
 3.47535613768064 0.17707928341405751
 3.5137980971187015 0.17924572309276993
 3.552610620289821 0.18014256731266098
 3.5918098186606526 0.18051918514009116
 3.6313634692978876 0.18016409940024572
 3.6713199066014885 0.178039803213591
 3.711630796171493 0.17592557423925692
 3.7523444724078647 0.17450672396364814
 3.7934287123772936 0.17342645188821335
 3.8348996275464353 0.17486935979727586
 3.8767733293819435 0.1791518292329882
 3.9190337064171636 0.18224301571249804
 3.9616968701187516 0.18248158913558013
 4.0047467090200515 0.18026092624086626
 4.048215446054373 0.17621793020897034
 4.092070858288406 0.1717931159717706
 4.1363451686554615 0.1687655614721937
 4.181022265688884 0.1661054325758922
 4.226102149388673 0.1637781042973185
 4.271600931221483 0.16359865134475343
 4.3175347226539715 0.16286478361381157
 4.363871300752825 0.15930836588538452
 4.4106267769847 0.15610569685932746
 4.4578011513495985 0.15394453606144454
 4.505410535314172 0.14980802419039896
 4.553454928878422 0.14699825386674853
 4.601918220575693 0.14401582922313097
 4.650832633339296 0.13984736486045266
 4.70016594423592 0.1371595855933278
 4.749950376198876 0.13718331074842124
 4.800169817761507 0.13979723813203807
 4.850824268923814 0.1418948318780404
 4.9019459526191085 0.14194635503143124
 4.953502645914078 0.14206213730815387
 5.005510460275379 0.14092228813100335
 5.057969395703011 0.1378381635185257
 5.110879452196973 0.13657133652809186
 5.164256741223922 0.13628806223001175
 5.218085151317201 0.136038862323283
 5.272380793943466 0.13079317941417726
 5.327143669102717 0.12121751729080868
 5.382357665328298 0.11179219907209914
 5.438055005553521 0.10316663810229713
 5.4942195783117285 0.09575397034148184
 5.550851383602922 0.08957465456453019
 5.607966532893756 0.08173097598968154
 5.665548914717575 0.0738254935481964
 5.72359852907438 0.0699659927606364
 5.782147598897479 0.0671624400699336
 5.84118001272022 0.06313427888875606
 5.900679659075946 0.059888681840239974
 5.960678760897967 0.057087535130225915
 6.021161206719629 0.053643691821367356
 6.08212699654093 0.04666209533766711
 6.143592241828527 0.037416203230287756
 6.205540831115764 0.02931473322291167
 6.267988875869297 0.023329649537695476
 6.330920264622469 0.01890681514563288
 6.394367220308591 0.015578939457639183
 6.458297519994354 0.01304913334603192
 6.522743386613066 0.011045533230945337
 6.5876887086980735 0.009413649294369164
 6.653117374782721 0.008067775395105557
 6.7190616078003185 0.0069446878101593786
 6.785521407750865 0.005997498275807336
 6.852480663167707 0.00519222369997137
 6.919939374050844 0.00450364836978667
 6.987913651866931 0.003912387239874364
 7.0564034966159666 0.0034030835114834813
 7.1253927968312984 0.002963296825373847
 7.19489766397958 0.0025827848379241757
 7.264918098060811 0.002253015294595833
 7.335437987608337 0.0019668188126212073
 7.406489555555466 0.0017181327821785464
 7.478040578968892 0.0015018050590865548
 7.550123280781921 0.0013134405460488534
 7.622705438061247 0.001149278357115968
 7.695803162273521 0.0010060922039082107
 7.769432564885399 0.0008811082886395117
 7.843561422963574 0.0007719374415895476
 7.918221959441351 0.0006765183746399779
 7.993398062852079 0.0005930699571954869
 8.069089733195757 0.0005200510597197
 8.145296970472383 0.0004561265223365627
 8.22201977468196 0.0004001382593299705
 8.299258145824487 0.00035108067986864584
 8.377028195366618 0.00030807967804754926
 8.455297700375045 0.0002703747454439904
 8.534098883783075 0.0002373035500273066
 8.6133995226574 0.00020828882143251006
 8.69323183993133 0.00018282696982322832
 8.773563612671554 0.00016047837000770468
 8.854427063811384 0.00014085895642204334
 8.935789970417508 0.00012363296804646304
 9.017684555423237 0.00010850669392377579
 9.10007859589526 0.00009522304437081227
 9.182988203300233 0.00008355687230913813
 9.2663972661715 0.00007331088787656981
 9.350338007442375 0.00006431213924687685
 9.434762092712887 0.000056408941642981585
 9.519717856383005 0.00004946820282940304
 9.605156964052762 0.00004337310513795911
 9.691111638655471 0.00003802108095133589
 9.777581880191129 0.000033322044323196945
 9.864535465726425 0.00002919685500947185
 9.951988506728018 0.000025575967362340536
 10.039941003195905 0.000022398260882782396
 10.128392955130087 0.00001961000460077584
 10.217344362530564 0.000017163960798821784
 10.306779113930682 0.00001501859516456038
 10.396713320797096 0.000013137384584818423
 10.487114760196494 0.00001148821251515069
 10.578015655062188 0.000010042835082705851
 10.669399893927523 0.000008776416214190458
 10.761267476792495 0.000007667116071249544
 10.853602292190455 0.000006695730541308702
 10.946420451588056 0.000005845376206965348
 11.039705843518643 0.0000051012100075508145
 11.133458467982212 0.000004450185324898269
 11.227678324978772 0.000003880835977122257
 11.322365414508315 0.000003383086811926047
 11.417519736570842 0.000002948086697254802
 11.513125179699703 0.000002568061394481931
 11.609165632428239 0.0000022361843209081012
 11.70567331768976 0.000001946462411052098
 11.802632124017613 0.000001693635988283064
 11.900025939945142 0.0000014730901540533891
 11.997854765472345 0.0000012807770392544096
 12.096118600599228 0.0000011131472962851094
 12.19483355679244 9.670896231714039E-7
 12.293951299652019 8.398777839451995E-7
 12.393504052111275 7.291236015442251E-7
 12.493475702703552 6.327359339249251E-7
 12.593850139962196 5.488844028900179E-7
 12.694643475353862 4.759674056121935E-7
 12.795839597411895 4.1258412756339766E-7
 12.89745461760295 3.5750982619595793E-7
 12.999440201527062 3.0967414125392405E-7
 13.101828572117542 2.6814200750857657E-7
 13.204603617907733 2.3209689254376468E-7
 13.307765338897635 2.0082606082144917E-7
 13.411297623620598 1.737076569165575E-7
 13.515200472076616 1.5019932624810386E-7
 13.619473884265693 1.2982826578143916E-7
 13.724101748721171 1.1218247305309251E-7
 13.829084065443055 9.690308838156967E-8
 13.93442083443134 8.367766569123914E-8
 14.040112055686027 7.223429426273282E-8
 14.14612550627381 6.233643717590257E-8
 14.252493409127993 5.377842166933386E-8
 14.359167429848616 4.638148240623194E-8
 14.466179791368988 3.999031314673684E-8
 14.573498270755799 3.447004265271112E-8
 14.681122868009048 2.9703595281240838E-8
 14.789053583128737 2.558938796354784E-8
 14.897274304648208 2.2039315203909452E-8
 15.005801144034121 1.8976992907193855E-8
 15.114601878353163 1.6336225123066913E-8
 15.223692619071986 1.405967089852463E-8
 15.333041143257287 1.209767738908959E-8
 15.442663562375717 1.0407267551419546E-8
 15.55254376496062 8.951257104210127E-9
 15.662665639545345 7.697485037512962E-9
 15.773045297596543 6.618148053260075E-9
 15.883650516180909 5.689216449129373E-9
 15.994497406765094 4.889932193762299E-9
 16.105569857882447 4.202368661438897E-9
 16.21683564659965 3.611050374345553E-9
 16.328326995850023 3.1026231081560206E-9
 16.439979459766942 2.665566585587381E-9
 16.551954153016954 2.289946662692149E-9
 16.664089960933513 1.9672005749131743E-9
 16.776225768850075 1.6899489184388071E-9
 16.888683806099728 1.4518353918622997E-9
 17.001302958015923 1.247387388121386E-9
 17.114083224598673 1.0718937738942567E-9
 17.227024605847966 9.213023712381261E-10
 17.33996598709726 7.921280616653328E-10
 17.453229597679645 6.813759699905767E-10
 17.56649320826203 5.864736048783677E-10
 17.68007904817751 5.052131550874398E-10
 17.793503773426448 4.357018875197086E-10
 17.90725072800847 3.763200977355773E-10
 18.0209976825905 3.256828095130042E-10
 18.134905751839074 2.8260926160796826E-10
 18.248813821087648 2.4609855698973135E-10
 18.36272189033622 2.1530349589836817E-10
 18.476791074251345 1.8951893789034977E-10
 18.59102137283301 1.6816355921047043E-10
 18.705251671414675 1.5077290604493997E-10
 18.819320855329796 1.369955417165602E-10
 18.933712268578013 1.2659088941330637E-10
 19.04794256715968 1.1943276277281848E-10
 19.162333980407894 1.1558032878202322E-10
 19.27656427898956 1.1502657067194562E-10
