 0.0006388937656045964 0.9998262164097614
 0.0019241924625682002 0.9987290615001102
 0.003224613382133885 0.9953628282898794
 0.004540340195021513 0.9882790547418211
 0.0058715179044309795 0.9762751498555211
 0.007218372070895446 0.9586285308152152
 0.008581063809081461 0.9351823124945936
 0.009959770345122226 0.906242905453769
 0.011354685016617598 0.8724981627818957
 0.012766001161167433 0.8348744634695053
 0.01419392822783824 0.7944257478726602
 0.01563861121982991 0.7522021511162049
 0.01710022736327565 0.7091291790303239
 0.018579098887508548 0.6660710895290372
 0.0200753707957285 0.623768933700538
 0.02158920420260205 0.582765784636411
 0.023120760222795744 0.5434111862840358
 0.024670522200309228 0.5060478848322584
 0.026238329020475952 0.470867217750688
 0.027824502912629005 0.437876519671427
 0.029429366106101487 0.4071200011567956
 0.03105307971555994 0.37856269482191085
 0.032695965970337464 0.35214622640183474
 0.03435802487043405 0.32776438473241193
 0.0360395786451828 0.305266308918394
 0.0377409495239168 0.2845424021602157
 0.039462298621302606 0.26547618459523775
 0.04120378705200675 0.24792915045920536
 0.04296573704536235 0.2317732262250428
 0.04474847083070248 0.21691905635636297
 0.046551988408027135 0.2032515474935221
 0.048376773121335974 0.19067470103723944
 0.050222824970628986 0.17909394574887474
 0.05209078841457236 0.1684371113066738
 0.05398050233849955 0.15864149749221965
 0.05589228897174365 0.14960860539192805
 0.057826631658304296 0.1412827622620702
 0.059783691512848035 0.1336177746695692
 0.061763629650041424 0.12654878085383944
 0.0637669294138841 0.12003098098971259
 0.06579359080437605 0.11401995688414115
 0.06784393605085037 0.10845580936687763
 0.06991844849730673 0.10330199560558767
 0.07201728925841164 0.09852821428516918
 0.07414061944883166 0.09409176893612055
 0.07628892241256643 0.08996224026575324
 0.07846235926428251 0.08611648817260964
 0.08066125223331296 0.08252868500721985
 0.0828859235489909 0.0791811756017478
 0.08513669544064943 0.0760601971567556
 0.08741372902295508 0.07314488232250954
 0.0897175076399075 0.0704155026847408
 0.09204819240617322 0.06785253679271575
 0.0944062666657519 0.06544135261909537
 0.09679189153331008 0.06317703450720318
 0.09920538923818085 0.06105458127132089
 0.10164708200969733 0.05906909478806313
 0.1041174531918591 0.057214005536192804
 0.10661682501399931 0.05548238808739898
 0.10914535859078447 0.053862588696660066
 0.11170337615154771 0.052339798679735886
 0.11429136104028866 0.050904483117225466
 0.11690963548634038 0.04955263017663885
 0.119558521719036 0.048281939492704165
 0.12223834196770861 0.047087514707722974
 0.12494957957635783 0.04596453088403478
 0.1276923956596502 0.04490611737283951
 0.13046727356158544 0.043902322746975406
 0.13327469662616306 0.04294767720068978
 0.13611482596804972 0.042035716595545745
 0.138988144931245 0.041163245792280874
 0.14189497574508203 0.04033207409461504
 0.14483580175356042 0.0395446304532115
 0.14781094518601326 0.03880042336588912
 0.15082088938644023 0.03809624652783365
 0.15386579546950782 0.037426436811162554
 0.15694630789388225 0.036787117150402504
 0.16006291000356318 0.03618113936731591
 0.16321560179855057 0.03560094838229763
 0.16640567219617683 0.03504400361691344
 0.16963279896710887 0.034514254211968125
 0.17289698211134663 0.03400362579857644
 0.17619983277555562 0.03352613733883929
 0.1795397398130704 0.033075720378411395
 0.18291992551722186 0.032647997154069346
 0.18633877874134455 0.03224278828067676
 0.1897979106321039 0.03184364771902932
 0.1932973211895 0.03144604162607463
 0.19683862156019824 0.031058452934343186
 0.20042020059753315 0.030691270992236223
 0.20404205830150476 0.030326401981391568
 0.20770741696544404 0.02996595012840272
 0.21141627658935092 0.029630303986395087
 0.21516702602655996 0.029313154657005694
 0.21896127642373667 0.029002047613847132
 0.22280063892754642 0.02870705842668176
 0.22668350239132384 0.02841870706986157
 0.23061308910839984 0.02813649966591272
 0.2345877879321089 0.02787326792977401
 0.2386075988624511 0.027618277289863706
 0.2426741330460918 0.027369451524207004
 0.2467890016296966 0.02714246507569252
 0.2509505934665999 0.026930907853299317
 0.2551621308501328 0.026725767999341114
 0.2594220026336297 0.026530636144316846
 0.2637302088170906 0.02633574905886975
 0.268088360547181 0.026136697024253076
 0.2724980689705664 0.0259368794401644
 0.2769593340872467 0.025747940666498402
 0.2814705447505566 0.025560068421463064
 0.28603653440049237 0.0253809170781875
 0.2906524695970576 0.025199502680880424
 0.2953247949269142 0.02500645632923121
 0.3000486769500658 0.024800268366357372
 0.3048289491065088 0.024575858236826554
 0.30966400024957774 0.024352639867995202
 0.314555441525938 0.02413539593032303
 0.3195032729355896 0.023932144918640014
 0.3245074944785326 0.02373595618985082
 0.32957132844809794 0.02355217040738617
 0.3346915525509546 0.023372629332430346
 0.33987300022709904 0.02319077118199633
 0.3451124491832004 0.02300151698600454
 0.3504147328592549 0.022807386325999775
 0.3557766289619318 0.022623537543144268
 0.3611997486378964 0.022441114989736777
 0.36668731418047973 0.022266639231013057
 0.37223771444301634 0.02210180112602385
 0.3778509494255062 0.021926995150470693
 0.3835302414212802 0.021735992624527137
 0.38927397928367297 0.02152898167592314
 0.3950853853060153 0.021313668638952583
 0.40096284834164186 0.021099194464512486
 0.406907979537218 0.020886450715338695
 0.4129207788927439 0.020675319566446256
 0.4190044687015504 0.02046687669341901
 0.42515582667030644 0.020251678148185678
 0.4313796862390086 0.020027704948794873
 0.43767604740765675 0.019818362588531386
 0.44404329902958556 0.019629677821552272
 0.45048305225146035 0.019447539539975855
 0.4569985293666121 0.019262113863330606
 0.46358811922837545 0.019068278571445343
 0.4702534329834158 0.018862594252259928
 0.4769944706317331 0.01864592976962204
 0.4838144544666583 0.0184304834483637
 0.490711773341526 0.018223376535132473
 0.4976880384030016 0.018016977751396532
 0.5047432496510851 0.017806890053806253
 0.5118806293791075 0.017593506121486673
 0.5191001775870687 0.017382206480921227
 0.5264002831283033 0.01716948665984447
 0.5337857794428078 0.01695747141758593
 0.5412550553839166 0.016748946371239515
 0.548809722098295 0.016536304367626323
 0.5564513907326089 0.016316253983061035
 0.5641800612868579 0.01608954459449119
 0.5719957337610423 0.015857800222312517
 0.5799016304484927 0.015621826467412645
 0.5878993624958749 0.015381815645468809
 0.5959857076098579 0.015130314500345791
 0.6041654992304379 0.014871061985854984
 0.6124387373576151 0.014613873755442654
 0.6208054219913894 0.01434998949706692
 0.6292671642784263 0.014072435283755952
 0.6378255753653913 0.013788613954764894
 0.6464822663989498 0.013508154828182144
 0.6552356262324365 0.013225265038430098
 0.6640888771591821 0.012929910065246209
 0.673043630325852 0.012621802021676558
 0.6820998857324466 0.012300222055267833
 0.6912576433789656 0.011956769958595756
 0.7005217367054055 0.011593007064499219
 0.7098889434184353 0.011224117850422002
 0.719362485811386 0.010863880022774873
 0.7289423638842576 0.010515339419725747
 0.738631799930381 0.010169283031713694
 0.7484307939497562 0.009815265629403552
 0.7583409570890487 0.00945287731874537
 0.7683639004949239 0.009090746703257829
 0.7784980130207164 0.008728539493314622
 0.7887481281064225 0.008362314854082339
 0.799112634605377 0.007991697399985159
 0.8095947548109105 0.007622828482436473
 0.8201944887230233 0.007267683651998969
 0.8309134474883805 0.006931996157499474
 0.8417532422536479 0.006615900565771106
 0.8527154841654908 0.006321167995938871
 0.8638001732239093 0.0060446773861077985
 0.8750105317222343 0.005772603353544996
 0.8863465596604658 0.005492135919904692
 0.8978082570386038 0.005200366817717079
 0.9094004572966446 0.00490278923330299
 0.921121549287923 0.004607466283087307
 0.9329747553057696 0.0043216987936702455
 0.9449600753501846 0.004044140269830143
 0.9570791205678334 0.0037689356715655607
 0.9693335021053816 0.0034980185120281563
 0.9817248311094945 0.003236323493960863
 0.9942547187268376 0.0029834361806331043
 1.0069247761040765 0.0027379886141990434
 1.0197366143878765 0.002503418913968513
 1.0326902335782375 0.0022836796700162003
 1.0457872448218253 0.002080016901795998
 1.0590308704119706 0.0018920148273021675
 1.0724227214953392 0.0017186827525687088
 1.0859611869252652 0.0015587896702014348
 1.099651100141745 0.0014104929943030984
 1.1134940722914444 0.001271325941911791
 1.1274884922276978 0.0011398121924343714
 1.1416391933905015 0.001017266008418733
 1.1559461757798557 0.0009055892999805381
 1.1704110505424257 0.0008036989993932882
 1.1850354288248768 0.0007071032099632871
 1.199820921773875 0.0006119815138269797
 1.2147707516827508 0.0005195943489169137
 1.2298849185515042 0.0004334983050661625
 1.245165033526801 0.00035572181019844043
 1.2606143189019716 0.0002878115757117801
 1.2762327746770166 0.00023136822735594714
 1.292022011998601 0.00018707511975245462
 1.3079852531600562 0.0001561107662265347
 1.3241241093080471 0.00014115942579260126
 1.340438580442574 0.000142919103904726
 1.3569318888569681 0.0001563957592536897
 1.3736056456978942 0.00017251109323786418
 1.3904614621120184 0.00018425776045612912
 1.4075025603926714 0.00019021764534389812
 1.424727329393188 0.00019244506966661074
 1.4421406025535637 0.00019401578967291673
 1.459743991020465 0.000196355038292026
 1.4775374947938915 0.00019498114001112815
 1.4955259473138396 0.00018202870899686703
 1.5137077374336438 0.00015518124185332917
 1.5320876985933005 0.00011907853633301266
 1.5506674419394753 0.00007778726832131155
 1.569446967472168 0.000032470869410819514
 1.5884294974847095 -0.00001429451888796837
 1.6076166431237657 -0.00005683317830065787
 1.6270164601226638 -0.00008757221525817837
 1.6466080035747521 -0.00010105135088164358
 1.666425107560006 -0.00010046769410904009
 1.686451660611771 -0.00009528604156040698
 1.7067037741967013 -0.0000919292130745767
 1.7271492253814877 -0.00009094138749534631
 1.7478363485660944 -0.0000900528775464934
 1.7687329208172118 -0.00008757411882266664
 1.7898550536014946 -0.00008442000844789567
 1.8112027469189431 -0.00008214855783206815
 1.832776000769557 -0.0000784786235104167
 1.8545748151533366 -0.00007210057931723876
 1.876615301536936 -0.00006658084178238872
 1.8988974599203559 -0.00006358846929524123
 1.9213890673702865 -0.00006243525107127631
 1.9441384582866919 -0.00006481885733865099
 1.9671295212029174 -0.00007302578867440192
 1.9903622561189631 -0.00008374815315141001
 2.0138205515681746 -0.00008345032315454408
 2.037552741950515 -0.00005891242470680267
 2.0615104928660215 -0.000014541915866641587
 2.085742138714657 0.000025637746986643123
 2.1102154565631133 0.000038239960317976545
 2.134946557878044 0.000027300467984593876
 2.1599354426594495 0.00001803181571786299
 2.18518211090733 0.000026107679696932864
 2.21070267408834 0.000047421853409041296
 2.236481020735825 0.00006764188063412869
 2.2625332623164396 0.00007899979678139907
 2.2888593988301835 0.00008601220914916265
 2.315443318810402 0.00009179122586977303
 2.3423172451904053 0.00009528500201133989
 2.369448955036883 0.00009389368595301175
 2.3968867827498 0.00008500386984370787
 2.4245823939291915 0.0000815599444239188
 2.452584122975022 0.00010514791814595373
 2.480859746953982 0.0001564670720673617
 2.509425377332726 0.00021791839363300293
 2.538297125577909 0.000270115624691081
 2.5674427687562216 0.0002872450298420801
 2.596894529800973 0.0002497529799579784
 2.6266524087121637 0.00017715764265091564
 2.6567002940231386 0.00010967617855729869
 2.6870704086672066 0.00005672031009654524
 2.7177305297110586 -0.0000022335056834476546
 2.7487128800880045 -0.00006929709165428889
 2.7800013483313895 -0.00010687184934124802
 2.811595934441213 -0.00009995454004113865
 2.843528861350785 -0.00008579011880373541
 2.875767906126796 -0.00009137644896485406
 2.9083291802359 -0.0001072038387612055
 2.941212683678098 -0.00009951211605125989
 2.974434527920044 -0.00006229930114424324
 3.007978601495084 -0.00004479463525541309
 3.0418610158698716 -0.00005742679338825349
 3.076081771044408 -0.00003852808518907114
 3.1106408670186925 0.000022728743059490955
 3.145538303792725 0.00007014601555941933
 3.180774081366506 0.00008347043284287538
 3.216348199740035 0.00007357378543072973
 3.252292881846622 0.000059198848400582926
 3.288575904752957 0.000054894766991988544
 3.3252133799256947 0.000043820499893311916
 3.3622053073648357 0.0000026649250819952704
 3.3995516870703795 -0.00006189585500531156
 3.4372686305089806 -0.00011482803955392504
 3.47535613768064 -0.00013452338084624175
 3.5137980971187015 -0.00011876539064086587
 3.552610620289821 -0.00006623975545286917
 3.5918098186606526 -1.7492319181391715E-7
 3.6313634692978876 0.0000415312781745528
 3.6713199066014885 0.00006016281079828957
 3.711630796171493 0.00006927567113408574
 3.7523444724078647 0.00004909653256796323
 3.7934287123772936 0.000015359038584191743
 3.8348996275464353 7.232569309328694E-7
 3.8767733293819435 -0.000006860539256851019
 3.9190337064171636 -0.000009134333222725208
 3.9616968701187516 -0.000021662832397525633
 4.0047467090200515 -0.00006176742250173475
 4.048215446054373 -0.00008479803865615399
 4.092070858288406 -0.00008130283714450953
 4.1363451686554615 -0.00008295629890413356
 4.181022265688884 -0.00008462892642050071
 4.226102149388673 -0.00008143904995623529
 4.271600931221483 -0.00008572487742004375
 4.3175347226539715 -0.0000862877524147318
 4.363871300752825 -0.0000653604446486171
 4.4106267769847 -0.000027150640588950414
 4.4578011513495985 0.000033715710698506906
 4.505410535314172 0.00008391435665291885
 4.553454928878422 0.00009145856983065645
 4.601918220575693 0.00009546199676122412
 4.650832633339296 0.00011889095622492043
 4.70016594423592 0.0001614823946088715
 4.749950376198876 0.00021244765069576023
 4.800169817761507 0.0002196298267969185
 4.850824268923814 0.00015479488981159312
 4.9019459526191085 0.00009952885092118224
 4.953502645914078 0.00010073516234747957
 5.005510460275379 0.00011208718630202596
 5.057969395703011 0.00014708196463991195
 5.110879452196973 0.0001892861988379644
 5.164256741223922 0.00019137754096387464
 5.218085151317201 0.0001818515849578837
 5.272380793943466 0.0001740978481525231
 5.327143669102717 0.0001581392415050541
 5.382357665328298 0.0001419499121774351
 5.438055005553521 0.00010921543672781448
 5.4942195783117285 0.00004501600753807846
 5.550851383602922 -0.000020603404231933597
 5.607966532893756 -0.00004095169353139733
 5.665548914717575 -0.000021587990121829453
 5.72359852907438 -0.000011811027488989206
 5.782147598897479 -0.000023452730097796763
 5.84118001272022 -0.00004535008491819562
 5.900679659075946 -0.000060837852109044004
 5.960678760897967 -0.000055038508632950744
 6.021161206719629 -0.0000408247061709412
 6.08212699654093 -0.00003058269823220478
 6.143592241828527 -0.000020804385434041196
 6.205540831115764 -0.000009745595604371111
 6.267988875869297 6.898259277190289E-7
 6.330920264622469 0.000009539464793997521
 6.394367220308591 0.000016110350655003826
 6.458297519994354 0.000020088502286476187
 6.522743386613066 0.00002202250977399093
 6.5876887086980735 0.000022805289764000208
 6.653117374782721 0.000023094998218133616
 6.7190616078003185 0.000023202653965406403
 6.785521407750865 0.00002324098728201147
 6.852480663167707 0.000023255746230488074
 6.919939374050844 0.000023223888786494883
 6.987913651866931 0.000023171423112803365
 7.0564034966159666 0.00002314408819658065
 7.1253927968312984 0.00002308163333607459
 7.19489766397958 0.000022981872608598757
 7.264918098060811 0.000022921212734625258
 7.335437987608337 0.000022859108408127628
 7.406489555555466 0.000022763090398656512
 7.478040578968892 0.000022668489598051852
 7.550123280781921 0.000022575201446777336
 7.622705438061247 0.000022485742518294035
 7.695803162273521 0.00002242615915566698
 7.769432564885399 0.000022336744050127176
 7.843561422963574 0.000022248146883078794
 7.918221959441351 0.000022191674007878127
 7.993398062852079 0.000022105500393670614
 8.069089733195757 0.000022020494553737344
 8.145296970472383 0.000021968828952122996
 8.22201977468196 0.00002188609156583405
 8.299258145824487 0.000021801767438399366
 8.377028195366618 0.000021784335913597875
 8.455297700375045 0.00002170446404763436
 8.534098883783075 0.00002162518176851381
 8.6133995226574 0.000021609261937536944
 8.69323183993133 0.00002156276966729375
 8.773563612671554 0.000021486148528705818
 8.854427063811384 0.000021440836278207116
 8.935789970417508 0.000021396312669953056
 9.017684555423237 0.00002135213541290625
 9.10007859589526 0.000021340587350840828
 9.182988203300233 0.000021299551601047784
 9.2663972661715 0.000021256804041855405
 9.350338007442375 0.000021216758343296814
 9.434762092712887 0.00002117705345139001
 9.519717856383005 0.000021166869028690996
 9.605156964052762 0.000021158823103155607
 9.691111638655471 0.000021118334056723185
 9.777581880191129 0.00002111047334534727
 9.864535465726425 0.0000211050017529349
 9.951988506728018 0.000021069230195814502
 10.039941003195905 0.000021089885928491376
 10.128392955130087 0.00002108268757921244
 10.217344362530564 0.000021049543874158683
 10.306779113930682 0.000021071862703077113
 10.396713320797096 0.000021068638185984956
 10.487114760196494 0.00002106516974485657
 10.578015655062188 0.000021087184288638406
 10.669399893927523 0.000021110682206452695
 10.761267476792495 0.000021109164710674523
 10.853602292190455 0.000021134010076094704
 10.946420451588056 0.000021159003486771576
 11.039705843518643 0.000021158819215454384
 11.133458467982212 0.000021211340887703194
 11.227678324978772 0.000021237249483071412
 11.322365414508315 0.000021288742185078034
 11.417519736570842 0.000021315937738935868
 11.513125179699703 0.00002134608643258159
 11.609165632428239 0.00002142575610588187
 11.70567331768976 0.000021451795086289943
 11.802632124017613 0.000021506396668683144
 11.900025939945142 0.000021587767991469907
 11.997854765472345 0.00002164316608176591
 12.096118600599228 0.000021696301554841
 12.19483355679244 0.000021777406072711418
 12.293951299652019 0.00002185971599941926
 12.393504052111275 0.00002193944504055984
 12.493475702703552 0.000022046749951266146
 12.593850139962196 0.000022128677841479885
 12.694643475353862 0.000022209834245536625
 12.795839597411895 0.00002233905865295732
 12.89745461760295 0.000022446654087351178
 12.999440201527062 0.000022530903194533872
 13.101828572117542 0.00002266089902410014
 13.204603617907733 0.000022815715706693757
 13.307765338897635 0.00002294730037696392
 13.411297623620598 0.0000230796351679563
 13.515200472076616 0.000023211115576792557
 13.619473884265693 0.000023366984873274368
 13.724101748721171 0.0000235472867729177
 13.829084065443055 0.000023726297091688157
 13.93442083443134 0.000023904171374488568
 14.040112055686027 0.000024084439221842323
 14.14612550627381 0.000024286869936360494
 14.252493409127993 0.000024489850431783784
 14.359167429848616 0.000024716539766549004
 14.466179791368988 0.000024941924473615245
 14.573498270755799 0.000025169667730602103
 14.681122868009048 0.000025419081711158607
 14.789053583128737 0.00002569182268819804
 14.897274304648208 0.000025985894242878846
 15.005801144034121 0.000026257579241301482
 15.114601878353163 0.00002655237217623064
 15.223692619071986 0.00002689290976881248
 15.333041143257287 0.000027211224476393227
 15.442663562375717 0.00002755041495650208
 15.55254376496062 0.000027937023529960543
 15.662665639545345 0.000028344273171638743
 15.773045297596543 0.00002875181919549531
 15.883650516180909 0.00002915966654510257
 15.994497406765094 0.000029610310406176043
 16.105569857882447 0.00003011004839315243
 16.21683564659965 0.00003060799278583497
 16.328326995850023 0.000031130683795428614
 16.439979459766942 0.00003170413367621198
 16.551954153016954 0.00003229689511880896
 16.664089960933513 0.00003295648227049261
 16.776225768850075 0.00003363545153961417
 16.888683806099728 0.00003433160680518912
 17.001302958015923 0.00003509343857230219
 17.114083224598673 0.000035918713195577307
 17.227024605847966 0.000036833687720299746
 17.33996598709726 0.000037742557648597654
 17.453229597679645 0.00003873587578751795
 17.56649320826203 0.00003981319545439226
 17.68007904817751 0.00004100342882186511
 17.793503773426448 0.00004230119491426968
 17.90725072800847 0.000043652844953861193
 18.0209976825905 0.000045162465690888655
 18.134905751839074 0.00004682176091435392
 18.248813821087648 0.00004870887008860173
 18.36272189033622 0.00005075602334693012
 18.476791074251345 0.00005300018408452558
 18.59102137283301 0.00005557829420580734
 18.705251671414675 0.0000586253819995742
 18.819320855329796 0.00006206699435631606
 18.933712268578013 0.00006612910076425115
 19.04794256715968 0.00007112032218418375
