 0.0006854022858037695 0.8955824222289565
 0.0020642648013986828 0.8847177967918085
 0.0034593503676725946 0.8857075023139774
 0.004870856025726868 0.8878878083477424
 0.006298937334325742 0.890219438230464
 0.007743836273769133 0.892415101012224
 0.009205725687128416 0.8943247901988581
 0.0106847957017821 0.8958592342598765
 0.012181253729415831 0.8969739833389799
 0.013695307181715258 0.8976568762058552
 0.01522718075467316 0.8979162486922048
 0.01677703000705378 0.8977718997178298
 0.01834504506623562 0.8972482178277882
 0.019931571618361427 0.8963713656279717
 0.02153676522219543 0.8951672589164268
 0.023160798720809016 0.8936621096482342
 0.024803844957273547 0.8918825521575701
 0.02646642246080314 0.8898563604129722
 0.028148358388326425 0.8876115028104431
 0.02984999842598614 0.8851745288710904
 0.03157168825992504 0.8825684610494283
 0.033313600733214495 0.8798130435338233
 0.03507608153199724 0.8769254358782008
 0.03685913065627329 0.8739212393837448
 0.038663093792185375 0.8708146369413895
 0.04048831662587625 0.8676187688645675
 0.042334972000417276 0.8643462554712313
 0.044203232758879836 0.8610087622797432
 0.046093444587406676 0.8576173554036699
 0.04800595317214053 0.8541831641351184
 0.0499407585130814 0.8507163046611492
 0.05189837913944341 0.8472235454510463
 0.053878815051226554 0.8437070566673079
 0.05588275762071633 0.8401668538953143
 0.05791003400484135 0.8366041219571153
 0.059960989889744375 0.8330218698497092
 0.0620361438046395 0.8294234974420468
 0.06413566859259812 0.8258113757126325
 0.0662597370966916 0.8221860789952528
 0.06840886784613405 0.8185478220716566
 0.07058306084092549 0.8148987274222123
 0.07278266176720863 0.811241263736627
 0.07500818915419762 0.8075794001347804
 0.07725981584496382 0.8039193369015158
 0.07953771468257859 0.8002674150943305
 0.08184240419625605 0.7966282900508488
 0.0841740572290676 0.7930054803268434
 0.08653301946715594 0.7894026473827176
 0.08891963659666385 0.7858219067954539
 0.09133425430373408 0.7826332018026027
 0.09377704543143797 0.7787332690316584
 0.09624852850898966 0.7752223180427892
 0.0987488763794605 0.7717247251324425
 0.10127860757206462 0.7682388883651707
 0.10383789492987341 0.7647713031375054
 0.1064270841390296 0.7613275013123622
 0.10904652088567593 0.757905265474762
 0.1116967236990265 0.7545017513846722
 0.1143780382652241 0.7511201581182532
 0.11709063742734005 0.7477637649248842
 0.11983486687151712 0.7444297456596058
 0.12261124512696944 0.7411113012878794
 0.12542011787983975 0.7378032162789957
 0.12826183081627077 0.7345091180699128
 0.13113672962240527 0.7312406478210703
 0.13404533282745734 0.7280067481021992
 0.13698781327449838 0.7248139911215719
 0.13996468949274252 0.7216706034927358
 0.1429764800114038 0.7185787485043265
 0.1460233576735537 0.7155332060928856
 0.14910584100840626 0.7125258200859176
 0.15222427570210426 0.7095498373536899
 0.15537918028386177 0.706597498162461
 0.15857090043982158 0.7036604535858112
 0.16179995469919783 0.7007377365811888
 0.16506651590506183 0.6978393347337458
 0.16837127542969907 0.6949764566837412
 0.1717147518023237 0.6921476926437513
 0.1750969450229357 0.6893474000620075
 0.17851923783610613 0.6865790249426231
 0.18198128455569212 0.6838479270834005
 0.18548308518169374 0.6811569949194844
 0.18902636814482468 0.678508482222107
 0.19260940501437127 0.6758999933569984
 0.19623565265176088 0.673332604591243
 0.19990338262627988 0.6708136396639744
 0.2036143233686419 0.6683543228134962
 0.20736847487884696 0.6659628464290296
 0.21116756558760885 0.6636241543708207
 0.2150098670642138 0.6613053940080817
 0.21889537930866176 0.6589906508548528
 0.22282755918238029 0.6566910966377069
 0.22680640668536928 0.6544251578072073
 0.23083019338691507 0.6522098062832754
 0.23490064771773136 0.6500709448437582
 0.23901949810853187 0.6480338868529489
 0.24318501612860288 0.6460884670362929
 0.24740065863937188 0.6442001951609423
 0.2516646972101251 0.6423385199226237
 0.2559771318408625 0.6404839979161693
 0.26033969096229786 0.6386251416250749
 0.26475410300514496 0.6367541624073303
 0.26921863953868996 0.6348735924934661
 0.2737367574243603 0.6330029005692007
 0.2783067282314424 0.6311684700548401
 0.28292855195993616 0.6293773102611235
 0.2876039570405553 0.6276200022817764
 0.2923346719040135 0.6258955490670818
 0.2971206965503109 0.6242152921350028
 0.30196030254873374 0.6225920731765044
 0.30685867519142307 0.6210134962674079
 0.31181062918623775 0.6194641363102344
 0.31682307825603273 0.6179367737277082
 0.3218908371086669 0.6164103367830219
 0.3270190910362813 0.6148469920394906
 0.33220611160816227 0.6132262087261979
 0.33745362725502354 0.611562005541039
 0.34276163797686504 0.6098820906881687
 0.3481301437736869 0.6082131270622851
 0.3535626015069165 0.6065731970555855
 0.3590555543151263 0.6049616483679701
 0.3646141874904576 0.603390455560613
 0.3702350441714829 0.6018982607642172
 0.3759233096503434 0.6005099800700915
 0.3816755270656116 0.5992094561127874
 0.3874934248480012 0.5979604242335724
 0.39338045985893977 0.5967401385226173
 0.3993349036677135 0.5955230630168676
 0.4053567562743224 0.5942798957467921
 0.4114494745401939 0.5930043500266726
 0.41761133003461437 0.5917080550346533
 0.4238457796190111 0.5904278671166987
 0.4301510948626705 0.5892113136839366
 0.4365290041963062 0.5880949166014053
 0.4429795076199182 0.5870771879543247
 0.44950606199493415 0.5861159577680741
 0.4561052104599263 0.585170098665499
 0.46278213830703596 0.584227505940291
 0.4695368455362632 0.5833018840931407
 0.4763676037168942 0.5824465914892606
 0.4832761412796427 0.5816851469632779
 0.49026591508593614 0.5809932030292124
 0.4973351967050608 0.5803271196401053
 0.5044857145677305 0.579647290702164
 0.5117174686739451 0.5789334570042478
 0.519033915885132 0.5782054988676291
 0.5264333277705777 0.5775261207371513
 0.5339174327609958 0.5769544191178092
 0.5414862308563863 0.5765210097641619
 0.5491431789181765 0.576291562569027
 0.5568882769463667 0.5759191816519432
 0.564719796510243 0.5756743122581695
 0.5726429229019466 0.5755046501826269
 0.5806559276907637 0.5754324159303834
 0.588760539307408 0.5754499729356614
 0.5969584861825935 0.5755159736424575
 0.6052497683163199 0.5755347028021123
 0.6136343857085874 0.5754145157779184
 0.6221157952208233 0.5751236403504527
 0.6306957252837414 0.5746593764465442
 0.6393707190359141 0.5740650039365867
 0.6481459617694829 0.5734735768340901
 0.6570214534844475 0.5729451373978723
 0.665997194180808 0.5724946677113275
 0.6750749122892781 0.5721717625876381
 0.6842563362405716 0.5718748349370498
 0.6935431944654021 0.5714539436877154
 0.7029337585330561 0.5708509208131066
 0.7124314853049608 0.570046184923908
 0.7220381032118299 0.5690878172252756
 0.7317536122536636 0.56809796415736
 0.7415780124304618 0.56711086561613
 0.7515164890343659 0.5661759783688669
 0.7615655852039479 0.5654238205808689
 0.7717287578006357 0.5647346199832928
 0.7820060068244291 0.563964133960567
 0.7924007891367558 0.5630373434405679
 0.8029131047376156 0.5619012413036953
 0.8135446820577222 0.5606208947589599
 0.8242972495277893 0.5590619491574235
 0.8351690787171033 0.5570859236576031
 0.8461653549178053 0.5546179505211704
 0.8572843496991815 0.5514676744043008
 0.8685295199226597 0.54771862024069
 0.8799008655882394 0.5436184239860988
 0.8914001151266348 0.5392202969765387
 0.9030289969685592 0.5345306762879473
 0.9147892395447265 0.5294068173412887
 0.9266808428551367 0.5236224373449305
 0.9387072637612173 0.5173051279947566
 0.9508685022629682 0.5109154487271612
 0.9631645583603894 0.5042801822868039
 0.9756006173456223 0.49660430649152887
 0.9881749507879528 0.48753904199537984
 1.0008910155488087 0.4770796330479125
 1.0137488116281896 0.4648146932669574
 1.0267500674568097 0.4505832078903562
 1.0398965114653824 0.43496965483358574
 1.0531898720846216 0.4177632447922087
 1.0666318777452408 0.4023033778471414
 1.0802242568779539 0.3793071967559836
 1.0939687379134746 0.3593494487530484
 1.1078653208518028 0.33879190206362797
 1.1219157341236523 0.31721743305649197
 1.1361234345904505 0.29495028022501907
 1.1504901506829113 0.2718273318105255
 1.165014153970321 0.2473174411733201
 1.17970062974482 0.2220995405202479
 1.1945513064371232 0.1964704863713435
 1.2095644556165162 0.17032530788961364
 1.22474526257514 0.14440482250364556
 1.240093727312995 0.12055218281084598
 1.255611578260795 0.10006998057081105
 1.2713005438492533 0.0831937859173285
 1.2871623525090838 0.06941925521319374
 1.3032004611017143 0.05785390648808546
 1.3194148696271444 0.048290937105291525
 1.3358073065160878 0.041525567981206754
 1.352381228629972 0.03717064328179146
 1.369136635968797 0.03362213897709381
 1.3860752569632768 0.030028281641134462
 1.4032005484748384 0.02613151281683592
 1.4205142389341958 0.022492995645028085
 1.4380163283413492 0.02000198326410024
 1.4557102735577256 0.01820821003008176
 1.4735978030140386 0.016523941984954337
 1.4916806451410025 0.01479897517895686
 1.5099622568000448 0.01294161349328258
 1.5284409095604512 0.010733241552594159
 1.547121788714363 0.010843942853672222
 1.566006622692494 0.012163826524597712
 1.5850954114948446 0.013520732801054524
 1.604393340413555 0.018290946900325202
 1.6238986810179128 0.025488467230790717
 1.643616618600058 0.03300136861622749
 1.663548881590705 0.035936822714668436
 1.6836954699898536 0.033874952112367115
 1.704059840658931 0.030918627512958752
 1.7246437220286512 0.027512658360907084
 1.745455756252583 0.021404355115404877
 1.7664734737314474 0.01158433119082541
 1.7877331715102331 -0.0019009963040773287
 1.8092175652818028 -0.018011843764627705
 1.8309439393532936 -0.03528632872513821
 1.8528777251104311 -0.052775419579058944
 1.8750707754746267 -0.0711434341766478
 1.8974885218316067 -0.07373189344731594
 1.9201482484885075 -0.08668022139169183
 1.9430499554453295 -0.06907607543357754
 1.9661936427020728 -0.017784184603603568
 1.9895793102587371 0.001320162710635579
 2.0132242424224596 0.025206467934476832
 2.037128439193241 0.03488325653635494
 2.0612573319568055 0.037896572855134036
 2.0856627736345663 0.033083003886727406
 2.110327479919385 0.0265681365198874
 2.1352514508112623 0.03052414424858968
 2.160417402003061 0.03442755430665041
 2.185877186416192 0.043178512078306
 2.2115789511292445 0.04996324737643055
 2.237574549063629 0.052864562500057576
 2.263829411605073 0.05269945061871585
 2.2903608230607118 0.05098487737879722
 2.3171687834305463 0.04816160765300339
 2.344253292714577 0.04677529786571025
 2.37163163521994 0.04531803980431289
 2.3992865266394987 0.04849422240937607
 2.4272352512803903 0.049274685105135815
 2.4554778091426144 0.043014721157230505
 2.4839969159190347 0.0337299382935766
 2.5128271402239246 0.018985250871585917
 2.54193391344301 -0.0015733294354970233
 2.5713690884977027 -0.026664746384018334
 2.601080812466591 -0.050540881435805804
 2.6311209382710867 -0.07777172956004941
 2.661454897296915 -0.12120979763214358
 2.6920999738512137 -0.1455308625276211
 2.723073452241119 -0.17116964802799023
 2.754340763852358 -0.15411194038416762
 2.7859364772992032 -0.13451413401100756
 2.8178605925816567 -0.1351871651609145
 2.8500958253925797 -0.16116960637564406
