 0. 0.
 0.001687979081148388 0.0036914886003864703
 0.003395814544194915 0.013254078029241534
 0.005123738616432669 0.027505430690388178
 0.0068719862090592795 0.04542161027078699
 0.008640794947450467 0.06612733443134203
 0.0104304052017216 0.08888707237119402
 0.012241060117645666 0.1130986968975632
 0.014073005647873496 0.13828317500009246
 0.01592649058351899 0.16406920761489133
 0.01780176658604371 0.1901748368701234
 0.019699088219506482 0.21638868953357002
 0.021618712983135183 0.24255300133653812
 0.023560901344257857 0.2685496564360094
 0.02552591677157877 0.2942896749477653
 0.02751402576878817 0.31970557743648037
 0.029525497908551232 0.34474563646703915
 0.03156060586683349 0.36936949166728955
 0.033619625457596926 0.3935452441022016
 0.035702835667855405 0.4172476000346846
 0.03781051869310072 0.4404563270678909
 0.03994295997308223 0.4631545632446074
 0.04210044822799434 0.4853275124232687
 0.04428327549499741 0.5069617037256117
 0.04649173716514665 0.528044636556044
 0.04872613202069717 0.5485646263284835
 0.05098676227277997 0.5685112279298203
 0.05327393359950247 0.5878761783788309
 0.055587955184400115 0.6066542985410422
 0.05792913975530974 0.6248437354854077
 0.06029780362362796 0.6424456416885458
 0.0626942667239944 0.6594637599398102
 0.06511885265434858 0.67590408660355
 0.06757188871641431 0.691774240600679
 0.07005370595661194 0.7070828668869795
 0.0725646392073384 0.7218388036551867
 0.07510502712872347 0.7360506552342646
 0.0776752122507681 0.7497264191814585
 0.08027554101592176 0.762873975255959
 0.0829063638220963 0.7755007801982013
 0.08556803506609875 0.7876139223788414
 0.08826091318750327 0.7992206451766811
 0.0909853607129737 0.8103298256408941
 0.09374174430101385 0.8209522042114634
 0.09653043478717388 0.8311001799344025
 0.09935180722969872 0.840785957887594
 0.10220624095562707 0.8500195481536889
 0.10509411960736943 0.8588078580884532
 0.10801583118970222 0.8671553892953281
 0.11097176811727553 0.8750663197121387
 0.11396232726254266 0.8825466241145589
 0.11698791000418282 0.8896051780760106
 0.12004892227599756 0.8962531991614858
 0.12314577461626869 0.9025037304296493
 0.1262788822175984 0.908371210699898
 0.12944866497725682 0.9138705733836401
 0.1326555475479745 0.9190161738522138
 0.1358999593892536 0.9238219920780693
 0.13918233481915826 0.9283025960534413
 0.14250311306661576 0.9324726917390906
 0.1458627383241844 0.9363454091401476
 0.14926165980136133 0.9399313631272478
 0.1527003317783715 0.9432396499067798
 0.15617921366046741 0.946279089615063
 0.15969877003274488 0.9490575013407849
 0.163259470715472 0.9515811132608326
 0.16686179081993713 0.9538553791489736
 0.1705062108048072 0.9558859527531581
 0.17419321653301956 0.9576778018890556
 0.1779232993291977 0.9592357263331129
 0.1816969560375929 0.9605658137603453
 0.18551468908056323 0.9616754935728583
 0.18937700651757594 0.9625729988409736
 0.19328442210476177 0.9632667352763921
 0.1972374553549975 0.963765149824978
 0.20123663159854147 0.9640775162135253
 0.20528248204420213 0.9642144466641294
 0.20937554384106574 0.9641864476288919
 0.21351636014076888 0.9640025010059723
 0.2177054801603289 0.9636695583202843
 0.22194345924552306 0.963189920652032
 0.22623085893482298 0.9625593726743439
 0.2305682470239108 0.9617686998555002
 0.2349561976307203 0.9608083813347739
 0.23939529126107933 0.9596736010470853
 0.2438861148748972 0.9583647364140011
 0.2484292619529278 0.9568850928239252
 0.2530253325640947 0.9552403793805162
 0.25767493343340037 0.9534367329288727
 0.26237867801040604 0.9514800793493756
 0.26713718653827906 0.949376644591788
 0.27195108612342733 0.9471317820701981
 0.27682101080570726 0.9447511596769804
 0.28174760162920404 0.9422404168810623
 0.2867315067136179 0.9396019940300524
 0.2917733813262019 0.9368344298370327
 0.29687388795430825 0.9339367041407963
 0.3020336963784957 0.930911220068958
 0.3072534837462533 0.9277604874042749
 0.3125339346462711 0.9244856289083602
 0.3178757411833361 0.9210881218897831
 0.32327960305378034 0.917568478621013
 0.32874622762155153 0.9139237718401606
 0.3342763299948364 0.9101486141922843
 0.3398706331032971 0.9062383173437185
 0.3455298677758839 0.9021890850914743
 0.3512547728192374 0.8979977343621738
 0.35704609509667373 0.8936664626912816
 0.3629045896077698 0.8892073578819142
 0.3688310195685089 0.8846368513793608
 0.374826156492041 0.8799682212226443
 0.38089078027000006 0.8752128088092334
 0.3870256792544253 0.8703813241176815
 0.393231650340247 0.8654814921278349
 0.39950949904835675 0.8605155046964815
 0.40586003960926353 0.8554818466992139
 0.41228409504731783 0.8503802154671928
 0.4187824972654964 0.8452088996288905
 0.42535608713079115 0.8399578517508887
 0.4320057145601333 0.8346140024909171
 0.4387322386068951 0.8291601714212411
 0.44553652754795975 0.8235761014302291
 0.45241945897134367 0.8178504197730486
 0.45938191986437643 0.8119831907126679
 0.46642480670242237 0.80597968208151
 0.4735490255381737 0.7998433367396539
 0.4807554920914498 0.793576943739409
 0.48804513183957593 0.7871815552655375
 0.49541888010826696 0.7806610704107783
 0.5028776821630435 0.7740239024091197
 0.5104224933011796 0.7672782326596911
 0.5180542789441678 0.7604383276258335
 0.5257740147306791 0.7535254005218146
 0.5335826866100464 0.7465628641468226
 0.5414812909362305 0.7395698628140192
 0.5494708345622906 0.7325506117407171
 0.5575523349353307 0.7254952932182633
 0.5657268201919146 0.7183959606813829
 0.573995329253958 0.7112459553415292
 0.5823589119250826 0.7040345711763812
 0.5908186289874061 0.6967537304355552
 0.5993755522987879 0.68939603084423
 0.6080307648904932 0.6819540766017054
 0.6167853610652847 0.6744201581670679
 0.6256404464959217 0.6667852786360108
 0.6345971383240738 0.6590290361542026
 0.6436565652595874 0.6511236629010975
 0.6528198676801733 0.6430510867354028
 0.6620881977314248 0.6347977857600616
 0.671462719427198 0.6263551436505624
 0.6809446087503387 0.6177293898621937
 0.6905350537537225 0.608933756718301
 0.7002352546616144 0.5999826339708757
 0.7100464239713103 0.5908936553647489
 0.7199697865550908 0.5816868339844078
 0.7300065797623915 0.572389599608068
 0.7401580535222673 0.5630414977869115
 0.7504254704460748 0.5536730401056903
 0.7608101059303487 0.5442972214012071
 0.7713132482599091 0.5349223057683078
 0.7819361987111231 0.5255489325007747
 0.7926802716553403 0.5161632029644434
 0.8035467946624445 0.5067602206415341
 0.8145371086045662 0.49734936371324545
 0.8256525677598457 0.4879429461073041
 0.8368945399163107 0.4785676388704936
 0.8482644064757843 0.46924920086292643
 0.8597635625578398 0.4599928021855302
 0.8713934171037526 0.45080166558746976
 0.883155392980442 0.4416875623715437
 0.8950509270843695 0.4326449408236101
 0.9070814704453615 0.4236708555142273
 0.9192484883303613 0.41476872979341883
 0.9315534603470267 0.40592866674690703
 0.9439978805472031 0.39714632269010164
 0.9565832575302097 0.38844575573930074
 0.9693111145459194 0.3798644611553578
 0.9821829895975971 0.37142450363447554
 0.9952004355444607 0.36313011957864455
 1.0083650202039696 0.3549751050372939
 1.0216783264537292 0.34693230273561826
 1.0351419523330756 0.3389711486097333
 1.0487575111442289 0.33107642586386893
 1.0625266315530018 0.3232525362243298
 1.0764509576890533 0.31553506720478974
 1.0905321492456135 0.3079626881059809
 1.1047718815786518 0.30057720701779894
 1.119171845805474 0.2934287444341589
 1.1337337489026544 0.286576443068158
 1.1484593138033294 0.2800563162073932
 1.1633502794937376 0.2738531552647421
 1.178408401109028 0.2679366362471758
 1.1936354500282602 0.26229399478591486
 1.2090332139685198 0.2569201961560178
 1.224603497078196 0.2518055547378659
 1.2403481200292452 0.24694902026632365
 1.256268920108522 0.24236836640869258
 1.2723677513080178 0.23809692732971338
 1.2886464844140293 0.23416370613961981
 1.3051070070951716 0.2305801362186587
 1.3217512239891902 0.22734336346109246
 1.3385810567885073 0.22443781021278664
 1.3555984443244602 0.22183813151318152
 1.3728053426501763 0.21951344755010074
 1.3902037251220056 0.2174294299191137
 1.4077955824794728 0.21555175996742956
 1.4255829229236767 0.21384740294970625
 1.443567772194065 0.21227879159800928
 1.4617521736435626 0.21080709431833625
 1.4801381883119176 0.2093999434107226
 1.4987278949972824 0.2080287682277507
 1.5175233903258762 0.2066744111651239
 1.5365267888197336 0.20533383433748473
 1.5557402229624315 0.20402926361321888
 1.5751658432627127 0.20282599440716476
 1.5948058183159695 0.20183197551953827
 1.614662334863478 0.2011637960274904
 1.634737597849331 0.20089761871509565
 1.6550338304749634 0.20103479082011416
 1.6755532742512358 0.2015140766572277
 1.6962981890479454 0.20225744632488807
 1.7172708531407237 0.20318964885543578
 1.7384735632551964 0.2042408481672797
 1.7599086346083712 0.2053575546810844
 1.7815784009471196 0.20647840039249118
 1.803485214583692 0.20750239554593147
 1.8256314464281682 0.20830607422342007
 1.8480194860177437 0.2087902286135142
 1.8706517415427866 0.20891927983911207
 1.8935306398695297 0.20873628845944095
 1.9166586265593408 0.20836293837696007
 1.9400381658844486 0.20798065448513617
 1.9636717408400393 0.2077894310344335
 1.9875618531526034 0.20796744049652857
 2.0117110232844753 0.20859681646502032
 2.036121790434385 0.20960441291469994
 2.060796712534014 0.2108186129136818
 2.085738366240355 0.2120790454375711
 2.1109493469238303 0.2132974224915444
 2.1364322686520354 0.2144132930780552
 2.162189764168988 0.2153132776952751
 2.188224484869801 0.2158813533481409
 2.2145391007706072 0.2161403030111948
 2.241136300473692 0.2162186563657363
 2.268018791127654 0.21624340671535597
 2.295189298382504 0.21632604646172726
 2.322650566339589 0.21656334727255197
 2.350405357496183 0.21696783165570946
 2.3784564526846568 0.21746125176659556
 2.406806651006092 0.21799414021112237
 2.4354587697581906 0.218539219773977
 2.4644156443573766 0.21901226447941474
 2.4936801282549657 0.2193081747718645
 2.5232550928472195 0.21935921691249619
 2.5531434273792337 0.21923834565493572
 2.5833480388424435 0.21918360211983506
 2.613871851865672 0.2194427474675923
 2.6447178085995406 0.22001550867745226
 2.6758888685941558 0.22056687515925943
 2.707388008669851 0.2207486407664662
 2.7392182227809387 0.22054551425652047
 2.7713825218722583 0.2201811395498982
 2.803883933728401 0.21996370648199476
 2.8367255028154985 0.2201516132178575
 2.869910290115342 0.22075738530051334
 2.9034413729518156 0.22156948508084034
 2.9373218448093703 0.22235161956314578
 2.971554815143455 0.22310005608492495
 3.0061434091827848 0.22399039071538016
 3.041090767723194 0.22509902552531566
 3.076400046913034 0.22635479244828813
 3.1120744180299065 0.2274156204208967
 3.1481170672485788 0.22777194630379494
 3.184531195399956 0.2272619378534982
 3.2213200177209282 0.2261180764979103
 3.2584867635949712 0.22446503786077393
 3.2960346762833117 0.22226615105693473
 3.3339670126465224 0.21981684556299017
 3.372287042856408 0.21766279149257145
 3.410998050097994 0.21607395911774435
 3.450103330261488 0.21496107430795752
 3.4896061916240493 0.21445301887658935
 3.5295099545212114 0.21470232032226363
 3.5698179510078334 0.21545480664302757
 3.6105335245083654 0.21642604258569037
 3.6516600294563464 0.21754412075426496
 3.6932008309229247 0.21866074081178602
 3.7351593042342848 0.21948071825684579
 3.777538834577824 0.21984389568053767
 3.8203428165969098 0.21976937754843637
 3.8635746539741 0.21960685212380052
 3.9072377590026472 0.21990600380563824
 3.951335552146177 0.22066906906998737
 3.9958714615863604 0.22152387014398905
 4.040848922758456 0.22289801130632703
 4.086271377874591 0.2253243221421851
 4.132142275434621 0.22879598736644968
 4.178465069724437 0.23226795296660208
 4.225243220301608 0.23466094438403806
 4.272480191468184 0.2357587002361664
 4.320179451730574 0.2356533986363014
 4.368344473246346 0.2347473856544683
 4.416978731257835 0.23365745506534688
 4.466085703512434 0.23257142559242888
 4.515668869669448 0.23185141160022227
 4.565731710693408 0.23212771369575
 4.616277708233735 0.23294344407042425
 4.667310343990616 0.23380839506093515
 4.718833099067055 0.23403885381292547
 4.770849453306907 0.23292337205431204
 4.823362884618911 0.23057871672987665
 4.876376868286537 0.22780053736757244
 4.929894876263624 0.22433778038867716
 4.983920376455693 0.22108899987575986
 5.038456831986894 0.21893435329541988
 5.093507700452492 0.2174723168511433
 5.149076433156844 0.2164620658626006
 5.2051664743368 0.2156901971872756
 5.261781260370486 0.2151112337289806
 5.318924218971438 0.21465145522527954
 5.376598768368006 0.21429088853663206
 5.434808316468061 0.21424290094463053
 5.493556260008915 0.21410020264290205
 5.552845983692503 0.21315116921605815
 5.612680859305753 0.21245208371441476
 5.673064244826217 0.21242724589801262
 5.733999483512902 0.21241121099731505
 5.795489902982363 0.21261913890232126
 5.857538814270058 0.21154440459918714
 5.920149510877028 0.20807069701560962
 5.983325267801908 0.204424188131155
 6.04706934055834 0.20151615494766736
 6.111384964177874 0.19927063008313145
 6.176275352198374 0.1974350970658848
 6.241743695638079 0.19535217517487377
 6.3077931619553285 0.19202724676496694
 6.374426893994161 0.1877544259486033
 6.441648008915804 0.18406169770003605
 6.509459597116224 0.1813621230760193
 6.577864721129889 0.177863982515303
 6.646866414519852 0.17367841971024692
 6.716467680754362 0.1696267775147506
 6.786671492070125 0.16519840276008815
 6.857480788322436 0.160931603321771
 6.928898475822397 0.15558262915765592
 7.000927426161362 0.14801244840840322
 7.07357047502292 0.1391921523006447
 7.146830420982563 0.13020784080262768
 7.220710024295406 0.12116778455017851
 7.295212005672064 0.11322610160959157
 7.370339045043172 0.10736666623996936
 7.446093780312605 0.10156844976113658
 7.522478806099922 0.09192373483575984
 7.599496672472214 0.07886459711407613
 7.677149883665731 0.06532639161462035
 7.7554408967976896 0.052939980238086666
 7.834372120568537 0.042249801405462244
 7.913945913955146 0.033774639466440486
 7.994164584895256 0.02746512476297826
 8.075030388963647 0.022640873064193875
 8.156545528040388 0.018650399481380423
 8.238712148971734 0.01538595556116319
 8.321532342223943 0.01290292624085179
 8.405008140530722 0.011046340144391062
 8.489141517534543 0.00961328946318936
 8.573934386422575 0.008468338612707807
 8.65938859855754 0.007529823122238118
 8.745505942104243 0.006745269469246969
 8.8322881406521 0.006078606692977927
 8.919736851834468 0.005503960932210193
 9.007853665945204 0.005002305943363712
 9.09664010455309 0.004559441059770777
 9.186097619114824 0.004164661806438605
 9.276227589587062 0.0038098354963929824
 9.367031323038349 0.0034887359281256794
 9.458510052261403 0.0031965545362457083
 9.550664934386626 0.0029295387896472592
 9.643497049497379 0.002684722656359218
 9.737007399247874 0.00245972625042936
 9.831196905484244 0.0022526070647998784
 9.926066408869755 0.002061749931899299
 10.021616667514644 0.0018857853478843802
 10.117848355611665 0.0017235300838595374
 10.214762062077783 0.001573943300481412
 10.312358289203178 0.0014360946929191155
 10.410637451308022 0.0013091412760051805
 10.50959987340811 0.0011923106654696894
 10.609245789890114 0.0010848889830383734
 10.709575343197164 0.000986212047917399
 10.810588582525886 0.0008956590713491254
 10.912285462535491 0.0008126480811297844
 11.014665842070027 0.0007366324654852932
 11.117729482894495 0.0006670984124351278
 11.221476048445922 0.0006035629644372777
 11.3259051026001 0.0005455722916525
 11.43101610845513 0.0004927003810575063
 11.53680842713245 0.00044454779081636904
 11.643281316596557 0.0004007405160873717
 11.75043393049411 0.0003609289204671677
 11.858265317013561 0.0003247866575448426
 11.966774417766114 0.000292009661130254
 12.075960066689147 0.0002623150617423373
 12.185820988972807 0.00023544019850983827
 12.296355800011023 0.00021114155962852102
 12.407563004377728 0.00018919376535402266
 12.519440994829244 0.00016938856884646437
 12.631988051333982 0.00015153385525575096
 12.745202340130177 0.00013545267059904162
 12.859081912812863 0.00012098227344984591
 12.973624705450845 0.00010797321772831066
 13.08882853773484 0.00009628846602540128
 13.204691112157535 0.00008580253247841378
 13.32121001322671 0.00007640067444046661
 13.438382706712208 0.0000679781121621157
 13.556206538927869 0.0000604392850465507
 13.674678736049145 0.00005369715741111875
 13.793796403467585 0.00004767255303883463
 13.913556525182823 0.00004229353630375751
 14.033955963233256 0.00003749482729102799
 14.154991457166068 0.00003321725438913236
 14.276659623547586 0.000029407245057386335
 14.398956955514917 0.00002601634966476304
 14.521879822369506 0.000023000801661798742
 14.645424469213694 0.000020321102362339617
 14.769587016630851 0.000017941650041908877
 14.894363460410132 0.00001583038290372409
 15.0197496713164 0.000013958458486068698
 15.145741394906254 0.000012299956494533861
 15.272334251390841 0.00001083160593103314
 15.399523735546074 0.000009532533685840922
 15.527305216671154 0.00000838403599993541
 15.65567393859583 0.000007369368793653203
 15.784625019737254 0.000006473555829760824
 15.914153453206804 0.000005683214262256958
 16.044254106967795 0.000004986396240440662
 16.174921724044214 0.000004372444246932695
 16.306150922781434 0.000003831859991475135
 16.437936197159043 0.0000033561857037887152
 16.57027191715654 0.0000029378964312125554
 16.70315232917206 0.0000025703029068121288
 16.836571556494825 0.0000022474634943832036
 16.97052359983135 0.000001964105170676718
 17.105002337886088 0.0000017155516540513547
 17.240001527996448 0.0000014976595518984229
 17.37551480682273 0.0000013067602822834668
 17.51153569109305 0.0000011396082806574746
 17.648057578403414 9.933343411346556E-7
 17.785073748073195 8.654039210278771E-7
 17.922577362055943 7.535797100172897E-7
 18.06056146590581 6.558883650356165E-7
 18.199018989799296 5.705904163887041E-7
 18.33794274961268 4.961538044610983E-7
 18.477325448054636 4.312300316139207E-7
 18.61715967585433 3.7463299862342195E-7
 18.757437913004495 3.2532015957354247E-7
 18.898152530059566 2.8237579009294534E-7
 19.039295789488378 2.4499605387591085E-7
 19.18085984708143 2.1247582346056445E-7
 19.322836753412037 1.8419694701290977E-7
 19.46521845535135 1.5961786942523446E-7
 19.607996797636485 1.382644370709894E-7
 19.751163524491574 1.1972176189679317E-7
 19.894710281301094 1.036270380417811E-7
 20.03862861633483 8.966319330104782E-8
 20.18290998252415 7.755328188388539E-8
 20.327545739288574 6.705555653431162E-8
 20.4725271544123 5.795910095091269E-8
 20.61784540596967 5.008001199102462E-8
 20.76349158429906 4.325802230810228E-8
 20.90945669402404 3.735353964002365E-8
 21.055731656121353 3.2245041792524185E-8
 21.202307310034374 2.7826792071720617E-8
 21.349174415831516 2.4006837186076025E-8
 21.496323656408155 2.070524744723728E-8
 21.643745639731534 1.7852576923945367E-8
 21.791430901127065 1.5388518196681863E-8
 21.93936990560538 1.3260721570210979E-8
 22.087553050228614 1.142376415524392E-8
 22.23597066651498 9.838248976231832E-9
 22.38461302288034 8.470017906029035E-9
 22.53347032711539 7.2894649164583995E-9
 22.682532728897467 6.270936351649848E-9
 22.83179032233521 5.392207727080003E-9
 22.981233148545254 4.634028736463793E-9
 23.13085119825905 3.97972540753265E-9
 23.28063441445876 3.4148538697534718E-9
 23.43057269504067 2.926898588855551E-9
 23.58065589550446 2.505009294003584E-9
 23.73087383166727 2.1397715341392204E-9
 23.8812162824005 1.8230063177327635E-9
 24.031672992388273 1.5475950298715652E-9
 24.18223367490564 1.3073259855065858E-9
 24.332888014615236 1.0967599033716602E-9
 24.483625670380466 9.111107242444291E-10
 24.634436278093972 7.461402013341359E-10
 24.78530945351933 5.980635212742395E-10
 24.936234795144692 4.6346358117879084E-10
 25.087201887046504 3.3921209232482463E-10
 25.238200301761665 2.2239464766188449E-10
 25.38921960316646 1.1023512358237286E-10
 25.54024934936066 5.798398808678976E-17
