 0.00045709998988886276 0.9998637033547964
 0.0013766738737101593 0.9989449505542229
 0.0023070670332399406 0.9960650801557709
 0.0032484108766851925 0.9899570867498755
 0.00420080914736722 0.9795366325309942
 0.005164423223785829 0.9641043753735661
 0.006139368376298025 0.9434272252107349
 0.0071257714022965124 0.9176603405615691
 0.0081237706262097 0.8873010682436467
 0.009133504372465991 0.853078676308101
 0.010155122492529492 0.8158678608807235
 0.011188728729721509 0.7765738597889349
 0.012234449881434748 0.7360168653858632
 0.013292516488383215 0.6949987968437157
 0.014363032293888217 0.6542376276509347
 0.01544611256830676 0.614282446745526
 0.016541872581995846 0.5755082455169862
 0.017650658146026493 0.5383061678239943
 0.0187723539900417 0.5029258620124729
 0.019907190654755463 0.4694313359040209
 0.021055398680881805 0.4379300953209622
 0.02221709333877773 0.40844448804153577
 0.023392505169157238 0.38096863585816493
 0.02458163417202034 0.35544056529191875
 0.025784710888081038 0.33174316811085713
 0.027001965858053346 0.30979720981190034
 0.028233514352294268 0.28950901528972567
 0.02947947164116081 0.27075255315554975
 0.030740068265366984 0.25340768993169516
 0.03201553476562679 0.23739340967050204
 0.033305871141940245 0.22259709495554944
 0.03461142320537834 0.20892398856358635
 0.0359321909559411 0.19627806823635277
 0.03726863547505654 0.1845871963437107
 0.03862064149236763 0.17379244441630837
 0.03998843954858841 0.1637974786449958
 0.04137237545478988 0.15455264429050544
 0.04277256448132905 0.1460153021258545
 0.04418912189856292 0.13811862582870985
 0.04562239351756251 0.1308151100028036
 0.04707237933832783 0.12405768029109043
 0.04853930990157286 0.11778468165047176
 0.05002353101836865 0.11196142372768399
 0.05152515795907218 0.10656161410949144
 0.053044305994040454 0.10154375872936515
 0.05458132093434451 0.09687430604180171
 0.05613631805034133 0.09252462458762896
 0.05770952788274493 0.08846310966386654
 0.05930118097226932 0.08466643403929125
 0.06091150785962853 0.08111576587806706
 0.06254062381517954 0.07778716714809847
 0.06418887464999337 0.07466300330650545
 0.06585637563442702 0.0717311074180773
 0.06754347257955151 0.06898484129323836
 0.06925028075572387 0.0664216346117729
 0.07097703070365807 0.06403063445530298
 0.07272395296406814 0.06179590840609227
 0.07449139334802508 0.05969940740094218
 0.07627958239624294 0.0577293664581664
 0.07808863537907867 0.05587823234069368
 0.07991878283724632 0.05413949357436129
 0.0817703705818169 0.05250674929374969
 0.08364362915350439 0.05097080405604272
 0.08553878909302283 0.049522939846550054
 0.08745608094108621 0.048157680081553335
 0.08939585050876557 0.04687284820212484
 0.0913582130664179 0.04566114620723856
 0.09334351442511422 0.044511568674612666
 0.09535210039592552 0.04342033542247229
 0.09738408624920886 0.04238464679667812
 0.09943981779603518 0.041403111376485335
 0.10151952557711856 0.040472803773745486
 0.10362355540352998 0.039586359358037955
 0.10575213781598344 0.038737452429553926
 0.10790561862555 0.03792737560937669
 0.11008411310258662 0.03715988566600263
 0.11228808232852132 0.036434987247487886
 0.11451787211442513 0.03575237311477197
 0.11677348246029806 0.035099901054565584
 0.11905583552899614 0.03447185816548914
 0.12136470077980537 0.033868869776534985
 0.1237000782127257 0.03327692092553537
 0.12606312053132726 0.032702840480046506
 0.12845267503203994 0.032138711668777055
 0.13087104712200387 0.03158584708061803
 0.133317084097649 0.031055104803475633
 0.13579193866254535 0.030541955818165916
 0.13829561081669292 0.03004652162965243
 0.1408292532636618 0.02957337381340878
 0.14339171329988193 0.029127263205344388
 0.14598299092535327 0.028686626160644414
 0.14860539154721597 0.028250934344382368
 0.15125891516547 0.027839814231682462
 0.1539424090765453 0.02744931395984048
 0.156657025984012 0.027071702158188094
 0.15940391859143999 0.026721855759141124
 0.16218193419525936 0.026395378938174046
 0.1649933782026102 0.026091372833076183
 0.1678370979099224 0.02581875970994649
 0.170713093317196 0.025566033155536218
 0.173622517128001 0.025324066551570705
 0.17656652204590753 0.0250942708528924
 0.1795439553673455 0.024866457442333834
 0.18255712249945494 0.024639167421465373
 0.18560487073866594 0.02441951265313667
 0.1886872000849784 0.02419546161986728
 0.1918052632419624 0.023960927049826632
 0.19496021291318794 0.023719031167329187
 0.1981520490986551 0.023480513104411873
 0.20137961909479382 0.023238962555983636
 0.20464638101231422 0.023008080823919468
 0.2079488767405061 0.022785825987343116
 0.21129171709364974 0.02257176980139828
 0.214671443961035 0.022370104064416734
 0.21809151545337196 0.022170536843573552
 0.22155077886709063 0.02198012892576621
 0.225050386905761 0.02180093889454379
 0.22859033956938313 0.021638781168247745
 0.232170636857957 0.021480104713201192
 0.23579358417862267 0.021323249894390002
 0.2394568761242401 0.021158924849242908
 0.24316397080551938 0.020983231410089582
 0.24691256281532048 0.020799783326167172
 0.25070611026435347 0.020622542268975037
 0.25454230774547837 0.020469405976155215
 0.25842230796226506 0.020326230236113386
 0.2623484163218538 0.020191232983192073
 0.26631948012067447 0.020064023967699206
 0.270335499358727 0.019933733517491784
 0.27439877944315166 0.01980455725479275
 0.2785081676703782 0.01967547445788447
 0.2826659694475469 0.019542180169115353
 0.2868710320710876 0.01940220339800017
 0.29112450824457037 0.019250273048352088
 0.29542639796799525 0.01908823656496697
 0.2997790066485023 0.018928345483338136
 0.3041800288789514 0.0187766524661184
 0.3086329227700528 0.018636559396015464
 0.31313768832180633 0.01851774338962088
 0.31769317283064213 0.018409244266017984
 0.3223005290001301 0.018295745887618245
 0.3269620622374104 0.01817643514142573
 0.331676619838913 0.018047168683186406
 0.33644535450820795 0.017900857936271688
 0.3412682662452952 0.017739339653795014
 0.3461476604573149 0.017576505637877937
 0.35108238444069695 0.017425324597669125
 0.3560735908990114 0.017286916633078422
 0.36112127983225834 0.017154917819236806
 0.3662277566475778 0.017025136907536965
 0.3713930213449697 0.016909316012882546
 0.3766159212208641 0.016811028994809168
 0.38189991438597126 0.016727712176349618
 0.3872438481367209 0.016651745530051398
 0.3926488751766831 0.016573591069141833
 0.39811614820942814 0.016495164341781922
 0.4036456672349557 0.016416151074163356
 0.40923743225326603 0.016329640441367428
 0.4148937486714991 0.016231591569986586
 0.42061576919322496 0.01612134388688133
 0.4264011884113036 0.015984643788230717
 0.4322534644364451 0.015826485662529984
 0.43817259726864943 0.015683296364827858
 0.44415858690791665 0.015571461868625711
 0.4502125860578168 0.015476688133384632
 0.45633574742191996 0.015381502300083415
 0.46252922370379607 0.015284229294938539
 0.46879186219987523 0.015186686928406558
 0.4751259683172974 0.015089150539463669
 0.48153269475963273 0.014989592105481259
 0.48801204152688116 0.014885430698928118
 0.4945640086190427 0.014782130119673926
 0.5011920541468275 0.014687872654968605
 0.5078938727030955 0.014594220741007146
 0.5146717696949867 0.014491084826493401
 0.5215257451225013 0.014381661920154361
 0.5284581043927792 0.014270693388941366
 0.5354688475058206 0.01416219079304684
 0.5425591271651953 0.014058699986461315
 0.5497300960744733 0.013961144151683274
 0.556980601530085 0.013855319245551492
 0.5643141016427401 0.013736735085453556
 0.5717294437088687 0.013619234706868407
 0.579228933135611 0.013513213120623153
 0.5868125699229669 0.013418727102715767
 0.5944815067745065 0.013328527779331863
 0.6022368963937997 0.013239959676586479
 0.6100798914844168 0.013153239645591218
 0.6180104920463576 0.013063581704158436
 0.6260310034867622 0.012963960568163582
 0.6341414258056307 0.012847801988833915
 0.6423417590029631 0.012706896869916925
 0.6506354611894696 0.012545595235635983
 0.6590213796615799 0.012376799225348158
 0.6675018198264343 0.012206673215410437
 0.6760767816840328 0.012028393658290996
 0.6847474179379455 0.011829592771137305
 0.6935148812917422 0.011610055094137144
 0.7023803244489931 0.01138340982181769
 0.7113449001132683 0.011161078850512667
 0.7204097609881379 0.010939093104567236
 0.7295760597771719 0.010712286846452968
 0.7388437964803701 0.010478189166235575
 0.7482141238013027 0.01022977724545445
 0.7576893471471099 0.009969176397672419
 0.7672706192213616 0.009710170653094699
 0.7769567873204879 0.009457007066868646
 0.7867513095551988 0.009202730051919593
 0.7966553386290645 0.008947278813222636
 0.8066677218385147 0.008695812669226373
 0.8167919172942597 0.008447664621160138
 0.8270279249962995 0.008196329351554002
 0.8373768976482043 0.00792987324854639
 0.847839987953544 0.007640897273672309
 0.8584183486158884 0.00734048976351579
 0.8691142850423782 0.007040142413992977
 0.8799277972330128 0.006733144310917368
 0.8908600378913627 0.0064117263146917
 0.9019133124245676 0.00608213915395706
 0.9130876208326277 0.00575267557218184
 0.9243841158191133 0.005425576270302526
 0.9358051027911641 0.0050998320419270516
 0.9473517344523502 0.004772348161993834
 0.9590240108026719 0.004447247044196453
 0.9708242372492689 0.004137255703691092
 0.9827535664957114 0.0038456209323677313
 0.9948131512455697 0.003562907327205828
 1.0070052969059837 0.0032832095608530984
 1.0193288507733833 0.003007640538050551
 1.0317872709584786 0.0027444611455215173
 1.0443817101648398 0.0025036237071355285
 1.057112168392467 0.002281642054635189
 1.0699821037520698 0.0020675817283451695
 1.082990363540079 0.0018587709232906766
 1.096140405867204 0.0016608386030652522
 1.1094333834370154 0.0014778991431946185
 1.1228692962495128 0.0013089623705268096
 1.1364504497118362 0.0011537847938533094
 1.1501779965275563 0.0010144868749774143
 1.1640577002145227 0.0008915499906057924
 1.178074575626325 0.0007826683489292786
 1.1922528295379342 0.0006885890236870164
 1.20658093491365 0.000607458077207349
 1.2210704187891726 0.0005311703259502459
 1.2356982270931012 0.00045427130253731526
 1.250498940932537 0.00037935832628594043
 1.2654495062360798 0.0003132714506080917
 1.2805614500394291 0.0002621331941557566
 1.2958347723425854 0.00022648432833078224
 1.3112694731455488 0.000200941168477622
 1.326865552448319 0.00018040516498031168
 1.3426345372865964 0.00016204131833200686
 1.3585764276603818 0.0001439339045179977
 1.3746681694982732 0.0001235988510383079
 1.3909443439073725 0.00009925075032869464
 1.4073934238519794 0.00007209856586749056
 1.4240154093320936 0.00004633373293093428
 1.4407987733120151 0.00002691969048585445
 1.4577780968988445 0.000016508347217188664
 1.4749187989854813 0.000013907503873544411
 1.492255460679026 0.000014668917719717628
 1.5097650279080788 0.000013069990438133563
 1.5274590277083389 0.00000504371736187555
 1.545337460079807 -0.00000955077599427396
 1.5634003250224835 -0.00002788659573733915
 1.581659149572068 -0.000046926514746898254
 1.6001024066928606 -0.00006429860612732864
 1.6187416234205616 -0.00007822891005975326
 1.637576799755171 -0.00008688098293875872
 1.6565964086609883 -0.00008860080665065072
 1.6758235042094147 -0.00008228803595010424
 1.6952350323290488 -0.0000669451682777842
 1.7148655741269925 -0.0000415724032179852
 1.7346805484961438 -0.000004980524140790787
 1.7547145365436048 0.00004170154932076045
 1.7749444841979742 0.00009109343465110343
 1.7953819184949524 0.00013107785251020341
 1.81603836647024 0.00015444373454875172
 1.836890774052436 0.00016221450164955302
 1.8579621953129415 0.000155522570665403
 1.8792526302517565 0.00013519993522354327
 1.9007505518331804 0.00010898391204364605
 1.922479014128614 0.00008726728871637099
 1.9444149630666567 0.00007424800011805297
 1.9665814527187093 0.00006885684215639308
 1.9889669560490713 0.00006449785612447432
 2.0115714730577423 0.00005192610451460494
 2.0344180578161244 0.00002838411869659974
 2.0574836562528156 -0.0000029916529045535703
 2.0807797954035165 -0.00003581251282636212
 2.1043064752682277 -0.00006229409012046996
 2.128075222882649 -0.00007994764308668286
 2.1520745112110804 -0.00009411456544523682
 2.176315867289222 -0.00011000888377410046
 2.2007992911170744 -0.00012175681349331797
 2.2255247826946367 -0.00011671981581227684
 2.2504923420219094 -0.00009210159250470295
 2.275701969098893 -0.00005875632889815433
 2.3011536639255867 -0.000032806821451960785
 2.3268704805733917 -0.000022935098101550022
 2.352829364970907 -0.0000216522200113592
 2.3790418441538335 -0.00001874515771124139
 2.4055079181221712 -0.000016615449753504302
 2.432227586875919 -0.000016164642565542038
 2.459212377450779 -0.000005744824174101639
 2.48646228984675 0.00002501532583080875
 2.5139657970281317 0.00006958459125216496
 2.541734426030625 0.00010503394060024394
 2.56977970388993 0.00011487220410603377
 2.5980785765346464 0.00010523453718609118
 2.6266656250718747 0.00008508254786674233
 2.655506268394514 0.00005192032948640478
 2.684635087609666 0.000014303695354523503
 2.7140290286459288 -0.0000059571432690145896
 2.7436996185390043 -0.000007914313879474589
 2.7736583843245914 -0.000003962766748264345
 2.8038937989669908 0.000017007509032260856
 2.8344173895019025 0.00005368582918637966
 2.865217628893626 0.00006648341281817067
 2.8963175712135625 0.000048709491491377576
 2.9276941623903108 0.000032764995848361287
 2.9593704564952716 0.000012283767858562476
 2.991334926492746 -0.00004123813123425569
 3.0235875723827315 -0.00009976992380907523
 3.05613992120093 -0.00011694630575067874
 3.089003499983043 -0.0000975052185727104
 3.122155254657667 -0.0000622782210412822
 3.1556067122605045 -0.000021971189720199213
 3.1893578727915552 0.000015877428951010986
 3.2234202632865188 0.00004834968283284196
 3.257793883745396 0.00007873932783652216
 3.292467207132486 0.0001112507940700773
 3.3274632875191896 0.0001419632255859979
 3.3627590708341066 0.00015748055367621468
 3.3983776111486375 0.00015119748608178363
 3.4343073814270815 0.00013823907146881054
 3.4705483816694382 0.00012900899013672146
 3.507123665947111 0.00010673582825534749
 3.5440101801886956 0.00007286655002880777
 3.5812194514298947 0.000057107633965203956
 3.618751479670707 0.00005656858098826824
 3.656606264911134 0.00005623280598894261
 3.694795334186875 0.00006681716672465892
 3.73330716046223 0.00007240981445540177
 3.772153270772899 0.00006689656244401235
 3.8113336651188834 0.00008504207576075442
 3.85083681646448 0.00010776278443845158
 3.8906857788810933 0.00009312375923533999
 3.93086902533302 0.00006080654273256927
 3.971386555820261 0.000045248342383473445
 4.012249897378517 0.000045629855890990086
 4.053447522972087 0.000049001184466304835
 4.094979432600972 0.00004912758502821735
 4.136868680336572 0.000045424968220409274
 4.179103739143187 0.000040015264196372606
 4.2216730819851165 0.0000372225116247437
 4.264599762933761 0.000037790694918204715
 4.307872254953421 0.00003417955265966839
 4.351490558044095 0.0000224728681525106
 4.3954661992414845 0.00001137021366711685
 4.4397876515098895 0.000008546894235388945
 4.48446644188501 0.000005493252039734952
 4.529491043331144 -0.0000030932934215061715
 4.574884509919695 -0.000009907682786637464
 4.620623787579261 -0.000011049314929542743
 4.666731930381242 -0.000009762656228894782
 4.713197411289939 -0.00000926251759307455
 4.7600087032696505 -0.000005537431063132441
 4.807188860391777 0.000004453369351127892
 4.854737882656321 0.000015675230829574088
 4.90264424302758 0.00002286273860603409
 4.9509079415055535 0.000025724420570044048
 4.999540505125943 0.000026344017725947053
 5.048541933888749 0.00002631097939418421
 5.09790070075827 0.000026118457257208168
 5.147628332770207 0.000025885577170939914
 5.19772482992456 0.000025698606868038932
 5.248178665185628 0.000025511442812885088
 5.299012892624813 0.000025365652477251145
 5.350204458170713 0.000025260705331356088
 5.401776415894728 0.000025119062324666
 5.45370571172546 0.00002498193483551737
 5.506003872698607 0.00002487913759144132
 5.558682425849871 0.000024780475568831047
 5.611718317107851 0.00002464611153880627
 5.665134600543945 0.000024547533328582033
 5.718919749122457 0.000024490034825196913
 5.773073762843384 0.000024360382846002846
 5.827596641706727 0.000024268322057853837
 5.882488385712486 0.0000242138443368605
 5.9377489948606605 0.000024157348498535012
 5.993389996186952 0.00002406893461007942
 6.049388335619959 0.000023981237589041505
 6.105767067231081 0.000023930042183582568
 6.162503136948919 0.000023879309698427042
 6.219619598844874 0.00002379495159844794
 6.277093398847543 0.000023745516561523533
 6.334947591028329 0.000023697328704125683
 6.393159121315831 0.00002364914377332397
 6.451751043781449 0.00002363577801682404
 6.510700304353782 0.00002355767325117992
 6.570018430068531 0.000023513706870733374
 6.629693893889995 0.000023468239885550327
 6.689749749889576 0.00002345814100732796
 6.750151416960172 0.000023448595864050263
 6.810933476208884 0.000023373911642542063
 6.87206134652861 0.000023366786303191415
 6.933558081990753 0.00002335573683473244
 6.995423682595312 0.000023348774280283586
 7.057635094270886 0.00002334443963536212
 7.120203844053174 0.000023306142936855745
 7.183129931942179 0.000023299774053361557
 7.2464133579378975 0.000023293477152166325
 7.310054122040333 0.0000232893483201429
 7.374040697213782 0.000023316072622757602
 7.438384610493946 0.00002331411307456115
 7.503062807809426 0.000023311862167864263
 7.568098343231622 0.000023338191392387367
 7.633479689724831 0.000023335989891559814
 7.699206847289055 0.00002336584050860127
 7.765268288888594 0.000023395551843767953
 7.8316755415591475 0.000023424795307405024
 7.898417078265016 0.000023455918247570383
 7.965492899006198 0.00002348658528002169
 8.032903003782696 0.000023546344954988434
 8.100647392594507 0.000023576404118957027
 8.168726065441632 0.00002360801782811006
 8.237127495288371 0.000023672279566773468
 8.305840155099023 0.000023733981794348187
 8.374887098944992 0.000023793109666281892
 8.444256799790573 0.000023855630351702362
 8.513937730600066 0.000023919564183421968
 8.583929891373474 0.000024011121126971545
 8.654233282110795 0.000024100020441422978
 8.724859429847731 0.000024163983495213152
 8.795773753477176 0.000024257207560040083
 8.866999307070538 0.000024375493215220967
 8.938524563592113 0.00002446911878741869
 9.010337996006198 0.000024561877023418486
 9.082451131348497 0.000024681353028525483
 9.154852442583309 0.000024827122895997664
 9.227553456746332 0.000024948601760183447
 9.300519592730469 0.000025070934305025533
 9.373773904607116 0.00002521751134892262
 9.447304865340575 0.000025337998416514223
 9.521112474930847 0.00002551306392297661
 9.595185206342231 0.00002568905026126257
 9.669523059574725 0.00002583702967774787
 9.74412603462833 0.000026012524422181476
 9.818982604467347 0.000026215208694448145
 9.894092769091776 0.000026416616320714095
 9.969456528501613 0.000026616579607312494
 10.045073882696864 0.00002681935639012663
 10.120921777606123 0.00002704681637011299
 10.197023267300793 0.000027300997148700425
 10.273343770673772 0.00002755562229448932
 10.349906341796464 0.000027808781986086262
 10.426687926597461 0.000028064559973725932
 10.503688525076772 0.000028370292095506732
 10.58090813723439 0.00002865091292935512
 10.658335236034617 0.000028955377222379882
 10.735981348513153 0.000029311434200880814
 10.813823420598599 0.000029642337830990635
 10.891872979326653 0.00002999906241470706
 10.970106970625915 0.00003038157894001097
 11.048536921532085 0.000030787438762612514
 11.127151305009463 0.00003119596913131318
 11.20593859402235 0.00003162769389137846
 11.284910315606442 0.00003208494729511297
 11.364043415690343 0.00003256751333163792
 11.443349421309751 0.00003309800739517062
 11.522816805428967 0.00003363359224957559
 11.602422513976586 0.00003419205528290502
 11.682189601024016 0.000034803134912706006
 11.762071958428447 0.00003542151761160335
 11.84218485654689 0.000036061636972377166
 11.922413025022337 0.00003680124538336303
 12.002641193497785 0.00003756269004874002
 12.083099902687243 0.00003836811234732554
 12.163673882233704 0.000039222443272624944
 12.244363132137172 0.000040098809400838394
 12.325167652397644 0.00004110021824270998
 12.405972172658117 0.00004214397112361807
 12.4870072336326 0.00004325788144653369
 12.56804229460708 0.00004444155462930524
 12.649307896295573 0.00004575174877925498
 12.730458227627063 0.000047158133081521055
 12.811839099672557 0.00004867390287352111
 12.893219971718056 0.00005036665340140575
 12.97471611412056 0.00005217855304501713
 13.05621225652306 0.000054221365939985746
 13.137708398925561 0.00005646818851132203
 13.21931981168507 0.00005896059400795518
 13.30104649480158 0.00006177868877623927
 13.382773177918093 0.00006507328406553945
 13.4643845906776 0.00006881105676512571
 13.546226544151118 0.00007322050286252563
 13.62795322726763 0.0000784288964951729
