 0.0019028581025733434 2.3051266E-8
 0.00573094529235787 4.7986567E-7
 0.009604071963440288 0.0000022212193
 0.013522785154054983 0.000006108842
 0.017487516736492265 0.000012813915
 0.021498938512092603 0.000022701691
 0.025557530338956344 0.00003580824
 0.02966382006099385 0.000051892403
 0.03381838350792554 0.000070520176
 0.03802179650947183 0.000091151894
 0.042274682881163136 0.00011321861
 0.04657747449528979 0.00013618112
 0.050930699195762145 0.00015956904
 0.0553353166987809 0.00018300131
 0.05979175887663633 0.00020619156
 0.06430050558742881 0.00022894287
 0.06886203668925867 0.00025113508
 0.0734777917564269 0.00027270667
 0.07814729093083321 0.00029363405
 0.08287149392867824 0.00031391356
 0.08765136046616269 0.00033355055
 0.09248737040138688 0.00035255636
 0.09738048345055152 0.00037095092
 0.1023306996136566 0.00038876572
 0.10733897860690277 0.00040604175
 0.11240628014649073 0.00042282242
 0.11753308409052082 0.00043914567
 0.1227198702970934 0.00045503627
 0.12796759848240913 0.00047049878
 0.13327722836266867 0.00048551635
 0.13864875993787207 0.00050005957
 0.14408363278232028 0.00051410169
 0.14958184689601337 0.00052763204
 0.15514532171135267 0.00054066345
 0.1607735773702378 0.00055323198
 0.16646757358886954 0.00056538509
 0.1722287499415488 0.0005771606
 0.178057586286376 0.00058857142
 0.18395456248145142 0.00059960527
 0.1899211181010761 0.00061022461
 0.1959572531452501 0.00062036425
 0.202063927330174 0.00062994554
 0.20824258023014888 0.00063890341
 0.21449369170327506 0.000647206
 0.22081774160765288 0.00065486025
 0.22721616951758336 0.00066189981
 0.2336894552911669 0.00066835641
 0.24023855864460403 0.00067423514
 0.24686443929409554 0.00067951754
 0.25356805695584217 0.0006838419417435861
 0.26034989148794413 0.0006882168
 0.2672113824647025 0.00069161229
 0.2741530097442176 0.00069436484
 0.2811762129007905 0.00069644345
 0.28828147179252145 0.00069777086
 0.2954697461356112 0.00069824884
 0.3027419956462604 0.00069780491
 0.3100996598987701 0.00069643443
 0.31754369860934095 0.00069421113
 0.3250745916360733 0.00069124867
 0.3326932986951678 0.00068765973
 0.3404012593609255 0.00068354521
 0.34819943334954717 0.00067898339
 0.3560887803772333 0.00067401294
 0.3640702601601847 0.00066863131
 0.3721453122727023 0.00066280463
 0.38031441657288656 0.00065648117
 0.38857901263503847 0.00064959038
 0.3969405400334589 0.00064203897
 0.40539947862624837 0.00063374641
 0.4139572679877078 0.00062470614
 0.42261486783403795 0.00061499515
 0.4313737177395398 0.00060472162
 0.44023477742041395 0.00059395896
 0.4491994864509616 0.00058271181
 0.45826832468928286 0.00057098359
 0.46744321156777924 0.00055887085
 0.4767255866607517 0.00054653823
 0.48611544996820033 0.0005341277
 0.4956166403549278 0.00052172416
 0.5052281981047334 0.00050934413
 0.5149501232176171 0.00049695808
 0.5247872142745824 0.0004845268
 0.5347346726946258 0.00047200371
 0.5448020956397542 0.00045937802
 0.5549846845289641 0.00044670901
 0.565287237943259 0.00043408717
 0.5757097558826387 0.00042162313
 0.5862570369281069 0.00040946455
 0.59692428249866 0.00039776041
 0.607711492594298 0.00038659685
 0.6186282643770278 0.00037594512
 0.6296745978468492 0.00036570102
 0.6408456944227591 0.00035579362
 0.6521463526857607 0.00034619227
 0.6635813712168573 0.00033678502
 0.6751459514350459 0.00032732442
 0.6868496905023328 0.00031762045
 0.698687789837715 0.00030774145
 0.7106602494411922 0.00029819109307631
 0.722771867893768 0.00028852973
 0.7350274437764458 0.00027953895
 0.747422178508222 0.00027105293
 0.7599656692511035 0.00026283876
 0.772653117424087 0.00025447777
 0.7854845230271725 0.0002459377
 0.7984646846413633 0.00023739417
 0.8115984008476628 0.00022888905
 0.824885671646071 0.00022038744
 0.8383216984555847 0.00021196664
 0.8519208770192137 0.00020361751
 0.865668811593948 0.00019517718
 0.8795846965038013 0.00018665432
 0.8936541360057634 0.00017828949
 0.9078915258428444 0.00017021506
 0.9222920674340409 0.00016231774
 0.9368605593603564 0.00015448695
 0.9515970016217906 0.00014689769
 0.9665013942183439 0.00013960699
 0.9815833343120228 0.00013219373
 0.9968332247408207 0.00012440654
 1.0122654612477477 0.00011659252
 1.027870446670797 0.00010926081
 1.0436625767529788 0.00010259094
 1.0596322543322865 0.000096396461
 1.075784277989723 0.000090388929
 1.0921282448872955 0.000084401907
 1.1086593564440006 0.000078410663
 1.1253776126598383 0.000072516587
 1.1422926106968152 0.000066889295
 1.159399551973928 0.000061601531
 1.1767080336531834 0.000056578301
 1.1942132571535782 0.000051776764
 1.2119200210561156 0.000047267046
 1.2298283253607958 0.000043076305
 1.2479477672296257 0.000039157386
 1.266268749500598 0.000035476585
 1.2848056679167232 0.000032034381
 1.3035585224780015 0.000028852882
 1.3225225146034292 0.000025904639
 1.3417024428740099 0.00002313008
 1.36110790445175 0.00002055666
 1.3807341007556466 0.000018247219
 1.4005858303667031 0.00001618981
 1.420663093284919 0.000014337595
 1.4409754866723015 0.000012674604
 1.461518211947847 0.000011216615
 1.482296067692559 0.0000099784694
 1.5033090539064375 0.000008938583
 1.5245667677514894 0.000008093460252048032
 1.5460692092277144 0.0000072386081
 1.5678115797541092 0.0000064593354
 1.5898082750736846 0.0000056847207
 1.6120544966054362 0.0000049449308
 1.634555042930368 0.0000042849654
 1.6573147126294834 0.0000037183935
 1.680333505702782 0.0000032316667
 1.7036114221502643 0.0000028145727
 1.7271580591339366 0.0000024726436
 1.750978215234803 0.0000022120358
 1.775062293290856 0.0000020222866
 1.799424689045106 0.0000018793124
 1.8240654024975533 0.0000017593752
 1.8489844336481975 0.0000016472587
 1.874186581078042 0.000001536697
 1.8996766433680907 0.0000014280779
 1.9254594190993464 0.0000013253822
 1.9515301096908062 0.0000012325188
 1.9778983123044767 0.0000011508455
 2.004568825521361 0.0000010793054
 2.0315416493414595 0.0000010158982
 2.058816783764772 9.5873752E-7
 2.0864086245343088 9.062801E-7
 2.114307574488063 8.570935E-7
 2.1425232307880413 8.0975539E-7
 2.171055593434244 7.6310455E-7
 2.199914259588678 7.1653935E-7
 2.229099229251343 6.7014236E-7
 2.258615301003242 6.245108E-7
 2.288467273425379 5.8010778E-7
 2.3186503479367504 5.3653834E-7
 2.3491789202803663 4.9266888E-7
 2.380048191875224 4.4784268E-7
 2.411267759883329 4.0265137E-7
 2.442837624304683 3.5844606E-7
 2.474762583720288 3.1679817E-7
 2.5070474367111477 2.7892502E-7
 2.5396969818582655 2.4522019E-7
 2.5727112191616417 2.156932E-7
 2.6060997457832826 1.9038609E-7
 2.639862561723189 1.6903423E-7
 2.67399966698136 1.5084855E-7
 2.708525457300807 1.3510285E-7
 2.743435134100525 1.2158853E-7
 2.7787382945425216 1.0998877E-7
 2.814434938626797 9.9828321E-8
 2.8505298649343547 9.1473574E-8
 2.8870278720461977 8.5438032E-8
 2.9239337585433294 8.0802905E-8
 2.9612523230067533 7.565233528156767E-8
 2.998988364017473 7.0444147E-8
 3.0371466801564915 6.4651128E-8
 3.075727271423809 5.9360622E-8
 3.114734936400428 5.4855017E-8
 3.1541792722483577 5.04443E-8
 3.1940650775485993 4.5048968E-8
 3.2343875537201505 3.8439405E-8
 3.2751610965060203 3.1569238E-8
 3.3163905044872135 2.5517229E-8
 3.3580709790827257 2.0965814E-8
 3.4002169160355677 1.8009512E-8
 3.4428283153457393 1.6059148E-8
 3.485909975594244 1.4576524E-8
 3.529466695362085 1.3303991E-8
 3.573503273230265 1.2021426E-8
 3.6180293063607927 1.0583655E-8
 3.6630447947536666 9.0151276E-9
 3.7085545369898902 7.44725E-9
 3.754568130231471 6.0237013E-9
 3.801085574478408 4.8106526E-9
 3.848111668311706 3.8066354E-9
 3.8956560088933703 2.9640982E-9
 3.9437233948044046 2.2040697E-9
 3.9923138260448097 1.4962471E-9
 4.041436899776592 9.1229198E-10
 4.091097414580754 5.690791E-10
 4.141300169038301 6.064137109520412E-10
 4.192054760311239 6.4415871E-10
 4.243356389818564 8.5680906E-10
 4.295219453303286 1.0314339E-9
 4.347648749346409 1.1320575E-9
 4.400644277947934 1.1496139E-9
 4.4542204348508685 1.0195878E-9
 4.508372421474212 6.9568502E-10
 4.563114633560972 2.759356E-10
 4.618451869692155 -9.1328111E-11
 4.674384129867759 -1.6357854114011472E-10
 4.73092101124979 -8.775140926037906E-11
 4.788067312419254 -1.1106925E-11
 4.845847026281165 1.9048515E-10
 4.904197771282481 2.5608972E-10
 4.963220317624272 2.1352391E-10
 5.022866679496506 1.5516878E-10
 5.083184842709215 1.7374297038004742E-10
 5.144078835642332 1.9249448E-10
 5.205692615725958 2.8011405E-10
 5.267930211340027 3.5159329E-10
 5.33083960829457 3.0119499E-10
 5.39442080658959 9.5316647E-11
 5.458673806225085 -2.4722763E-10
 5.523598607201056 -6.3912477E-10
 5.589243195327536 -7.290851064013081E-10
 5.655607570604527 -5.548681453206993E-10
 5.7225957614119585 -3.7901357E-10
 5.790351725179933 3.2341196E-10
 5.858827476098419 1.0036503E-9
 5.9280230141674135 1.3198325E-9
 5.997890353576884 1.1141113E-9
 6.068573451756932 6.5075935E-10
 6.139928351277456 5.549683909628874E-10
 6.212099009568557 5.674357345526383E-10
 6.284989455010169 5.8002742E-10
 6.358647673412323 5.4945441E-10
 6.433073664775021 2.363936E-10
 6.508267429098264 -2.6645363E-10
 6.5842769521920825 -9.0871772E-10
 6.661054248246446 -1.6294463E-9
 6.738647303071387 -2.2516641E-9
 6.817056116666905 -2.387253211023142E-9
 6.896232703222967 -2.393782540984509E-9
 6.976273034359641 -2.249833722499377E-9
 7.057081138456858 -2.1045041E-9
 7.138800972944721 -1.4020283E-9
 7.221288580393128 -4.0138849E-10
 7.3046879182321796 5.5353174E-10
 7.38890301484181 1.4509675E-9
 7.47398185603205 2.4996952E-9
 7.559972427612936 3.4877972E-9
 7.646778757964401 3.8455863E-9
 7.734496818706511 3.968468936734693E-9
 7.823126609839266 4.0926288E-9
 7.912620145552634 6.2488006E-9
 8.00307339746668 9.6894538E-9
 8.094390393961339 1.3100486E-8
 8.186667106656676 1.5016423E-8
 8.27985554974266 1.4275356E-8
 8.373955723219288 1.2255238E-8
 8.469063598706631 1.0910925E-8
 8.565083204584619 1.0731280274738935E-8
 8.662062526663286 1.0734375322930124E-8
 8.760001564942632 1.0737501E-8
 8.858948305232694 1.1925757E-8
 8.958854761723433 1.3899722E-8
 9.059768920224887 1.5033424E-8
 9.161690780737056 1.4928682E-8
 9.264620343259935 1.4247576E-8
 9.368557607793528 1.3629413E-8
 9.473502574337836 1.3057712E-8
 9.579455242892857 1.2569864E-8
 9.68651158507866 1.2746790312290877E-8
 9.794575629275176 1.2925382E-8
 9.90369536129244 1.1536018E-8
 10.013870781130452 9.6057056E-9
 10.12510188878921 8.3173699E-9
 10.23743667007875 6.9203924E-9
 10.350875124999073 5.5449672E-9
 10.465369267740142 5.741398294932221E-9
 10.580967084111991 5.9397229E-9
 10.697716559924658 7.1523918E-9
 10.81552172355807 7.676667E-9
 10.934526532442334 6.7053925E-9
 11.054587029147344 5.5810823E-9
 11.175847171103204 4.8142372E-9
 11.298210986689845 3.7740881E-9
 11.421726461717302 2.2745238E-9
 11.546441581995609 1.0408384E-9
 11.672308361714729 -4.8040354E-10
 11.7993747866847 -1.9494456E-9
 11.927592871095488 -2.9403292E-9
 12.057058586567157 -3.0159886863468633E-9
 12.187675961479643 -2.4033261084243442E-9
 12.31954096745301 -1.7848115E-9
 12.45260561867723 -9.7214225E-10
 12.586869915152295 -3.3174669E-10
 12.722381842688247 7.660754E-10
 12.859189387095117 1.6593887E-9
 12.997196576752835 1.3063851648944252E-9
 13.136451397471435 1.5612878029521193E-9
 13.276953849250921 1.8184742E-9
 13.418751917901321 2.254448E-9
 13.56184560342264 3.6642106E-9
 13.706186920004843 6.1741865E-9
 13.851871839267996 7.7420103E-9
 13.998804389592035 6.9491901E-9
 14.147080542597026 5.8258871E-9
 14.296652312472931 5.2914363E-9
 14.447519699219754 4.2946522E-9
 14.599778674457564 2.5946448E-9
 14.75333326656629 1.3337544E-9
 14.908231461355967 8.9345546E-10
 15.064473258826595 8.5249002E-10
 15.222058658978177 -2.3872651E-10
 15.381035647620743 -2.8705777E-9
 15.541356238944259 -2.890577998345999E-9
 15.703068418758761 -2.5211683472267796E-9
 15.866172187064251 -2.1485798E-9
 16.030619558050688 -1.6112426E-9
 16.19650650333815 -1.3552049E-9
 16.363785037116592 -8.9469409E-10
 16.53245515938602 -1.1654814E-10
 16.70256485595647 6.1404134E-11
 16.874066141017902 -8.2935252E-12
 17.046959014570323 -9.9660062E-11
 17.221339448233792 -1.1502792234420383E-10
 17.397159456198285 -1.1644056076351022E-10
 17.57437105265376 -1.1015869618219119E-10
 17.75307020922029 -1.038241E-10
 17.933208940087844 -9.1424422E-11
 18.11478724525641 -8.1084337E-11
 18.297853110536032 -7.2447458E-11
 18.482358550116672 -6.5069298E-11
 18.66835154980837 -5.8610552E-11
 18.855784123801083 -5.2851243E-11
 19.044752243714882 -4.7658019E-11
 19.235159937929705 -4.2950303E-11
 19.427103178065614 -3.8676339E-11
 19.620533978312576 -3.4798759E-11
 19.815404352860554 -3.1286792E-11
 20.011810273329623 -2.8112498E-11
 20.209751739719778 -2.5249219E-11
 20.409180766220985 -2.2671139E-11
 20.610097352833247 -2.0353325E-11
 20.8125494853666 -1.8271947E-11
 21.01653716382103 -1.6404494E-11
 21.22201240238652 -1.4729949E-11
 21.4290231868731 -1.3228885E-11
 21.637569517280763 -1.18835E-11
 21.84760340779948 -1.0677594E-11
 22.059220830049316 -9.5965134E-12
 22.27232581241021 -8.6270603E-12
 22.487014326502223 -7.7573933E-12
 22.70319040070529 -6.9769165E-12
 22.92090202082944 -6.2761679E-12
 23.14019717268472 -5.6467109E-12
 23.360979884651044 -5.0810297E-12
 23.583346128348495 -4.572433E-12
 23.807247917967032 -4.1149638E-12
 24.032685253506653 -3.7033186E-12
 24.259658134967367 -3.3327737E-12
 24.488166562349164 -2.9991195E-12
 24.718210535652048 -2.6986015E-12
 24.949838040686057 -2.4278683E-12
 25.18295310583112 -2.1839256E-12
 25.4176517027073 -1.9640953E-12
 25.653837859694534 -1.7659794E-12
 25.891607548412892 -1.5874288E-12
 26.130864797242296 -1.4265151E-12
 26.371705577802828 -1.2815063E-12
 26.614033918474412 -1.1508454E-12
 26.85794579087712 -6.4712472E-13
 27.103345223390875 -7.390839153547755E-13
 27.35028020182572 -7.423604436163589E-13
 27.598702740371618 -7.054427399548697E-13
 27.848708810648642 -6.6828971E-13
 28.10015445522668 -5.9868117E-13
 28.353183631535842 -5.3607547E-13
 28.607652382146018 -4.7978967E-13
 28.863656678677287 -4.2920632E-13
 29.121196521129644 -3.837671E-13
 29.380175937883017 -3.4296705E-13
 29.640642914747442 -3.0634949E-13
 29.902597451722922 -2.7350135E-13
 30.166039548809458 -2.4404909E-13
 30.430969206007045 -2.1765492E-13
 30.69733843750565 -1.9401347E-13
 30.965195229115306 -1.7284873E-13
 31.234443609215955 -1.5391129E-13
 31.505179549427652 -1.3697586E-13
 31.77735506394037 -1.2183904E-13
 32.050970152754104 -1.0831722E-13
 32.32597683005883 -9.624477E-14
 32.60242308166457 -8.5472313E-14
 32.8802609217613 -7.5865229E-14
 33.159490350349 -6.7302241E-14
 33.440111367427704 -5.9674157E-14
 33.72212397299739 -5.2882717E-14
 34.00552816705806 -4.6839555E-14
 34.29027596379967 -4.1465242E-14
 34.57631937741221 -3.6688429E-14
 34.86375437951574 -3.244506E-14
 35.15253298430021 -2.8677667E-14
 35.442607205955596 -2.5334718E-14
 35.733977044481904 -2.2370036E-14
 36.02664249987913 -1.9742269E-14
 36.32065155795731 -1.7414406E-14
 36.615860261286336 -1.5353346E-14
 36.91236458148628 -1.35295E-14
 37.21011653274711 -1.1916437E-14
 37.50906812925878 -1.0490563E-14
 37.80926735683134 -9.2308263E-15
 38.110666229654754 -8.1184581E-15
 38.413312733539044 -7.1367349E-15
 38.71706291105412 -6.2707645E-15
 39.02201273382004 -5.5072939E-15
 39.32811421602678 -4.8345363E-15
 39.63536735767433 -4.2420152E-15
 39.94372417295267 -3.7204245E-15
 40.253184661861795 -3.2615028E-15
 40.563748824401685 -2.8579204E-15
 40.875368674762335 -2.345765E-15
 41.18804421294373 -2.1915179E-15
 41.50177543894587 -1.9178386E-15
 41.81656235276876 -1.6776261E-15
 42.13230898279233 -1.4668874E-15
 42.449111300636645 -1.2820922E-15
 42.766825348871606 -1.1201212E-15
 43.085547099117285 -9.7822007E-16
 43.4051805797536 -8.5395777E-16
 43.725725790780565 -7.4519007E-16
 44.04718273219818 -6.5002663E-16
 44.3695034181964 -5.6680186E-16
 44.69273583458527 -4.9404903E-16
 45.01678400974472 -4.304772E-16
 45.34169592948478 -3.7495076E-16
 45.66737562218538 -3.2647127E-16
 45.99387107365656 -2.8416132E-16
 46.32113429808828 -2.4725029E-16
 46.649117309670515 -2.1506167E-16
 46.977868094213285 -1.8700189E-16
 47.30729068009654 -1.6255036E-16
 47.6374330531303 -1.4125075E-16
 47.96824722750454 -1.2270327E-16
 48.299637231599185 -1.0655778E-16
 48.63169903703431 -9.2507775E-17
 48.96424070056976 -8.028508E-17
 49.2977420803059 -6.9655154E-17
 49.631723318142384 -6.0412941E-17
 49.96570455597887 -5.237923E-17
 50.300645510016025 -4.539748E-17
 50.63606632215352 -3.9330966E-17
 50.971966992391366 -3.4060313E-17
 51.30834752072954 -2.9481313E-17
 51.644728049067716 -2.5503023E-17
 51.98206829360658 -2.2046069E-17
 52.31940853814543 -1.9041154E-17
 52.65770849888497 -1.6427793E-17
 52.99552860152418 -1.4153148E-17
 53.334308420364046 -1.2171024E-17
 53.67308823920393 -1.0440981E-17
 54.01234791614415 -8.9275768E-18
 54.35160759308436 -7.5996643E-18
 54.690867270024576 -6.4297786E-18
 55.03060680506514 -5.3936152E-18
 55.37082619820603 -4.4695177E-18
 55.71104559134693 -3.6380779E-18
 56.05078512638748 -2.8817394E-18
 56.39148437762873 -2.184409E-18
 56.73170377076963 -1.5311757E-18
