 0.00045709998988886276 6.7351152E-8
 0.0013766738737101593 0.000001123801
 0.0023070670332399406 0.0000051167707
 0.0032484108766851925 0.000014233012
 0.00420080914736722 0.000030549603
 0.005164423223785829 0.000055716586
 0.006139368376298025 0.000090713563
 0.0071257714022965124 0.00013574672
 0.0081237706262097 0.00019028763
 0.009133504372465991 0.00025321364
 0.010155122492529492 0.00032299831
 0.011188728729721509 0.00039790766
 0.012234449881434748 0.00047617243
 0.013292516488383215 0.00055612048
 0.014363032293888217 0.000636265
 0.01544611256830676 0.00071535231
 0.016541872581995846 0.00079237734
 0.017650658146026493 0.00086657654
 0.0187723539900417 0.00093740665
 0.019907190654755463 0.0010045156
 0.021055398680881805 0.0010677087
 0.02221709333877773 0.001126913
 0.023392505169157238 0.0011821444
 0.02458163417202034 0.0012334818
 0.025784710888081038 0.0012810496
 0.027001965858053346 0.0013250065
 0.028233514352294268 0.0013655375
 0.02947947164116081 0.0014028465
 0.030740068265366984 0.0014371493
 0.03201553476562679 0.0014686674
 0.033305871141940245 0.0014976209
 0.03461142320537834 0.0015242226
 0.0359321909559411 0.0015486701
 0.03726863547505654 0.0015711415
 0.03862064149236763 0.001591795
 0.03998843954858841 0.0016107737
 0.04137237545478988 0.0016282086
 0.04277256448132905 0.0016442181
 0.04418912189856292 0.0016589078
 0.04562239351756251 0.0016723762
 0.04707237933832783 0.0016847236
 0.04853930990157286 0.0016960529
 0.05002353101836865 0.001706461
 0.05152515795907218 0.001716032
 0.053044305994040454 0.0017248371
 0.05458132093434451 0.0017329345
 0.05613631805034133 0.0017403718
 0.05770952788274493 0.0017471946
 0.05930118097226932 0.0017534502
 0.06091150785962853 0.0017589086060420596
 0.06254062381517954 0.0017644307
 0.06418887464999337 0.0017692139
 0.06585637563442702 0.0017735514
 0.06754347257955151 0.0017774651
 0.06925028075572387 0.0017809824
 0.07097703070365807 0.001784131
 0.07272395296406814 0.0017869329
 0.07449139334802508 0.0017894049
 0.07627958239624294 0.0017915676
 0.07808863537907867 0.0017934569
 0.07991878283724632 0.0017951247
 0.0817703705818169 0.0017966286
 0.08364362915350439 0.0017980252
 0.08553878909302283 0.0017993621
 0.08745608094108621 0.0018006611
 0.08939585050876557 0.0018018996
 0.0913582130664179 0.0018030139
 0.09334351442511422 0.0018039314
 0.09535210039592552 0.0018046041
 0.09738408624920886 0.0018050197
 0.09943981779603518 0.0018051904
 0.10151952557711856 0.0018051373
 0.10362355540352998 0.0018048741
 0.10575213781598344 0.0018044075
 0.10790561862555 0.0018037543
 0.11008411310258662 0.001802945
 0.11228808232852132 0.0018020022
 0.11451787211442513 0.0018009211
 0.11677348246029806 0.0017996786
 0.11905583552899614 0.0017982584
 0.12136470077980537 0.0017966679
 0.1237000782127257 0.0017949348
 0.12606312053132726 0.0017930832
 0.12845267503203994 0.0017911106
 0.13087104712200387 0.0017890073
 0.133317084097649 0.0017867768
 0.13579193866254535 0.0017844104
 0.13829561081669292 0.0017818764
 0.1408292532636618 0.0017791625
 0.14339171329988193 0.0017763064
 0.14598299092535327 0.0017733584
 0.14860539154721597 0.0017703374
 0.15125891516547 0.0017672424
 0.1539424090765453 0.0017640796
 0.156657025984012 0.0017608725
 0.15940391859143999 0.0017576737
 0.16218193419525936 0.0017545437
 0.1649933782026102 0.0017515065
 0.1678370979099224 0.0017485307
 0.170713093317196 0.0017455515139071529
 0.173622517128001 0.0017425377
 0.17656652204590753 0.0017394353
 0.1795439553673455 0.0017361876
 0.18255712249945494 0.0017327478
 0.18560487073866594 0.0017291361
 0.1886872000849784 0.0017254107
 0.1918052632419624 0.0017216049
 0.19496021291318794 0.0017177037
 0.1981520490986551 0.0017136816
 0.20137961909479382 0.0017095403
 0.20464638101231422 0.0017052746
 0.2079488767405061 0.0017008502
 0.21129171709364974 0.0016962587
 0.214671443961035 0.0016915343
 0.21809151545337196 0.0016867088
 0.22155077886709063 0.0016817447
 0.225050386905761 0.0016765786
 0.22859033956938313 0.0016712479
 0.232170636857957 0.0016658505
 0.23579358417862267 0.0016604241
 0.2394568761242401 0.0016549647
 0.24316397080551938 0.001649526
 0.24691256281532048 0.001644169
 0.25070611026435347 0.0016388604
 0.25454230774547837 0.001633537
 0.25842230796226506 0.001628192
 0.2623484163218538 0.0016228
 0.26631948012067447 0.0016172888
 0.270335499358727 0.0016116109
 0.27439877944315166 0.0016057772
 0.2785081676703782 0.0015998496
 0.2826659694475469 0.001593838
 0.2868710320710876 0.0015876653
 0.29112450824457037 0.0015813135
 0.29542639796799525 0.0015748513
 0.2997790066485023 0.0015683189
 0.3041800288789514 0.0015616835
 0.3086329227700528 0.0015548337
 0.31313768832180633 0.0015476739
 0.31769317283064213 0.001540243
 0.3223005290001301 0.0015326396
 0.3269620622374104 0.0015249018
 0.331676619838913 0.0015169137
 0.33644535450820795 0.0015084686
 0.3412682662452952 0.0014995217
 0.3461476604573149 0.0014902146
 0.35108238444069695 0.0014806325
 0.3560735908990114 0.0014708053
 0.36112127983225834 0.0014608397
 0.3662277566475778 0.0014510347891033555
 0.3713930213449697 0.001441117
 0.3766159212208641 0.0014314693
 0.38189991438597126 0.0014218655
 0.3872438481367209 0.0014122177
 0.3926488751766831 0.0014024977
 0.39811614820942814 0.0013925855
 0.4036456672349557 0.0013823419
 0.40923743225326603 0.0013717651
 0.4148937486714991 0.0013608883
 0.42061576919322496 0.0013497242
 0.4264011884113036 0.0013383117
 0.4322534644364451 0.0013267712
 0.43817259726864943 0.0013152336
 0.44415858690791665 0.001303651
 0.4502125860578168 0.0012917974
 0.45633574742191996 0.0012795933
 0.46252922370379607 0.0012670687
 0.46879186219987523 0.0012542251
 0.4751259683172974 0.0012410954
 0.48153269475963273 0.0012277892
 0.48801204152688116 0.0012143994
 0.4945640086190427 0.0012009377
 0.5011920541468275 0.0011873418
 0.5078938727030955 0.0011734849
 0.5146717696949867 0.0011594242
 0.5215257451225013 0.0011452158
 0.5284581043927792 0.0011307447
 0.5354688475058206 0.0011159721
 0.5425591271651953 0.0011008266
 0.5497300960744733 0.0010851748
 0.556980601530085 0.0010691129
 0.5643141016427401 0.0010528577
 0.5717294437088687 0.0010366505
 0.579228933135611 0.0010207671
 0.5868125699229669 0.0010050665
 0.5944815067745065 0.00098917845
 0.6022368963937997 0.00097308529
 0.6100798914844168 0.00095673453
 0.6180104920463576 0.0009400219
 0.6260310034867622 0.00092306925
 0.6341414258056307 0.00090618649
 0.6423417590029631 0.00088944567
 0.6506354611894696 0.00087263636
 0.6590213796615799 0.000855436
 0.6675018198264343 0.00083766333
 0.6760767816840328 0.00081950406
 0.6847474179379455 0.00080109926
 0.6935148812917422 0.00078247885
 0.7023803244489931 0.0007635201
 0.7113449001132683 0.0007436881682539479
 0.7204097609881379 0.00072363438
 0.7295760597771719 0.00070351286
 0.7388437964803701 0.00068336399
 0.7482141238013027 0.00066270994
 0.7576893471471099 0.00064163654
 0.7672706192213616 0.00062075311
 0.7769567873204879 0.00060017524
 0.7867513095551988 0.00057967604
 0.7966553386290645 0.00055922053
 0.8066677218385147 0.00053892362
 0.8167919172942597 0.00051886935
 0.8270279249962995 0.000498873
 0.8373768976482043 0.00047861115
 0.847839987953544 0.00045818577
 0.8584183486158884 0.00043793921
 0.8691142850423782 0.00041798057
 0.8799277972330128 0.0003981913
 0.8908600378913627 0.00037876883
 0.9019133124245676 0.00035982062
 0.9130876208326277 0.00034122516
 0.9243841158191133 0.00032305891
 0.9358051027911641 0.00030525513
 0.9473517344523502 0.00028765291
 0.9590240108026719 0.00027033397
 0.9708242372492689 0.0002533585
 0.9827535664957114 0.0002366094
 0.9948131512455697 0.00022011481
 1.0070052969059837 0.00020433943
 1.0193288507733833 0.00018944195
 1.0317872709584786 0.00017536712
 1.0443817101648398 0.00016197888
 1.057112168392467 0.00014906589
 1.0699821037520698 0.00013663549
 1.082990363540079 0.00012487256
 1.096140405867204 0.00011369682
 1.1094333834370154 0.00010301179
 1.1228692962495128 0.000092952959
 1.1364504497118362 0.00008369325
 1.1501779965275563 0.000075102606
 1.1640577002145227 0.000067010378
 1.178074575626325 0.000059560328
 1.1922528295379342 0.000052663075
 1.20658093491365 0.000046132231
 1.2210704187891726 0.000040093233
 1.2356982270931012 0.00003466003
 1.250498940932537 0.000029867786
 1.2654495062360798 0.000025814461
 1.2805614500394291 0.000022498973
 1.2958347723425854 0.000019720649
 1.3112694731455488 0.000016286349
 1.326865552448319 0.000014993152
 1.3426345372865964 0.000013048434
 1.3585764276603818 0.000011379954
 1.3746681694982732 0.000009905749
 1.3909443439073725 0.0000085799826
 1.4073934238519794 0.0000074279258
 1.4240154093320936 0.0000064750876
 1.4407987733120151 0.0000056545361
 1.4577780968988445 0.0000048530642
 1.4749187989854813 0.0000040635246
 1.492255460679026 0.0000034068687
 1.5097650279080788 0.0000028815449
 1.5274590277083389 0.0000023839033
 1.545337460079807 0.000001893964
 1.5634003250224835 0.0000014780112
 1.581659149572068 0.0000011706615
 1.6001024066928606 9.5068107E-7
 1.6187416234205616 7.9194039E-7
 1.637576799755171 6.7649396E-7
 1.6565964086609883 5.912442E-7
 1.6758235042094147 5.2658837E-7
 1.6952350323290488 4.7397023E-7
 1.7148655741269925 4.2666783E-7
 1.7346805484961438 3.8122817E-7
 1.7547145365436048 3.3693557E-7
 1.7749444841979742 2.9751529E-7
 1.7953819184949524 2.6601311E-7
 1.81603836647024 2.3966369E-7
 1.836890774052436 2.1606148E-7
 1.8579621953129415 1.9679766E-7
 1.8792526302517565 1.84494E-7
 1.9007505518331804 1.7920243E-7
 1.922479014128614 1.781123E-7
 1.9444149630666567 1.7741114E-7
 1.9665814527187093 1.745748E-7
 1.9889669560490713 1.6978442E-7
 2.0115714730577423 1.6413462E-7
 2.0344180578161244 1.577494E-7
 2.0574836562528156 1.5071694E-7
 2.0807797954035165 1.4204228E-7
 2.1043064752682277 1.2841409E-7
 2.128075222882649 1.088215E-7
 2.1520745112110804 8.6885813E-8
 2.176315867289222 6.6444561E-8
 2.2007992911170744 4.9071762E-8
 2.2255247826946367 3.526805E-8
 2.2504923420219094 2.522756E-8
 2.275701969098893 1.8643234E-8
 2.3011536639255867 1.4658401E-8
 2.3268704805733917 1.2794800865714908E-8
 2.352829364970907 1.0913659E-8
 2.3790418441538335 1.0142985E-8
 2.4055079181221712 1.0060035356827047E-8
 2.432227586875919 1.0112213812048104E-8
 2.459212377450779 1.016491E-8
 2.48646228984675 1.0386258E-8
 2.5139657970281317 1.0651221E-8
 2.541734426030625 1.0986906E-8
 2.56977970388993 1.135081E-8
 2.5980785765346464 1.1597331E-8
 2.6266656250718747 1.1568414E-8
 2.655506268394514 1.1165635E-8
 2.684635087609666 1.034534E-8
 2.7140290286459288 9.1789147E-9
 2.7436996185390043 7.7947295E-9
 2.7736583843245914 6.3350648E-9
 2.8038937989669908 5.0313762E-9
 2.8344173895019025 3.999355E-9
 2.865217628893626 3.1866799E-9
 2.8963175712135625 2.5876148E-9
 2.9276941623903108 2.2152535E-9
 2.9593704564952716 2.180722921409165E-9
 2.991334926492746 2.3357571546226626E-9
 3.0235875723827315 2.4921891E-9
 3.05613992120093 2.937846E-9
 3.089003499983043 3.2595882E-9
 3.122155254657667 3.4820388E-9
 3.1556067122605045 3.8130496E-9
 3.1893578727915552 4.3096193E-9
 3.2234202632865188 4.7973224E-9
 3.257793883745396 5.0645458E-9
 3.292467207132486 5.1829175E-9
 3.3274632875191896 5.3979948E-9
 3.3627590708341066 5.7501949E-9
 3.3983776111486375 6.0948364E-9
 3.4343073814270815 6.2304969E-9
 3.4705483816694382 6.0218893E-9
 3.507123665947111 5.464601E-9
 3.5440101801886956 4.8589726E-9
 3.5812194514298947 4.7610597529919805E-9
 3.618751479670707 4.842331278903007E-9
 3.656606264911134 4.9243017E-9
 3.694795334186875 5.2023778E-9
 3.73330716046223 5.5178986E-9
 3.772153270772899 6.0277381E-9
 3.8113336651188834 6.6577124E-9
 3.85083681646448 7.2068969E-9
 3.8906857788810933 7.509869E-9
 3.93086902533302 7.3824067E-9
 3.971386555820261 6.566163905169976E-9
 4.012249897378517 5.7429546E-9
 4.053447522972087 4.8441421E-9
 4.094979432600972 4.1822986E-9
 4.136868680336572 3.6652391E-9
 4.179103739143187 3.2208124E-9
 4.2216730819851165 2.8865714E-9
 4.264599762933761 2.6966483E-9
 4.307872254953421 2.7246359686123642E-9
 4.351490558044095 2.7528473E-9
 4.3954661992414845 2.8067676E-9
 4.4397876515098895 2.6626942E-9
 4.48446644188501 2.2464491E-9
 4.529491043331144 1.5953486E-9
 4.574884509919695 8.2868684E-10
 4.620623787579261 1.2333646E-10
 4.666731930381242 -3.8130886E-10
 4.713197411289939 -6.4499991E-10
 4.7600087032696505 -6.881323617512875E-10
 4.807188860391777 -6.904375496354418E-10
 4.854737882656321 -6.654764530292111E-10
 4.90264424302758 -6.4032777E-10
 4.9509079415055535 -5.8289313E-10
 4.999540505125943 -5.239776E-10
 5.048541933888749 -4.6586221E-10
 5.09790070075827 -4.1033967E-10
 5.147628332770207 -3.5868638E-10
 5.19772482992456 -3.1164757E-10
 5.248178665185628 -2.695215E-10
 5.299012892624813 -2.3228069E-10
 5.350204458170713 -1.996853E-10
 5.401776415894728 -1.713728E-10
 5.45370571172546 -1.4692246E-10
 5.506003872698607 -1.2589883E-10
 5.558682425849871 -1.0787905E-10
 5.611718317107851 -9.246865E-11
 5.665134600543945 -7.9309482E-11
 5.718919749122457 -6.8082593E-11
 5.773073762843384 -5.8507852E-11
 5.827596641706727 -5.034177E-11
 5.882488385712486 -4.3374346E-11
 5.9377489948606605 -3.7425533E-11
 5.993389996186952 -3.2341649E-11
 6.049388335619959 -2.7991957E-11
 6.105767067231081 -2.4265522E-11
 6.162503136948919 -2.1068374E-11
 6.219619598844874 -1.8321016E-11
 6.277093398847543 -1.5956244E-11
 6.334947591028329 -1.3917265E-11
 6.393159121315831 -1.2156086E-11
 6.451751043781449 -4.9255729E-12
 6.510700304353782 -6.5397043710916126E-12
 6.570018430068531 -6.851922070787685E-12
 6.629693893889995 -6.575079331385757E-12
 6.689749749889576 -6.2964719E-12
 6.750151416960172 -5.5375445E-12
 6.810933476208884 -4.8741361E-12
 6.87206134652861 -4.2933721E-12
 6.933558081990753 -3.7842555E-12
 6.995423682595312 -3.3373751E-12
 7.057635094270886 -2.9446595E-12
 7.120203844053174 -2.5991717E-12
 7.183129931942179 -2.2949366E-12
 7.2464133579378975 -2.0267959E-12
 7.310054122040333 -1.7902868E-12
 7.374040697213782 -1.5815394E-12
 7.438384610493946 -1.3971908E-12
 7.503062807809426 -1.2343124E-12
 7.568098343231622 -1.0903489E-12
 7.633479689724831 -9.6306567E-13
 7.699206847289055 -8.5050575E-13
 7.765268288888594 -7.5095181E-13
 7.8316755415591475 -6.6289461E-13
 7.898417078265016 -5.8500581E-13
 7.965492899006198 -5.1611468E-13
 8.032903003782696 -4.5518823E-13
 8.100647392594507 -4.0131397E-13
 8.168726065441632 -3.5368514E-13
 8.237127495288371 -3.1158787E-13
 8.305840155099023 -2.7439005E-13
 8.374887098944992 -2.4153167E-13
 8.444256799790573 -2.1251639E-13
 8.513937730600066 -1.869041E-13
 8.583929891373474 -1.6430449E-13
 8.654233282110795 -1.4437138E-13
 8.724859429847731 -1.2679767E-13
 8.795773753477176 -1.1131096E-13
 8.866999307070538 -9.7669619E-14
 8.938524563592113 -8.5659388E-14
 9.010337996006198 -7.5090276E-14
 9.082451131348497 -6.5793871E-14
 9.154852442583309 -5.7620932E-14
 9.227553456746332 -5.0439251E-14
 9.300519592730469 -4.4131757E-14
 9.373773904607116 -3.8594819E-14
 9.447304865340575 -3.3736749E-14
 9.521112474930847 -2.947646E-14
 9.595185206342231 -2.5742276E-14
 9.669523059574725 -2.2470872E-14
 9.74412603462833 -1.9606329E-14
 9.818982604467347 -1.6277557E-14
 9.894092769091776 -1.4906234E-14
 9.969456528501613 -1.298877E-14
 10.045073882696864 -1.1313083E-14
 10.120921777606123 -9.8493942E-15
 10.197023267300793 -8.5714921E-15
 10.273343770673772 -7.456321E-15
 10.349906341796464 -6.4836118E-15
 10.426687926597461 -5.6355552E-15
 10.503688525076772 -4.8965123E-15
 10.58090813723439 -4.2527575E-15
 10.658335236034617 -3.6922515E-15
 10.735981348513153 -3.2044398E-15
 10.813823420598599 -2.7800749E-15
 10.891872979326653 -2.4110585E-15
 10.970106970625915 -2.090303E-15
 11.048536921532085 -1.8116085E-15
 11.127151305009463 -1.5695543E-15
 11.20593859402235 -1.3594039E-15
 11.284910315606442 -1.1770203E-15
 11.364043415690343 -1.0187922E-15
 11.443349421309751 -8.8156864E-16
 11.522816805428967 -7.6260191E-16
 11.602422513976586 -6.5949679E-16
 11.682189601024016 -5.7016645E-16
 11.762071958428447 -4.9279355E-16
 11.84218485654689 -4.2579608E-16
 11.922413025022337 -3.6779751E-16
 12.002641193497785 -3.1760053E-16
 12.083099902687243 -2.7416413E-16
 12.163673882233704 -2.3658347E-16
 12.244363132137172 -2.040723E-16
 12.325167652397644 -1.7594757E-16
 12.405972172658117 -1.5161601E-16
 12.4870072336326 -1.3056235E-16
 12.56804229460708 -1.1233901E-16
 12.649307896295573 -9.6557187E-17
 12.730458227627063 -8.2878997E-17
 12.811839099672557 -7.101056E-17
 12.893219971718056 -6.0696072E-17
 12.97471611412056 -5.1712516E-17
 13.05621225652306 -4.3865059E-17
 13.137708398925561 -3.6983027E-17
 13.21931981168507 -3.091633E-17
 13.30104649480158 -2.5532323E-17
 13.382773177918093 -2.0713015E-17
 13.4643845906776 -1.6352568E-17
 13.546226544151118 -1.2355046E-17
 13.62795322726763 -8.6324024E-18
