 0.00045709998988886276 0.9006205755789741
 0.0013766738737101593 0.8889731127469521
 0.0023070670332399406 0.8900608628300196
 0.0032484108766851925 0.8924296534327143
 0.00420080914736722 0.8949382851518642
 0.005164423223785829 0.8972828863075384
 0.006139368376298025 0.8993210435063222
 0.0071257714022965124 0.9009721820899024
 0.0081237706262097 0.9021958463054849
 0.009133504372465991 0.9029801533541767
 0.010155122492529492 0.9033325554333126
 0.011188728729721509 0.9032720982129135
 0.012234449881434748 0.9028240260250411
 0.013292516488383215 0.9020162775042746
 0.014363032293888217 0.900877256848903
 0.01544611256830676 0.8994350284373921
 0.016541872581995846 0.8977162790293115
 0.017650658146026493 0.8957463867328159
 0.0187723539900417 0.893548585530602
 0.019907190654755463 0.8911442947244139
 0.021055398680881805 0.888553055223467
 0.02221709333877773 0.8857926134446965
 0.023392505169157238 0.8828795331066462
 0.02458163417202034 0.8798295890269113
 0.025784710888081038 0.8766584757449827
 0.027001965858053346 0.8733820624655404
 0.028233514352294268 0.870015583523282
 0.02947947164116081 0.8665732350788887
 0.030740068265366984 0.8630672114157841
 0.03201553476562679 0.8595076892664308
 0.033305871141940245 0.855902562959686
 0.03461142320537834 0.8522569282692425
 0.0359321909559411 0.8485737249116484
 0.03726863547505654 0.8448556511250475
 0.03862064149236763 0.8411064054450825
 0.03998843954858841 0.8373306344971946
 0.04137237545478988 0.833533575758021
 0.04277256448132905 0.8297212546761892
 0.04418912189856292 0.825900544447474
 0.04562239351756251 0.8220763435851458
 0.04707237933832783 0.8182519767942825
 0.04853930990157286 0.8144317033206954
 0.05002353101836865 0.8106203343321875
 0.05152515795907218 0.8068211012049604
 0.053044305994040454 0.8030357003535387
 0.05458132093434451 0.7992647991493765
 0.05613631805034133 0.7955084562191378
 0.05770952788274493 0.7917680188175916
 0.05930118097226932 0.7880492479741106
 0.06091150785962853 0.7847140849199241
 0.06254062381517954 0.7807127374074415
 0.06418887464999337 0.7771056601485552
 0.06585637563442702 0.773533631697894
 0.06754347257955151 0.7699883320090007
 0.06925028075572387 0.7664687613958755
 0.07097703070365807 0.7629800662025598
 0.07272395296406814 0.759527298489649
 0.07449139334802508 0.7561128168314722
 0.07627958239624294 0.7527356698184301
 0.07808863537907867 0.7493937169808452
 0.07991878283724632 0.7460854062469555
 0.0817703705818169 0.7428080997799085
 0.08364362915350439 0.7395600325472784
 0.08553878909302283 0.7363420317004935
 0.08745608094108621 0.7331531862636147
 0.08939585050876557 0.7299905073905006
 0.0913582130664179 0.7268532270532617
 0.09334351442511422 0.7237425763035351
 0.09535210039592552 0.7206613752674433
 0.09738408624920886 0.7176120087628884
 0.09943981779603518 0.7145940311700976
 0.10151952557711856 0.7116111514406251
 0.10362355540352998 0.708666527231015
 0.10575213781598344 0.7057507527976188
 0.10790561862555 0.702849798911994
 0.11008411310258662 0.6999584328127625
 0.11228808232852132 0.6970837816927551
 0.11451787211442513 0.6942375331402189
 0.11677348246029806 0.6914260734532699
 0.11905583552899614 0.6886505256891615
 0.12136470077980537 0.6859159476120843
 0.1237000782127257 0.6832337802204225
 0.12606312053132726 0.680607661734438
 0.12845267503203994 0.6780260195711433
 0.13087104712200387 0.675467962843936
 0.133317084097649 0.6729170954270229
 0.13579193866254535 0.6703674656338219
 0.13829561081669292 0.667814799203649
 0.1408292532636618 0.6652595625818633
 0.14339171329988193 0.662709400302228
 0.14598299092535327 0.660173386719747
 0.14860539154721597 0.6576638212113691
 0.15125891516547 0.6551970233330158
 0.1539424090765453 0.6527921357689147
 0.156657025984012 0.6504658658764364
 0.15940391859143999 0.6482219923043125
 0.16218193419525936 0.6460574341113582
 0.1649933782026102 0.6439612005761618
 0.1678370979099224 0.641912895815078
 0.170713093317196 0.6400189769493984
 0.173622517128001 0.637921559128545
 0.17656652204590753 0.6359964441192545
 0.1795439553673455 0.6341225891521214
 0.18255712249945494 0.6322723967480508
 0.18560487073866594 0.6304124293256378
 0.1886872000849784 0.6285301991306794
 0.1918052632419624 0.6266314764237063
 0.19496021291318794 0.6247242047828211
 0.1981520490986551 0.6228127242708593
 0.20137961909479382 0.6209055818377434
 0.20464638101231422 0.6190155444369121
 0.2079488767405061 0.6171448415360232
 0.21129171709364974 0.6152899933184837
 0.214671443961035 0.6134642572927694
 0.21809151545337196 0.6117060527833015
 0.22155077886709063 0.610042060049894
 0.225050386905761 0.608471162939975
 0.22859033956938313 0.6069739865519522
 0.232170636857957 0.6055310150063951
 0.23579358417862267 0.6041246226820618
 0.2394568761242401 0.6027455035455326
 0.24316397080551938 0.6014145449517811
 0.24691256281532048 0.6001677378562413
 0.25070611026435347 0.5990074507451538
 0.25454230774547837 0.5979021860952651
 0.25842230796226506 0.5968355105778418
 0.2623484163218538 0.5958108917402085
 0.26631948012067447 0.5948307772550019
 0.270335499358727 0.5938916746045977
 0.27439877944315166 0.592971720064052
 0.2785081676703782 0.5920542783025255
 0.2826659694475469 0.5911676474232168
 0.2868710320710876 0.5903440461485514
 0.29112450824457037 0.589568467126872
 0.29542639796799525 0.5888031875942944
 0.2997790066485023 0.5880284293952895
 0.3041800288789514 0.5872643155996038
 0.3086329227700528 0.5865684071760858
 0.31313768832180633 0.5859714720719116
 0.31769317283064213 0.5854474491642452
 0.3223005290001301 0.5849471310984348
 0.3269620622374104 0.5844176492997193
 0.331676619838913 0.5838403871638389
 0.33644535450820795 0.5832180896109921
 0.3412682662452952 0.58255970950514
 0.3461476604573149 0.5818871555017686
 0.35108238444069695 0.5812206166537499
 0.3560735908990114 0.5805833710531946
 0.36112127983225834 0.5800271553378931
 0.3662277566475778 0.5796781911254085
 0.3713930213449697 0.5792940945113305
 0.3766159212208641 0.5790338216553522
 0.38189991438597126 0.5787792131318745
 0.3872438481367209 0.5785059186085371
 0.3926488751766831 0.5782220394848543
 0.39811614820942814 0.5779526262234934
 0.4036456672349557 0.5777034653002487
 0.40923743225326603 0.5774558661763404
 0.4148937486714991 0.5772041225387471
 0.42061576919322496 0.5769445748572899
 0.4264011884113036 0.5766501702350394
 0.4322534644364451 0.5763226525742615
 0.43817259726864943 0.5759715291195594
 0.44415858690791665 0.5755751479755714
 0.4502125860578168 0.5750870579461744
 0.45633574742191996 0.5745645219922638
 0.46252922370379607 0.5741133084228563
 0.46879186219987523 0.5737212635095633
 0.4751259683172974 0.5733427428164448
 0.48153269475963273 0.5730121162963311
 0.48801204152688116 0.5727456133953709
 0.4945640086190427 0.5725028747686807
 0.5011920541468275 0.5722598602962363
 0.5078938727030955 0.571938253144336
 0.5146717696949867 0.571459041955569
 0.5215257451225013 0.5708324676609432
 0.5284581043927792 0.5701391691725187
 0.5354688475058206 0.5695611973125976
 0.5425591271651953 0.5691903754166369
 0.5497300960744733 0.5689435821311322
 0.556980601530085 0.5686898813090271
 0.5643141016427401 0.5684774420706548
 0.5717294437088687 0.5684804610625921
 0.579228933135611 0.568695846668814
 0.5868125699229669 0.5690703703028516
 0.5944815067745065 0.5694607910795818
 0.6022368963937997 0.5696880008605092
 0.6100798914844168 0.5697604884873375
 0.6180104920463576 0.5697730322992587
 0.6260310034867622 0.5697102822451461
 0.6341414258056307 0.5694216626936593
 0.6423417590029631 0.5690218713987371
 0.6506354611894696 0.5689105655862996
 0.6590213796615799 0.5690491566416673
 0.6675018198264343 0.5689814184892771
 0.6760767816840328 0.5687160737483548
 0.6847474179379455 0.5685810726031967
 0.6935148812917422 0.5686368575934033
 0.7023803244489931 0.5686953195433968
 0.7113449001132683 0.5683987758518747
 0.7204097609881379 0.5683814906996597
 0.7295760597771719 0.56843291186902
 0.7388437964803701 0.5683953716279524
 0.7482141238013027 0.5682458988079258
 0.7576893471471099 0.5681327086098271
 0.7672706192213616 0.5678939182296288
 0.7769567873204879 0.5672439544350009
 0.7867513095551988 0.5661838962120619
 0.7966553386290645 0.5650199351844588
 0.8066677218385147 0.5640244756653263
 0.8167919172942597 0.5632022261284688
 0.8270279249962995 0.5622354378400334
 0.8373768976482043 0.5607025099771213
 0.847839987953544 0.5585785393204891
 0.8584183486158884 0.5560266227400057
 0.8691142850423782 0.5529705701811105
 0.8799277972330128 0.5495458015496201
 0.8908600378913627 0.5460504983614479
 0.9019133124245676 0.5424720886583952
 0.9130876208326277 0.5385044589917628
 0.9243841158191133 0.5340761364505677
 0.9358051027911641 0.5293683924385061
 0.9473517344523502 0.5245508612424351
 0.9590240108026719 0.5200221048651552
 0.9708242372492689 0.5158895001473558
 0.9827535664957114 0.5112282244894765
 0.9948131512455697 0.5055639058824829
 1.0070052969059837 0.49898906626453976
 1.0193288507733833 0.4911238044438074
 1.0317872709584786 0.4818846065657876
 1.0443817101648398 0.47071849080673484
 1.057112168392467 0.4578113759528603
 1.0699821037520698 0.44439490171586254
 1.082990363540079 0.4305600315765941
 1.096140405867204 0.4154944824035198
 1.1094333834370154 0.3987472561524059
 1.1228692962495128 0.38056282189924395
 1.1364504497118362 0.3613541292274298
 1.1501779965275563 0.34107527451267533
 1.1640577002145227 0.3198551293573719
 1.178074575626325 0.2986780717810172
 1.1922528295379342 0.2763132080251229
 1.20658093491365 0.25016999329358597
 1.2210704187891726 0.22008171022310868
 1.2356982270931012 0.18872975737332814
 1.250498940932537 0.1604092086138699
 1.2654495062360798 0.13924986750954807
 1.2805614500394291 0.12379136350779557
 1.2958347723425854 0.10993288883989509
 1.3112694731455488 0.09181156931503398
 1.326865552448319 0.08591369321179443
 1.3426345372865964 0.07787237528330068
 1.3585764276603818 0.07087878727013901
 1.3746681694982732 0.06455971638626154
 1.3909443439073725 0.05664901460654695
 1.4073934238519794 0.04494015825519821
 1.4240154093320936 0.030745306113504983
 1.4407987733120151 0.013968711852388387
 1.4577780968988445 -0.002238242187445309
 1.4749187989854813 -0.01338523863455096
 1.492255460679026 -0.020003020554649167
 1.5097650279080788 -0.02105834496939495
 1.5274590277083389 -0.02248168666322303
 1.545337460079807 -0.02161433839421019
 1.5634003250224835 -0.02317967396053689
 1.581659149572068 -0.02857540462326576
 1.6001024066928606 -0.03154428680891822
 1.6187416234205616 -0.033398211203610154
 1.637576799755171 -0.02640955444569894
 1.6565964086609883 -0.01913237095487039
 1.6758235042094147 -0.013433772496616078
 1.6952350323290488 -0.008330651371554695
 1.7148655741269925 -0.003835823155140511
 1.7346805484961438 -0.00038166170430288716
 1.7547145365436048 0.0030811526484699784
 1.7749444841979742 0.008753081143268606
 1.7953819184949524 0.014919416811975913
 1.81603836647024 0.019237418903261194
 1.836890774052436 0.024501655721432307
 1.8579621953129415 0.03339998372864743
 1.8792526302517565 0.04491911182777623
 1.9007505518331804 0.05433883973682035
 1.922479014128614 0.05964999553923786
 1.9444149630666567 0.06287805634010492
 1.9665814527187093 0.06405527612576788
 1.9889669560490713 0.06013985146969779
 2.0115714730577423 0.048139016424872526
 2.0344180578161244 0.02732367814601058
 2.0574836562528156 -0.0015786611804737651
 2.0807797954035165 -0.0325600395806987
 2.1043064752682277 -0.054116858676548696
 2.128075222882649 -0.054806957861580706
 2.1520745112110804 -0.05844208094898027
 2.176315867289222 -0.049002316125383805
 2.2007992911170744 -0.03497116295873728
 2.2255247826946367 -0.015650076294619803
 2.2504923420219094 0.01257651030014033
 2.275701969098893 0.05352282234721469
 2.3011536639255867 0.10598438803357084
 2.3268704805733917 0.15784674297344456
 2.352829364970907 0.22328042127228537
 2.3790418441538335 0.25653380679600635
 2.4055079181221712 0.19115538140006816
 2.432227586875919 -0.044149185981946414
