 0.00045709998988886276 2.262943885812145
 0.0013766738737101593 2.260169096243441
 0.0023070670332399406 2.259161216840215
 0.0032484108766851925 2.2599786893822817
 0.00420080914736722 2.2625972599478374
 0.005164423223785829 2.2669535516241326
 0.006139368376298025 2.272953500688327
 0.0071257714022965124 2.2804773643959515
 0.0081237706262097 2.2893857003493103
 0.009133504372465991 2.2995255959002496
 0.010155122492529492 2.310737659043048
 0.011188728729721509 2.3228614707416972
 0.012234449881434748 2.335739194147163
 0.013292516488383215 2.3492192384043498
 0.014363032293888217 2.363158438766645
 0.01544611256830676 2.377423873865765
 0.016541872581995846 2.3918932330889158
 0.017650658146026493 2.4064538105868634
 0.0187723539900417 2.421001739900066
 0.019907190654755463 2.435441147724652
 0.021055398680881805 2.4496846544226814
 0.02221709333877773 2.463654098219738
 0.023392505169157238 2.477281378505646
 0.02458163417202034 2.4905083043743352
 0.025784710888081038 2.5032852303978466
 0.027001965858053346 2.515568898656881
 0.028233514352294268 2.5273206711734093
 0.02947947164116081 2.5385055022838805
 0.030740068265366984 2.549092197895148
 0.03201553476562679 2.55905476754639
 0.033305871141940245 2.5683740160089297
 0.03461142320537834 2.577037829415637
 0.0359321909559411 2.5850398341547085
 0.03726863547505654 2.592377284214435
 0.03862064149236763 2.5990499238646207
 0.03998843954858841 2.6050599519344924
 0.04137237545478988 2.610411639418115
 0.04277256448132905 2.615111163877713
 0.04418912189856292 2.619166199212941
 0.04562239351756251 2.6225854141338125
 0.04707237933832783 2.625378232333999
 0.04853930990157286 2.6275540404235147
 0.05002353101836865 2.62912170451433
 0.05152515795907218 2.6300898458433952
 0.053044305994040454 2.630470299032633
 0.05458132093434451 2.6302808629743923
 0.05613631805034133 2.6295444757561484
 0.05770952788274493 2.6282853690627355
 0.05930118097226932 2.6265232967280467
 0.06091150785962853 2.6242698128652027
 0.06254062381517954 2.621529585313688
 0.06418887464999337 2.618307790099036
 0.06585637563442702 2.6146177529001275
 0.06754347257955151 2.6104837742418723
 0.06925028075572387 2.6059366564435913
 0.07097703070365807 2.6010075169695295
 0.07272395296406814 2.595724406315366
 0.07449139334802508 2.5901146292619472
 0.07627958239624294 2.584209610485844
 0.07808863537907867 2.578047607765026
 0.07991878283724632 2.5716699009768975
 0.0817703705818169 2.5651132452776704
 0.08364362915350439 2.558406204857532
 0.08553878909302283 2.5515719330926077
 0.08745608094108621 2.5446303613074988
 0.08939585050876557 2.5375990032061835
 0.0913582130664179 2.530493874557121
 0.09334351442511422 2.523328792441797
 0.09535210039592552 2.5161130224284913
 0.09738408624920886 2.5088510036831444
 0.09943981779603518 2.5015444598414316
 0.10151952557711856 2.4941944924838424
 0.10362355540352998 2.4868030160339725
 0.10575213781598344 2.4793728237672497
 0.10790561862555 2.4719080855790376
 0.11008411310258662 2.4644146391521464
 0.11228808232852132 2.456897796840591
 0.11451787211442513 2.449359623553986
 0.11677348246029806 2.441801664492871
 0.11905583552899614 2.4342294715698416
 0.12136470077980537 2.4266500904966164
 0.1237000782127257 2.4190648830053605
 0.12606312053132726 2.411469989037314
 0.12845267503203994 2.403859452793856
 0.13087104712200387 2.3962221368491803
 0.133317084097649 2.388539634172352
 0.13579193866254535 2.3807900584388513
 0.13829561081669292 2.372952970045343
 0.1408292532636618 2.365013160565237
 0.14339171329988193 2.356961692915196
 0.14598299092535327 2.348797588685495
 0.14860539154721597 2.3405305213685113
 0.15125891516547 2.3321773006862156
 0.1539424090765453 2.3237575995875885
 0.156657025984012 2.3153034893218893
 0.15940391859143999 2.306868722386772
 0.16218193419525936 2.2985113686873975
 0.1649933782026102 2.290265198524104
 0.1678370979099224 2.282135962307907
 0.170713093317196 2.2741179553077555
 0.173622517128001 2.2662036733557605
 0.17656652204590753 2.2583760705987763
 0.1795439553673455 2.25060296250932
 0.18255712249945494 2.242848154867718
 0.18560487073866594 2.2350845287160377
 0.1886872000849784 2.2272979012540657
 0.1918052632419624 2.2194904270401756
 0.19496021291318794 2.211673670388482
 0.1981520490986551 2.2038617127048123
 0.20137961909479382 2.1960742856517084
 0.20464638101231422 2.188334439659382
 0.2079488767405061 2.1806626228793498
 0.21129171709364974 2.1730719174424884
 0.214671443961035 2.165573124374374
 0.21809151545337196 2.1581823598701475
 0.22155077886709063 2.1509173070317753
 0.225050386905761 2.143783027888595
 0.22859033956938313 2.136769878882101
 0.232170636857957 2.129863010204495
 0.23579358417862267 2.1230484260973777
 0.2394568761242401 2.11631369659141
 0.24316397080551938 2.1096330483939423
 0.24691256281532048 2.1029648188870738
 0.25070611026435347 2.09625463364467
 0.25454230774547837 2.0894454449955244
 0.25842230796226506 2.0825048003947058
 0.2623484163218538 2.0754301635755388
 0.26631948012067447 2.0682272323294413
 0.270335499358727 2.060898984769286
 0.27439877944315166 2.0534495191447086
 0.2785081676703782 2.0458864163727566
 0.2826659694475469 2.0382184591725707
 0.2868710320710876 2.0304616846099175
 0.29112450824457037 2.0226381483012497
 0.29542639796799525 2.014769646061745
 0.2997790066485023 2.0068832148037123
 0.3041800288789514 1.9990173598281562
 0.3086329227700528 1.9912042486178556
 0.31313768832180633 1.9834564387281015
 0.31769317283064213 1.9757773233431433
 0.3223005290001301 1.9681597336085352
 0.3269620622374104 1.9605686411706031
 0.331676619838913 1.952938305040666
 0.33644535450820795 1.9451969601409842
 0.3412682662452952 1.9373007172187058
 0.3461476604573149 1.9292516033324885
 0.35108238444069695 1.9210863929072641
 0.3560735908990114 1.9128464246701404
 0.36112127983225834 1.9045465784288786
 0.3662277566475778 1.8961659399331554
 0.3713930213449697 1.8876520765137739
 0.3766159212208641 1.8789326857340496
 0.38189991438597126 1.869951343150402
 0.3872438481367209 1.8606971086184605
 0.3926488751766831 1.8511916789618341
 0.39811614820942814 1.8414453909450808
 0.4036456672349557 1.8314688487805213
 0.40923743225326603 1.8212995958603018
 0.4148937486714991 1.8109825574117484
 0.42061576919322496 1.800542077241131
 0.4264011884113036 1.7899803043409734
 0.4322534644364451 1.7793069622579918
 0.43817259726864943 1.7685395062699032
 0.44415858690791665 1.757669548800775
 0.4502125860578168 1.7466349530393361
 0.45633574742191996 1.735327977744558
 0.46252922370379607 1.7236485997866715
 0.46879186219987523 1.7115538437612774
 0.4751259683172974 1.6990742864961796
 0.48153269475963273 1.686279459360689
 0.48801204152688116 1.6732147447098278
 0.4945640086190427 1.6598972437276827
 0.5011920541468275 1.6463360076847133
 0.5078938727030955 1.6325429647865703
 0.5146717696949867 1.6185485950242633
 0.5215257451225013 1.6043957713749302
 0.5284581043927792 1.5901215853218527
 0.5354688475058206 1.5757581166716903
 0.5425591271651953 1.5613715674811655
 0.5497300960744733 1.5470349117410707
 0.556980601530085 1.5328022213114256
 0.5643141016427401 1.5186973734170874
 0.5717294437088687 1.5046819392283812
 0.579228933135611 1.4906050803383002
 0.5868125699229669 1.4762179609258466
 0.5944815067745065 1.461333303380711
 0.6022368963937997 1.4459201903448384
 0.6100798914844168 1.430051059861113
 0.6180104920463576 1.4138321596898449
 0.6260310034867622 1.3973541234058275
 0.6341414258056307 1.3805986951402207
 0.6423417590029631 1.3634292193022928
 0.6506354611894696 1.3457516280128252
 0.6590213796615799 1.3275563015529495
 0.6675018198264343 1.3088659160025153
 0.6760767816840328 1.2897273316603879
 0.6847474179379455 1.2701880696545491
 0.6935148812917422 1.2503218693581932
 0.7023803244489931 1.2302307644756272
 0.7113449001132683 1.2099521752584514
 0.7204097609881379 1.1893915308314973
 0.7295760597771719 1.1684868727450481
 0.7388437964803701 1.1473714462106614
 0.7482141238013027 1.1262330225832857
 0.7576893471471099 1.1051420621105075
 0.7672706192213616 1.0840399753103818
 0.7769567873204879 1.0628019076102644
 0.7867513095551988 1.0413168557842214
 0.7966553386290645 1.019531223958777
 0.8066677218385147 0.9974823520693978
 0.8167919172942597 0.975250539562903
 0.8270279249962995 0.9528469445482715
 0.8373768976482043 0.9302500783539633
 0.847839987953544 0.9074384831803547
 0.8584183486158884 0.8843325226799111
 0.8691142850423782 0.8608547235885546
 0.8799277972330128 0.8370327239999447
 0.8908600378913627 0.812992930117925
 0.9019133124245676 0.7887922747580837
 0.9130876208326277 0.764365810681598
 0.9243841158191133 0.7396486482374639
 0.9358051027911641 0.7146166345204129
 0.9473517344523502 0.6893207990063648
 0.9590240108026719 0.6640081345347586
 0.9708242372492689 0.6389640603726048
 0.9827535664957114 0.6143114053327784
 0.9948131512455697 0.590118361089402
 1.0070052969059837 0.5664360268232487
 1.0193288507733833 0.5432283321232863
 1.0317872709584786 0.5204504606279358
 1.0443817101648398 0.49801871663173736
 1.057112168392467 0.47580373137221854
 1.0699821037520698 0.45378046662709465
 1.082990363540079 0.43203059883377704
 1.096140405867204 0.4106737715788564
 1.1094333834370154 0.38981775098114446
 1.1228692962495128 0.3694326241972442
 1.1364504497118362 0.3494861373530983
 1.1501779965275563 0.33003932736332325
 1.1640577002145227 0.3113284712149621
 1.178074575626325 0.29356059901118836
 1.1922528295379342 0.27672464173497424
 1.20658093491365 0.26062428236019325
 1.2210704187891726 0.24507140775961303
 1.2356982270931012 0.23008179802598436
 1.250498940932537 0.2158180942652474
 1.2654495062360798 0.20235441416855038
 1.2805614500394291 0.1897239998124361
 1.2958347723425854 0.17799963684255476
 1.3112694731455488 0.1672158391673584
 1.326865552448319 0.15735942591770094
 1.3426345372865964 0.14834530680814664
 1.3585764276603818 0.1400569163144391
 1.3746681694982732 0.13242452740406904
 1.3909443439073725 0.1253157231507915
 1.4073934238519794 0.11855077308572126
 1.4240154093320936 0.11204330879263907
 1.4407987733120151 0.10582432835883344
 1.4577780968988445 0.10000372019430491
 1.4749187989854813 0.09467106375749933
 1.492255460679026 0.08980195194090089
 1.5097650279080788 0.08535040457171589
 1.5274590277083389 0.08131942300716076
 1.545337460079807 0.07770704184583187
 1.5634003250224835 0.07448918497560669
 1.581659149572068 0.07162649817236447
 1.6001024066928606 0.06906304982924842
 1.6187416234205616 0.06674403818920813
 1.637576799755171 0.06462123562277403
 1.6565964086609883 0.06264564667454475
 1.6758235042094147 0.06076190320759574
 1.6952350323290488 0.058915169664937504
 1.7148655741269925 0.05707759431730017
 1.7346805484961438 0.05527856964977832
 1.7547145365436048 0.05361705572723747
 1.7749444841979742 0.05222968878605752
 1.7953819184949524 0.0512148720716286
 1.81603836647024 0.05057064936543184
 1.836890774052436 0.05020312676166304
 1.8579621953129415 0.04998179750233493
 1.8792526302517565 0.04979982033898207
 1.9007505518331804 0.04961462790750686
 1.922479014128614 0.04941292895256798
 1.9444149630666567 0.049135321260711504
 1.9665814527187093 0.0486752969885348
 1.9889669560490713 0.04793142625032522
 2.0115714730577423 0.04687834361009663
 2.0344180578161244 0.045589071942389835
 2.0574836562528156 0.04414993797570786
 2.0807797954035165 0.04262928699723012
 2.1043064752682277 0.041159091137698
 2.128075222882649 0.03990688313545869
 2.1520745112110804 0.03891939582737978
 2.176315867289222 0.03812699677814495
 2.2007992911170744 0.03750374945617361
 2.2255247826946367 0.03710575189250212
 2.2504923420219094 0.037025808671874084
 2.275701969098893 0.037354104090441737
 2.3011536639255867 0.03812886345694488
 2.3268704805733917 0.039254728477646376
 2.352829364970907 0.04046677065238562
 2.3790418441538335 0.0415285917801082
 2.4055079181221712 0.0424182565285217
 2.432227586875919 0.04319957903178028
 2.459212377450779 0.04378031627610596
 2.48646228984675 0.044005507399778945
 2.5139657970281317 0.04396830728150383
 2.541734426030625 0.043982503313214315
 2.56977970388993 0.04421157393346997
 2.5980785765346464 0.0443333010630446
 2.6266656250718747 0.043825795173074715
 2.655506268394514 0.042633672825585875
 2.684635087609666 0.04125551106582816
 2.7140290286459288 0.040183564646258066
 2.7436996185390043 0.039588283568457276
 2.7736583843245914 0.039423154822413264
 2.8038937989669908 0.03959119416929018
 2.8344173895019025 0.040193446269645855
 2.865217628893626 0.041282066269828326
 2.8963175712135625 0.042725135248890045
 2.9276941623903108 0.04411477087804
 2.9593704564952716 0.045143744393585636
 2.991334926492746 0.04586804386094125
 3.0235875723827315 0.046034242078416755
 3.05613992120093 0.04517792921308254
 3.089003499983043 0.04334016329548057
 3.122155254657667 0.04092585288035504
 3.1556067122605045 0.03834747684666892
 3.1893578727915552 0.03587519788595067
 3.2234202632865188 0.033847007985861405
 3.257793883745396 0.032688681411279015
 3.292467207132486 0.03241436239427873
 3.3274632875191896 0.03273453579030868
 3.3627590708341066 0.033257396086160025
 3.3983776111486375 0.03370575866138659
 3.4343073814270815 0.034181773096502936
 3.4705483816694382 0.03471547771006241
 3.507123665947111 0.0354742168485652
 3.5440101801886956 0.03659091189644222
 3.5812194514298947 0.037483229248241316
 3.618751479670707 0.03729535128240264
 3.656606264911134 0.035792290069400046
 3.694795334186875 0.03363851894213273
 3.73330716046223 0.03137107801961844
 3.772153270772899 0.02930909235351587
 3.8113336651188834 0.027663405069366178
 3.85083681646448 0.026196746932004737
 3.8906857788810933 0.02481287955424534
 3.93086902533302 0.023615620958555794
 3.971386555820261 0.02278470079868972
 4.012249897378517 0.02236133590215495
 4.053447522972087 0.021967901102323564
 4.094979432600972 0.021584667088518167
 4.136868680336572 0.021589303976827543
 4.179103739143187 0.02199485603438738
 4.2216730819851165 0.022208559739152155
 4.264599762933761 0.021922134806601656
 4.307872254953421 0.021722651439779864
 4.351490558044095 0.02183701784431715
 4.3954661992414845 0.022272544348184018
 4.4397876515098895 0.02315775972096069
 4.48446644188501 0.02387029013726555
 4.529491043331144 0.023030545512524307
 4.574884509919695 0.020395379998443222
 4.620623787579261 0.017090040933557316
 4.666731930381242 0.01425379923765537
 4.713197411289939 0.012187030319070884
 4.7600087032696505 0.010375997019336804
 4.807188860391777 0.008262117065527501
 4.854737882656321 0.0062079624142549845
 4.90264424302758 0.004787546656727594
 4.9509079415055535 0.0038900106819991197
 4.999540505125943 0.0032587800653430363
 5.048541933888749 0.0027733377969540187
 5.09790070075827 0.0023836007863643044
 5.147628332770207 0.002063414832542624
 5.19772482992456 0.001796355483301852
 5.248178665185628 0.0015710606028914108
 5.299012892624813 0.0013792481663597487
 5.350204458170713 0.0012146838840905714
 5.401776415894728 0.0010725690120091565
 5.45370571172546 0.0009491467556674586
 5.506003872698607 0.0008414352050573799
 5.558682425849871 0.0007470391817476859
 5.611718317107851 0.000664014062601603
 5.665134600543945 0.0005907653918972466
 5.718919749122457 0.0005259736596289767
 5.773073762843384 0.0004685372672948164
 5.827596641706727 0.0004175289629158609
 5.882488385712486 0.0003721621054669459
 5.9377489948606605 0.00033176449787928214
 5.993389996186952 0.00029575786455781326
 6.049388335619959 0.0002636416620575004
 6.105767067231081 0.0002349802052457323
 6.162503136948919 0.00020939236233322013
 6.219619598844874 0.0001865432729529085
 6.277093398847543 0.00016613756741734066
 6.334947591028329 0.00014791388279838144
 6.393159121315831 0.0001316402369052466
 6.451751043781449 0.00011711027583314564
 6.510700304353782 0.0001041400628036445
 6.570018430068531 0.00009256537666439277
 6.629693893889995 0.00008223941202400452
 6.689749749889576 0.00007303079412965931
 6.750151416960172 0.00006482187267322369
 6.810933476208884 0.000057507219417600134
 6.87206134652861 0.00005099233116360153
 6.933558081990753 0.0000451924773929209
 6.995423682595312 0.000040031678967129397
 7.057635094270886 0.000035441808913719145
 7.120203844053174 0.000031361787216680053
 7.183129931942179 0.000027736864237764466
 7.2464133579378975 0.0000245179752515793
 7.310054122040333 0.000021661167612097444
 7.374040697213782 0.00001912708142210048
 7.438384610493946 0.00001688048271294982
 7.503062807809426 0.000014889848008948517
 7.568098343231622 0.000013126985781060467
 7.633479689724831 0.000011566696790174893
 7.699206847289055 0.000010186468260372848
 7.765268288888594 0.000008966198847397522
 7.8316755415591475 0.000007887950059255692
 7.898417078265016 0.000006935722242094134
 7.965492899006198 0.000006095254152930487
 8.032903003782696 0.000005353840666943541
 8.100647392594507 0.000004700169579994149
 8.168726065441632 0.0000041241759666342884
 8.237127495288371 0.000003616908983907492
 8.305840155099023 0.000003170413844688422
 8.374887098944992 0.0000027776251018104252
 8.444256799790573 0.0000024322712729997737
 8.513937730600066 0.000002128788815450591
 8.583929891373474 0.0000018622452097173314
 8.654233282110795 0.0000016282703183702928
 8.724859429847731 0.000001422994375191289
 8.795773753477176 0.0000012429929089999454
 8.866999307070538 0.0000010852373820346556
 8.938524563592113 9.470509600804744E-7
 9.010337996006198 8.260691844069039E-7
 9.082451131348497 7.20204773590818E-7
 9.154852442583309 6.276161952913268E-7
 9.227553456746332 5.466798171399773E-7
 9.300519592730469 4.7596484222561953E-7
 9.373773904607116 4.1421130107440693E-7
 9.447304865340575 3.603102182983062E-7
 9.521112474930847 3.1328613544797707E-7
 9.595185206342231 2.7228154200952916E-7
 9.669523059574725 2.365430401856981E-7
 9.74412603462833 2.0540908754251193E-7
 9.818982604467347 1.7829916539076646E-7
 9.894092769091776 1.5470409375280842E-7
 9.969456528501613 1.341775651849012E-7
 10.045073882696864 1.1632857766564534E-7
 10.120921777606123 1.0081477798381678E-7
 10.197023267300793 8.733657915912299E-8
 10.273343770673772 7.563195467520382E-8
 10.349906341796464 6.54718579718436E-8
 10.426687926597461 5.6656182703870337E-8
 10.503688525076772 4.9010190219706636E-8
 10.58090813723439 4.238138176588194E-8
 10.658335236034617 3.6636733820762025E-8
 10.735981348513153 3.166027174223786E-8
 10.813823420598599 2.7350934958159934E-8
 10.891872979326653 2.3620705905644135E-8
 10.970106970625915 2.0392960838487645E-8
 11.048536921532085 1.760103018619274E-8
 11.127151305009463 1.5186933279559678E-8
 11.20593859402235 1.3100270147998543E-8
 11.284910315606442 1.1297249336366007E-8
 11.364043415690343 9.739840698524194E-9
 11.443349421309751 8.395032470574701E-9
 11.522816805428967 7.234181143913766E-9
 11.602422513976586 6.2324450561132E-9
 11.682189601024016 5.368289792259417E-9
 11.762071958428447 4.623055977775788E-9
 11.84218485654689 3.980581600303956E-9
 11.922413025022337 3.4268754112666407E-9
 12.002641193497785 2.949829685945022E-9
 12.083099902687243 2.5389716984951716E-9
 12.163673882233704 2.185247986612339E-9
 12.244363132137172 1.8808350993454094E-9
 12.325167652397644 1.6189758303088764E-9
 12.405972172658117 1.3938377199272989E-9
 12.4870072336326 1.2003901555949914E-9
 12.56804229460708 1.0342961617858888E-9
 12.649307896295573 8.91821969184151E-10
 12.730458227627063 7.697544665897395E-10
 12.811839099672557 6.653332832068329E-10
 12.893219971718056 5.761918613544186E-10
 12.97471611412056 5.003043839434268E-10
 13.05621225652306 4.359438788409173E-10
 13.137708398925561 3.8164072576115714E-10
 13.21931981168507 3.361550246223936E-10
 13.30104649480158 2.9844670473097066E-10
 13.382773177918093 2.676546184744836E-10
 13.4643845906776 2.4307516129970113E-10
 13.546226544151118 2.2414944634141215E-10
 13.62795322726763 2.104493184643301E-10
