 0.0004074236980546693 0.9999589858055727
 0.0012270609780118613 1.0001610466238868
 0.0020563417263937535 1.0007661013914184
 0.0028953830703472043 1.0017983376966242
 0.003744277478672366 1.0032007532829614
 0.004603168791725029 1.004880459231668
 0.005472159752616473 1.0067455597953512
 0.006351363378769106 1.0086742754452314
 0.0072409029619164645 1.0105664574087299
 0.008140901793792083 1.0123445406660476
 0.009051493440440624 1.0139723348978842
 0.00997277037066224 1.0154264025942679
 0.010904845601879338 1.0166452613180317
 0.011847924620314478 1.0176424478247712
 0.01280209989476781 1.0184637024573373
 0.013767474168350616 1.0191110496670306
 0.014744150184174173 1.01953474199178
 0.01573243617157232 1.0198160986130616
 0.016732229387433784 1.019992660989286
 0.017743735317981114 1.0199981638494633
 0.018767159449436875 1.0198820023817017
 0.019802604524912344 1.0196636701522899
 0.020850276030630083 1.0193785310861452
 0.021910173966590094 1.0190379795801363
 0.022982503819014927 1.0186227223845519
 0.024067471074127145 1.0181684973125062
 0.025165178475038033 1.0177028622008133
 0.026275728764858865 1.0172204601726633
 0.027399327429812204 1.0167158537454901
 0.028536179956120608 1.0162161964695886
 0.029686286343784073 1.0157083362514499
 0.03084995482213644 1.015189694047446
 0.032027185391177715 1.014648911353606
 0.03321838902335301 1.0140911073361898
 0.034423462975551045 1.0135271401552421
 0.035642612733994376 1.0129239999671675
 0.03687614652801685 1.012293334435016
 0.038124167100729744 1.0116525458494194
 0.03938677719524433 1.0109920375878756
 0.040664285040894456 1.0103206423617461
 0.04195669063768013 1.00964549029243
 0.04326419947182389 1.00895320153475
 0.04458711977265959 1.0082514358968007
 0.0459255542832985 1.0075488577265737
 0.0472796057468519 1.0068331061805782
 0.04864958239265364 1.006097076568048
 0.05003558696381499 1.005333396070357
 0.05143782494655851 1.0045269197672313
 0.05285650182710676 1.0036688750674896
 0.05429182309168231 1.002598683390791
 0.055743891483396424 1.001795206595281
 0.05721301523158294 1.0007847301755939
 0.05869929707935315 0.999735778700882
 0.06020304525604088 0.998656592352933
 0.06172436250475742 0.9975540104263944
 0.06326345431172532 0.9964260777819104
 0.06482052616316716 0.9952685566410345
 0.06639588628841674 0.9940783013802589
 0.06798974017369666 0.9928575526884559
 0.06960219056211817 0.9916086263345611
 0.07123344293990384 0.9903361329976588
 0.07288380553638753 0.9890512485503349
 0.07455348383779176 0.9877669549555441
 0.07624268333033911 0.9864926428443922
 0.07795160950025214 0.985234325177602
 0.07968057057686467 0.9840023473134052
 0.08142966930328802 0.9828049471710429
 0.083199213908856 0.9816436995986811
 0.08498951262290243 0.9805207784109199
 0.08680066818853864 0.97943070982997
 0.08863298883509842 0.9783642918149065
 0.09048668004880435 0.9773169777087609
 0.09236205005899029 0.9762858347964993
 0.09425930435187875 0.9752656620822749
 0.09617875115680362 0.9742508695729165
 0.09812049321687615 0.9732307050625921
 0.10008494150454145 0.9721875265332071
 0.10207240424913337 0.971105010571058
 0.10408288145065192 0.9699614783387421
 0.10611719505398734 0.9687546462691687
 0.10817513957291706 0.9675061708397026
 0.11025671500744107 0.966229126790558
 0.11236294878867219 0.9649493104380874
 0.1144928134854976 0.9636680678323408
 0.1166483639601429 0.9623888609325154
 0.1188285727814953 0.9611191891930235
 0.1210344673806676 0.9598468629151251
 0.12326604775765977 0.9585633206162483
 0.12552434134358464 0.9572601440514033
 0.1278083207073294 0.9559261444205305
 0.13011798584889406 0.9545319838219305
 0.13245539163050418 0.9530754434857033
 0.1348205380521598 0.9515721320779982
 0.1372123976827481 0.9500187484246798
 0.1396319979533819 0.9484186034123373
 0.14208036629517395 0.9467964230322106
 0.14455647527701151 0.945156257004664
 0.14706237976112013 0.9435120183967255
 0.14959705231638704 0.9418817723855288
 0.15216049294281223 0.9402315788269242
 0.15475372907150847 0.9385699291987273
 0.1573777881335886 0.9368517865143128
 0.16003164269793982 0.9350874535395329
 0.16271734762678766 0.9332984204751825
 0.16543387548901942 0.931520477749233
 0.16818122628463503 0.929765616278084
 0.1709604274447473 0.9280417070854227
 0.173772506400469 0.9263554391637885
 0.1766174631518002 0.9247147007286834
 0.1794942702676281 0.9231046433311618
 0.182406010041291 0.921510764716861
 0.18534960017945054 0.9198888079069384
 0.18832915040655795 0.9182034429617865
 0.19134157842927485 0.91643124783548
 0.1943899665409396 0.9145428110530814
 0.1974732873104394 0.9125419084006702
 0.20059256816888704 0.9104479240016563
 0.2037478091162825 0.9082936423622867
 0.20693901015262584 0.9060821576772974
 0.2101682261401426 0.9038055786575647
 0.21343340221660723 0.9014349633841512
 0.21673762067535807 0.8989557202088938
 0.22007882665416958 0.8963697024548338
 0.2234601024463801 0.8936828594162072
 0.22687939318976408 0.8909176273796832
 0.23033772631543428 0.888096657948239
 0.2338371566856163 0.8852589019119972
 0.23737665686919737 0.8824264410952712
 0.24095622686617746 0.8796040855993894
 0.2445779215387822 0.8767963701242438
 0.24824071345589874 0.8739873246034199
 0.2519466574797527 0.8711568165405378
 0.2556947261792313 0.8682803913053757
 0.25948594698544725 0.8653185262068982
 0.26332031989840066 0.8622482502622298
 0.2671998997803171 0.8590778352857438
 0.27112263176897095 0.8558038592178709
 0.2750915981577006 0.852421591962838
 0.27910679894650603 0.8489650702415819
 0.28316720670427453 0.8454464949070472
 0.2872738488621188 0.8418639761905791
 0.29142878028226443 0.8382518824852351
 0.29563097353359874 0.8346550155049328
 0.29988145604723443 0.8310810514874962
 0.30418022782317145 0.8275015999647173
 0.3085293437236355 0.8238899969375856
 0.31292777631751373 0.8202345808160988
 0.31737655303591894 0.8165325301552403
 0.3218756738788512 0.8127948569654562
 0.32642719370853596 0.8090381969425521
 0.3310311125249733 0.8052422364987104
 0.33568640289705043 0.8013786703043267
 0.34039614711810584 0.7974152894373108
 0.3451593177570265 0.7933583526149202
 0.34997694224492537 0.7892106480073556
 0.3548500480129152 0.7850124216835772
 0.359778635060996 0.7808125508759466
 0.3647627033891678 0.7765870062630634
 0.36980430785965607 0.7722821089702522
 0.3749044759035738 0.7678877794975575
 0.3800611526586952 0.763397339882904
 0.3852774204183588 0.7587814692571615
 0.39055327918256455 0.7540347647021299
 0.3958887289513124 0.7491692431647899
 0.4012847971557152 0.7441739826444925
 0.4067425112268858 0.739034858317136
 0.41226289859593684 0.7337320229821878
 0.41784493183175575 0.7282213665023158
 0.4234906657965679 0.7224871564948129
 0.4292011279214862 0.7165826932004321
 0.4349763182065106 0.7105488219416156
 0.44081623665164116 0.7043582001409603
 0.4467239655502163 0.6980042391739594
 0.4526974500400102 0.6915159344866864
 0.45873874498324874 0.6849113519333377
 0.46484785037993176 0.6782111687048956
 0.4710268210922849 0.671426344228806
 0.47727565712030817 0.6645473904529251
 0.4835953858951143 0.6575943832577812
 0.489987034847816 0.6505859514299756
 0.4964495765473008 0.6435019126082636
 0.5029860932869068 0.6363496147627238
 0.5095955576355213 0.6291549002583727
 0.5162800244553699 0.6218792264322042
 0.5230394937464526 0.6144978411906631
 0.5298749929398822 0.6070379909166776
 0.5367875494667714 0.5993987651735996
 0.5437781907582331 0.5914300050585057
 0.5508469168142672 0.5830859492928351
 0.5579957824970995 0.574391603015373
 0.5652247878067297 0.5654382960630501
 0.5725339327431581 0.556328627901342
 0.579926299599723 0.5470299527542335
 0.5874008609453114 0.5374847672001196
 0.594959671642149 0.5277599420990403
 0.602602731690236 0.5179019688413299
 0.610331068520685 0.5079215912435728
 0.6181457095646088 0.4978381528254601
 0.6260476822531202 0.4876217652645184
 0.6340380140173322 0.4772207076924574
 0.6421177322883572 0.4667101289137367
 0.6502878644973084 0.4560260294524294
 0.6585484106441856 0.44528734921694746
 0.6669003981601014 0.4344796571510308
 0.6753458819072817 0.4234948475993105
 0.6838858893168394 0.4122286316207315
 0.6925193929576614 0.4007335272781741
 0.7012494751230861 0.3891705385040571
 0.7100771632442264 0.3775679630506207
 0.7190014298899695 0.3658242963430162
 0.7280253573536538 0.35388191091740834
 0.7371489456352793 0.34181501099782446
 0.7463732221659589 0.3296936392350809
 0.7556992143768051 0.31745755980260787
 0.7651279496989308 0.3051048055709816
 0.7746614829945618 0.29274886087980845
 0.784299814263698 0.28044734660919085
 0.794043970937452 0.2682747297167945
 0.8038960078780497 0.2562779882351808
 0.8138559250854908 0.24438887693405795
 0.8239247499908884 0.23249714458834347
 0.8341045374564678 0.22063516151149748
 0.8443963149133419 0.2088916109172675
 0.8548000823615108 0.19735695712882143
 0.8653178946632001 0.1860865146486961
 0.8759507792495224 0.17492385940113073
 0.8866997635515905 0.16377711452745208
 0.8975669024316304 0.1527858032808821
 0.9085511684585288 0.14202129677131808
 0.9196556439256243 0.131497573735661
 0.9308813562640297 0.12133109735931859
 0.942228305473745 0.11162564877837926
 0.9536995738481086 0.10233176355235969
 0.9652941339560077 0.09342534963704639
 0.9770150680907806 0.08502348551738248
 0.9888634036835403 0.07719670142666393
 1.0008391407342865 0.06988010553089932
 1.0129443341052449 0.06305584681633881
 1.0251800112275287 0.056820424329164
 1.0375513092567012 0.05116623194598174
 1.0500448715882964 0.04596761883647636
 1.062682274275683 0.04113967148771558
 1.0754532430077333 0.03666674757828393
 1.0883680520955747 0.03255879088828421
 1.1014061529169517 0.0288173834161149
 1.1145983684052478 0.025412995095223625
 1.1279241499382078 0.022283385164824355
 1.141393771826959 0.019426225995287812
 1.1550072340715014 0.01689486507307604
 1.1687645366718353 0.014670600784196396
 1.1826656796279607 0.012675534083739308
 1.1967209372510053 0.010871523720072876
 1.2109303095409696 0.009251203607565909
 1.225273247875597 0.007811096763173199
 1.2397805751882716 0.006559073170449492
 1.2544420171678656 0.005492424042143946
 1.2692575738143792 0.0045949629495407405
 1.2842169708166842 0.003842075313861459
 1.2993510311081642 0.0032184243274944874
 1.3146289317554358 0.002703458522576341
 1.3300814956918825 0.002251487156458909
 1.345688174295249 0.0018389690156264999
 1.361459241876662 0.0014852979713609023
 1.3773946984361227 0.0012077198074140006
 1.393494543973631 0.001000409661955661
 1.4097690528003142 0.0008497602104765782
 1.4262079506050447 0.0007406769052908957
 1.4428215116989507 0.0006626383701286688
 1.459609736082032 0.0006051440261850194
 1.4765623494431603 0.0005565741697932429
 1.493699900404592 0.0005127800414401052
 1.511001840344071 0.0004734058425174952
 1.5284989921949812 0.00043778244241521785
 1.5461605330239387 0.00040854061185007255
 1.5640172857643273 0.0003851617659429222
 1.5820487017938913 0.00035058543022895114
 1.6002650554237583 0.00027861274252705766
 1.6186766209650565 0.00015521647903949152
 1.6372628497955302 -0.000014495405591550589
 1.6560442905374348 -0.00021389852915277676
 1.6750209431907708 -0.00042746203775660484
 1.69418253344441 -0.000640362832651899
 1.7135496099206082 -0.0008348685673581047
 1.7331016239971098 -0.0009973449884834377
 1.7528591242961704 -0.0011233542299950445
 1.772811836506662 -0.0012242753855077008
 1.792959760628585 -0.0013291037050269792
 1.813323445284195 -0.0014672077269541832
 1.8338823418512364 -0.001640067879251857
 1.8546467246408367 -0.0018217376592751858
 1.875616593652996 -0.00198232392546659
 1.8968022231988428 -0.0021053681640405323
 1.9181933389672485 -0.00218995427627817
 1.9398002152693412 -0.0022454862985340726
 1.9616228521051213 -0.002288766922366878
 1.9836612494745882 -0.002332878173457445
 2.005915407377742 -0.002379082712348542
 2.0283853258145834 -0.002421886226366784
 2.0510710047851117 -0.0022086031626850073
 2.0739929929115832 -0.002006094378388902
 2.0971307415717413 -0.002482083264615211
 2.1204945250767144 -0.002527942032487827
 2.144084343426503 -0.0026034744098531884
 2.1679001966211064 -0.0026667551747044265
 2.1919523589716534 -0.0026612341767317583
 2.2162408304781427 -0.0026503168324876905
 2.240755336829447 -0.0025600782777745004
 2.2655061523366946 -0.0024759520415466737
 2.290503551311013 -0.0024519557514692115
 2.315726985130147 -0.002503627101938514
 2.341207276727479 -0.0025905497744771132
 2.3669136031696265 -0.002671158305760202
 2.392876787389973 -0.0027540074867274146
 2.4190762807662627 -0.002824406329507761
 2.445522357609623 -0.0028526141656115746
 2.4722252922311823 -0.0028715562371638232
 2.4991748103198126 -0.002882999272685602
 2.526381186186642 -0.002851777500814079
 2.553834145520542 -0.0028297620195329477
 2.581554236943769 -0.0028853241451006614
 2.609520911834067 -0.0029826651624632397
 2.6377547188136914 -0.002990620252872536
 2.6662453835715154 -0.003002863802232889
 2.694992906107538 -0.0028487634347069825
 2.7240075607328875 -0.0025381738252251733
 2.7532996217586923 -0.002016958917117966
 2.7828485405626955 -0.0014013436894395707
 2.8126645914560253 -0.0008498108893622169
 2.8427477744386827 -0.0003532880274677655
 2.8731083638217942 0.0001278474645722767
 2.903746359605361 0.0005632962350751506
 2.9346514874782548 0.0008976387119789992
 2.965844296062731 0.0011474378482673392
 2.997304236736534 0.0013936652599351943
 3.0290518581219206 0.0016445734593542427
 3.0610768859077613 0.0018351795214556856
 3.0933793200940567 0.001901256173296624
 3.1259797093030635 0.0018673865956711662
 3.1588575049125245 0.0018620435409096284
 3.1920229812335688 0.0018829543837749437
 3.2254761382661954 0.0019129245098786802
 3.259216976010405 0.0019355985344547291
 3.293255768777325 0.0019917539764269907
 3.3275822422558283 0.002009399421319082
 3.362206670757042 0.0019772792721848456
 3.397129054280967 0.0019478763295696134
 3.432339118516474 0.0019902781918606865
 3.4678574120858205 0.002027382526347446
 3.5036736606778773 0.0020395484094879388
 3.5397878642926446 0.0019893313507446555
 3.5762102972412513 0.0019306883754541615
 3.612930685212568 0.0017749030704949961
 3.649949028206596 0.0016041476875604537
 3.68728587484559 0.0014330461267481874
 3.724930950818423 0.0012752929689435386
 3.762873981813967 0.0011399275182845164
 3.801135516454478 0.0010013982075956925
 3.839705280428827 0.0008314749537039494
 3.8785832737370147 0.0006343413290218502
 3.9177797706901694 0.0004193037109163639
 3.9572844969771626 0.00020089064213776078
 3.997107726909123 -0.00004061758726751746
 4.037239186174921 -0.00031063567026002876
 4.0776994233968145 -0.0005301969882308799
 4.118467889952547 -0.0005943507716484862
 4.159565134464374 -0.0005757269730451627
 4.200980882621167 -0.0005513175796571667
 4.2427048601117985 -0.00040326780300315704
 4.284757615558525 -0.000295398407798513
 4.327139148961346 -0.00019248311010409717
 4.369839186009133 -0.00007890009524783442
 4.412857726701888 0.000008762586703330528
 4.456205045350737 0.00004990799757179703
 4.49988114195568 0.00005833615076383877
 4.543875742205591 0.00005462772150244941
 4.588199120411597 0.00004891384113044316
 4.632851276573695 0.00004389181928470391
 4.677821936380762 0.00003987429216001389
 4.72313164845505 0.00003671196675110677
 4.768759864174306 0.00003421651719246059
 4.814727132160784 0.00003220782617852766
 4.861012903792229 0.00003058367048257745
 4.907627453379768 0.000029255192008492995
 4.95458105523453 0.000028206761823098424
 5.0018531607342585 0.00002738617875877861
 5.049464318501209 0.000026674965234573746
 5.097404254224255 0.00002612414988182937
 5.145672967903395 0.00002566930483610322
 5.19427045953863 0.000025252845987038267
 5.24319672912996 0.000024935126649392726
 5.2924517766773835 0.000024663637491113298
 5.342045876492031 0.00002443362378481127
 5.3919584799516445 0.000024271192005860296
 5.44221013567848 0.000024097422654419787
 5.492780295050283 0.00002394328694457052
 5.543689506689308 0.000023841374326659602
 5.594917221973299 0.000023751807747630498
 5.646483989524514 0.000023672486849723313
 5.698369260720694 0.000023566073379009203
 5.750593584184099 0.00002350370694396785
 5.803136411292469 0.00002344427299144312
 5.856008016356933 0.000023391200191452865
 5.909198125066364 0.000023339514996722684
 5.962727286043019 0.000023292618912056455
 6.0165646763535126 0.00002324823633175212
 6.0707411189312275 0.00002323899385464575
 6.125225790842781 0.000023200209320534984
 6.18003924071043 0.00002315778928691955
 6.235181468534174 0.000023187219227051734
 6.2906319256917556 0.000023153320743052987
 6.346400886494304 0.000023150431771256176
 6.40248835094182 0.000023148253346576366
 6.458894319034301 0.00002311379599846281
 6.515618790771749 0.000023146190853648798
 6.572651491843037 0.00002314673089389285
 6.63000269655929 0.00002314907703148639
 6.687651856298255 0.000023183356025676576
 6.7456195196821875 0.00002318377140631698
 6.8038954123999575 0.00002318627917358021
 6.862479534451566 0.000023221829904167042
 6.921361611525885 0.000023257220076606283
 6.980551917934043 0.000023292103854100582
 7.0400401793649126 0.000023359361374437008
 7.099826395818492 0.000023395576895024026
 7.159910567294783 0.000023401057072156285
 7.220292693793784 0.00002346667465363432
 7.280972775315496 0.000023533923521228275
 7.3419405375487905 0.000023574407985517472
 7.40318570618254 0.000023672049885508823
 7.464728829839 0.000023737389851130148
 7.526559634207043 0.000023805792245860847
 7.588667844975541 0.00002387581786713597
 7.6510534621444934 0.000023974103857239247
 7.713716485713902 0.00002406993250548217
 7.776667189994892 0.0000241395646524258
 7.83987475205408 0.000024268356394513848
 7.903359720513725 0.000024365445932472214
 7.967111821062696 0.000024465521546099413
 8.031120779389866 0.000024621725894958637
 8.095396869806363 0.000024748468028178704
 8.159929818001059 0.00002484578713707809
 8.22472989828508 0.00002500249832485926
 8.289766287725046 0.000025160118505179427
 8.35505953494321 0.000025314446056555806
 8.420599365628446 0.000025469683398175685
 8.486385779780752 0.00002562564983620636
 8.552408503089001 0.000025810142686785004
 8.618667535553195 0.000025993323682553095
 8.68516287717333 0.000026204582805931413
 8.751884253638279 0.00002641651467472143
 8.818831664948046 0.00002659974601247283
 8.886005111102625 0.00002683592496878132
 8.953404592102022 0.000027074799246975794
 9.021009559323977 0.000027311999403828724
 9.088840561390747 0.00002757676007063816
 9.156866775368947 0.00002784191884681702
 9.225108749880835 0.000028132226177651455
 9.293545936304154 0.000028425063751279605
 9.362178334638903 0.000028716246861195305
 9.431005944885085 0.00002903439817162644
 9.50001849273157 0.0000293772596174035
 9.569226252489488 0.000029720424842933264
 9.638608675536577 0.000030063989665192235
 9.708176036183971 0.000030460377112788276
 9.777907785809413 0.000030883315759994265
 9.84781419872403 0.00003130413176974294
 9.917885000616694 0.000031753622580534306
 9.988109917176278 0.000032201090228231345
 10.058499222713909 0.00003267478728862131
 10.129032368607332 0.00003320055463052352
 10.199719629167673 0.000033749921770386675
 10.270550730083807 0.000034304446588906496
 10.341505122733475 0.00003490830248179354
 10.412603355738936 0.00003554078465363752
 10.483804331855673 0.00003618094443077318
 10.555210794194972 0.00003689467545720981
 10.626719999645552 0.00003765957177089382
 10.69822920509613 0.00003844719689815534
 10.769943896769268 0.00003928062927246425
 10.841761331553682 0.00004016429994847071
 10.91368150944938 0.00004109615188605964
 10.985704430456355 0.000042131590938220355
 11.057727351463331 0.000043236366307372724
 11.129955758692867 0.00004438831537906642
 11.202184165922402 0.000045587139955636465
 11.274618059374497 0.00004696698436392501
 11.346949209715312 0.00004844626014501659
 11.419485846278684 0.00004998842687433547
 11.492022482842058 0.00005173846549918174
 11.564661862516713 0.000053636870420982753
 11.637301242191366 0.000055748585639851374
 11.70994062186602 0.00005804628178613264
 11.782682744651954 0.00006059813882367036
 11.855527610549165 0.0000634864845922252
 11.928372476446377 0.00006689190555483794
 12.00111459923231 0.00007073096864265565
 12.074062208240804 0.0000752142871728906
 12.146907074138017 0.00008034798192821312
