 0.0005593197229443525 2.14433229443268
 0.0016845348209600908 2.1415686609788986
 0.002822988672914983 2.1406819667998644
 0.003974842073391286 2.141729349415909
 0.005140221965480255 2.1446733715101076
 0.006319325816212733 2.149431824030844
 0.007512294673467891 2.155887732464553
 0.008719283689912819 2.163896820786161
 0.009940462123002527 2.1732946151434547
 0.011175999230192019 2.183904538569029
 0.012426078373724222 2.1955461750308163
 0.01369082649669039 2.2080427752855445
 0.014970398751757614 2.221226731342634
 0.016265077234684237 2.2349418497804607
 0.017574988888561516 2.249044019516349
 0.01890027476126863 2.2634001026342196
 0.02024107590068474 2.2778872689092915
 0.02159781545044737 2.2923919580555916
 0.022970352362677353 2.306809117646385
 0.024358968733133025 2.32104253143406
 0.025763946657572735 2.3350055502581526
 0.027185427183875656 2.348622422783635
 0.028623692407800133 2.3618281252282585
 0.03007874232934617 2.3745673571902053
 0.03155085904427211 2.386793432960246
 0.03304032464833629 2.3984661438654395
 0.0345472801894179 2.409549357792632
 0.0360718667153961 2.4200092320412403
 0.03761436632202923 2.4298146576598363
 0.039175061105075654 2.4389400129109795
 0.04075395106453536 2.4473665696712312
 0.04235145934404587 2.4550814506733265
 0.043967585943607175 2.462075342990572
 0.045602895054735984 2.468341033555473
 0.0472572456295531 2.4738734534655653
 0.048930919763816895 2.4786704426179473
 0.050624340601164865 2.4827352690508713
 0.05233764918947619 2.486078005455629
 0.05407098657663006 2.4887141323902116
 0.05582477590626396 2.490661193465099
 0.057599017178377926 2.491939069475998
 0.05939399248873027 2.4925736094669046
 0.06121012498095854 2.4925961169548487
 0.06304755570294189 2.492038324341465
 0.06490642570255949 2.490927369392164
 0.06678715812344886 2.489285285146283
 0.0686898940134892 2.48712984068316
 0.07061491546843882 2.48447456453473
 0.07256250458405607 2.481331455776662
 0.07453294345609932 2.477717218186085
 0.07652637313244771 2.473657791729743
 0.0785432167567388 2.4691852287877545
 0.08058361537685171 2.464329256884825
 0.08264799213642401 2.45911060994997
 0.08473648808333484 2.4535418340764292
 0.08684938531334256 2.4476338979600554
 0.08898696592220551 2.4414005743359453
 0.0911496530535612 2.4348592172755916
 0.093337728803168 2.4280337855060883
 0.09555133421890505 2.420959770184511
 0.09779075139653072 2.4136820085982507
 0.10005640347968252 2.4062455759040526
 0.10234857256411879 2.3986880756295514
 0.10466754074559789 2.391037873627925
 0.10701359011987815 2.383314705118484
 0.1093871438305971 2.375531869952414
 0.11178834292563392 2.367699410069465
 0.1142176105486261 2.3598266996930137
 0.11667536984321117 2.35192438630997
 0.11916176185726833 2.344006270139633
 0.12167720973443504 2.3360894090521005
 0.12422199557046971 2.3281913959292133
 0.12679654250900982 2.32032712294802
 0.12940113264581374 2.3125061908605256
 0.13203618912451895 2.3047328172206965
 0.13470185299300466 2.297006768017194
 0.13739868844278752 2.2893265187634038
 0.1401271186175051 2.2816920164838277
 0.14288714351715737 2.2741049114483647
 0.14567989152477773 2.2665670806807903
 0.1485050805446078 2.2590787050424335
 0.1513627105766476 2.251633487429563
 0.15425419209968885 2.2442176549776813
 0.15717811463493989 2.236818144445339
 0.16013729913998406 2.229425833448008
 0.1631303351360297 2.2220287256373936
 0.16615863310186854 2.2146063263624614
 0.16922219303750055 2.207138397575313
 0.1723224254217175 2.1996214277540482
 0.1754579197757276 2.192068862544198
 0.1786286760995309 2.1844965925681383
 0.18183751535071083 2.176916190280911
 0.18508443752926743 2.169338901701697
 0.1883680321564089 2.1617788507898803
 0.19168970971092708 2.1542498135269255
 0.19505088067161355 2.1467666347023355
 0.19845013455967672 2.1393522260312388
 0.20189029233269995 2.132033398255781
 0.20536994351189158 2.1248295160439383
 0.20888908809725157 2.1177483613616666
 0.21244913656757164 2.1107842043188687
 0.21605149940164356 2.103912379942815
 0.21969476612067554 2.09709156484906
 0.22338175768225108 2.090272687518957
 0.22711106360757846 2.083404000449535
 0.23088268389665767 2.0764405458052053
 0.2346980290282804 2.0693577232944564
 0.2385585094812384 2.062151394189213
 0.2424641252555317 2.054820259063579
 0.24641346587236862 2.04735964531208
 0.2504107627681242 2.039772860349098
 0.2544517845064233 2.032083552508765
 0.2585421730024329 2.024335755782417
 0.26267769681977776 2.0165728891613073
 0.2668625873948331 2.008810761879325
 0.2710954342488072 2.001034982342969
 0.27537764786049174 1.9932204309877473
 0.2797092282298867 1.9853430721738436
 0.28409017535699216 1.9773790178217934
 0.28852331019939154 1.9693084630565139
 0.29300581179950136 1.9611273942840364
 0.2975419115936968 1.9528444804939686
 0.3021287886243945 1.94445757336862
 0.3067706743279695 1.9359420531820866
 0.31146474774683847 1.9272663735352837
 0.31621241935979305 1.918415057813832
 0.32101651012441673 1.909395149469292
 0.3258756095619178 1.9002332144943272
 0.3307897176722962 1.8909643831142338
 0.3357616554131355 1.8816216420929432
 0.3407900123056438 1.8722481104749928
 0.34587760930740474 1.8629039337609903
 0.35102303593962647 1.85364463137736
 0.3562277026811007 1.8445051494850606
 0.3614916095318276 1.835492596404488
 0.3668175774493905 1.8265759477718608
 0.37220278547620583 1.81771086947585
 0.37765146504864894 1.8088615783258377
 0.3831636161667198 1.7999949180998422
 0.38873782835162674 1.7910814095337235
 0.3943755120821613 1.7821004185882119
 0.4000794883159071 1.7730263759951
 0.40584834657407237 1.7638100355170028
 0.41168349733544884 1.7543917025509745
 0.4175849406000365 1.7447176155872077
 0.42355549732541875 1.7347371896929056
 0.42959375703280395 1.7244144821358374
 0.4357011302009838 1.7137256011577504
 0.4418776168299583 1.7026520456713705
 0.44812603787731087 1.6912058014624152
 0.4544463933430416 1.679418746870745
 0.4608372727483586 1.6673206174290687
 0.4673029075296373 1.654943181341908
 0.4738418872080858 1.6423018946228611
 0.4804556222624957 1.6293855633935335
 0.48714552317165905 1.6161697639808963
 0.4939115899355756 1.6026391621056848
 0.5007538225542455 1.588822358122179
 0.507675041985252 1.5747838171765525
 0.5146766587073871 1.5605820691026875
 0.5217558517630672 1.54624798699115
 0.5289168525886674 1.5317865859338788
 0.5361596611841878 1.5171817521228543
 0.5434842775496285 1.5024073286633155
 0.550892112163781 1.4874512960161763
 0.5583845755054372 1.4723204217996968
 0.5659630780533887 1.4570097755209774
 0.573626209328844 1.4414930843444325
 0.5813767902893864 1.4257172351554601
 0.5892162314138074 1.4096318265215464
 0.5971445327021074 1.393219138183188
 0.6051616941542862 1.3764825953967428
 0.6132719472067192 1.3594510900313486
 0.6214724709018224 1.342174743554388
 0.6297660861971799 1.3246804146856002
 0.6381527930927913 1.306964686456108
 0.6466354125462401 1.2890633303283692
 0.6552139445575266 1.2710471490064328
 0.663889799605442 1.2528991076815912
 0.6726643881687785 1.2344966117772418
 0.6815362997687442 1.2157251471691795
 0.6905097658417141 1.1965161866367724
 0.6995833759088967 1.176841631464117
 0.7087599509278756 1.156739717405096
 0.7180394908986505 1.1363277897862154
 0.7274234063000132 1.1157398677249541
 0.7369131076107555 1.0950817234117511
 0.746510005309669 1.0744757088497021
 0.7562140993967539 1.0540167547666934
 0.7660282108295934 1.0336778205037007
 0.7759523396081878 1.0133136061390204
 0.7859864857325368 0.9927569580623404
 0.7961348806390158 0.9719142289803763
 0.806396113848833 0.9507742495475954
 0.8167730063195718 0.9293472855129626
 0.8272655580512323 0.9076203591655382
 0.8378751795226062 0.8855328897990918
 0.8486032812124852 0.8629986914474425
 0.859451273599661 0.8399398887711402
 0.8704205671629254 0.8163422395701885
 0.88151257238107 0.7923070287386406
 0.8927286997328867 0.7680366126298412
 0.9040689492183753 0.7437612052733813
 0.9155347313163277 0.7196680229625498
 0.9271288669843273 0.6959362274545375
 0.9388527667011659 0.6727154515746799
 0.9507050199880517 0.6500330669289627
 0.9626898582813598 0.6278364342483237
 0.9748086920598821 0.6060280628177701
 0.9870601108448266 0.5844611659478642
 0.9994483460725687 0.5629976394743259
 1.0119733977431085 0.5415519198986536
 1.0246366763352377 0.520067142476532
 1.0374395923277475 0.4985034349408189
 1.0503835561994304 0.47685643074642475
 1.0634713889078695 0.4552086121280236
 1.0767030904530646 0.43377101755781844
 1.0900800713138077 0.4128100083435478
 1.1036051524476822 0.3925191206744155
 1.1172783338546879 0.3729407679174928
 1.1311010260136172 0.35398390055802964
 1.1450760498820527 0.3355467344994694
 1.1592048159387864 0.3175414757101368
 1.1734873241838186 0.2999037832190999
 1.1879263955747326 0.28278305747173954
 1.2025234405903198 0.26648680989023404
 1.2172798697093723 0.251096326948914
 1.2321985038894736 0.23649485364681105
 1.2472779326518317 0.22274037578361627
 1.262522387432822 0.20994168762488205
 1.277933278711236 0.19809502841672277
 1.293510606487074 0.18714379392001407
 1.309258602196711 0.1769406488961895
 1.3251758553613553 0.16736393153105913
 1.3412665974173819 0.1584175921353229
 1.3575322388435829 0.15013086312082605
 1.3739727796399581 0.14247487007692936
 1.3905910407640907 0.13539567507138556
 1.407388432694773 0.12884728644352444
 1.4243720078259632 0.12275398390696592
 1.441523429933369 0.11698048859277832
 1.4588723190716164 0.11139629650642482
 1.4764045704527888 0.10598826620285887
 1.4941342888648026 0.1008783536972656
 1.512033264731824 0.09619699449060455
 1.5301438124176043 0.09197802177934833
 1.5484377223463095 0.08818737634826886
 1.5669290993058562 0.08477462479306563
 1.585617943296245 0.08169519789603295
 1.6045042543174755 0.07890698998890308
 1.623588032369548 0.07635043716456003
 1.6428833822403792 0.07395464744470238
 1.6623903039299701 0.07166430200129262
 1.6820805878624852 0.0694564125004394
 1.7019965484016766 0.06734659122962032
 1.7221240807596274 0.06538692266410016
 1.742463184936337 0.06364916491026086
 1.7629997561438888 0.06219245190181981
 1.783776108746034 0.061031182176824184
 1.8047499283790214 0.0601394137523053
 1.825963529406602 0.05949166724684157
 1.847388702252942 0.05907373439120584
 1.8690395517059581 0.05887665225498215
 1.8909160777656508 0.05892175748974988
 1.9130182804320202 0.0591888296047698
 1.935360264492983 0.059470288288622754
 1.957927925160622 0.05940082481440296
 1.980735367222855 0.05869353421689365
 2.0037825906796813 0.05735586262857426
 2.0270554907431846 0.05565450381992149
 2.050582276989198 0.053921203503942125
 2.0743347398418885 0.05244167052511299
 2.098355193665007 0.05151597304828755
 2.1226013240948016 0.05149030052828068
 2.1471154454950248 0.05254878282905809
 2.1718693482898415 0.054456208618605416
 2.196877137267169 0.05655209031101361
 2.222152917214925 0.05811767819985891
 2.2476684785572743 0.058784719371895305
 2.273452030870052 0.05841964622089308
 2.2995035741532583 0.05683747441199438
 2.3258090036189754 0.05404124843023897
 2.3523965288430375 0.05073965601230751
 2.379237940249611 0.04796512903897265
 2.40636144741453 0.046147572898798034
 2.4337529455498768 0.04515494630165566
 2.4614124346556516 0.04469244943908207
 2.48936812430769 0.04453463552534158
 2.517591804930156 0.044630300076910115
 2.546097581310968 0.04507927808918571
 2.574885453450125 0.045878313629161796
 2.603969526135545 0.04688686963452925
 2.6333356945793107 0.047967562657378914
 2.6629980635693387 0.0490373436150927
 2.69295663310563 0.05005831015554782
 2.7232114031881833 0.051004769347146525
 2.753762373817 0.051843813330634
 2.784609544992079 0.0525352982737659
 2.8157529167134214 0.053078795685841375
 2.847220698556861 0.05347679212630759
 2.8789846809465627 0.05373665330787939
 2.911058968670445 0.05398564179733994
 2.943443561728507 0.05430950392324157
 2.9761384601207492 0.054560387869115066
 3.009157768635089 0.05465985010426836
 3.042501487271526 0.05452332371997651
 3.076155511242143 0.053844518432312374
 3.110133945334857 0.05305023696091973
 3.1444508943375857 0.05304989775447763
 3.1790781486744946 0.0540149754041568
 3.214058022709335 0.055337419139501694
 3.2493482020783557 0.056348649832274215
 3.2849910011453085 0.057085157834525585
 3.3209582103343585 0.05772037131488354
 3.357263934433423 0.05809279123848856
 3.3939222782304195 0.05833172747538589
 3.43091913693743 0.058806321567910214
 3.468268615342373 0.05951940177718202
 3.5059566086573306 0.05942180915304269
 3.544011326458137 0.05747203445894622
 3.5824045591689586 0.05582422086912607
 3.6211645163656283 0.0565320505039761
 3.660277093260231 0.058359348190349394
 3.6997422898527645 0.058983344996872786
 3.7395742109311474 0.05724666269671653
 3.7797869612832975 0.053500306746038125
 3.8203523313333787 0.04950015538133241
 3.8612844258693086 0.046560441875076714
 3.902583244891089 0.0447751759866748
 3.944262893186635 0.04400436172100933
 3.9863233707559473 0.04401265831065645
 4.028750572811109 0.04453193533297583
 4.071572708927954 0.04469449890371503
 4.114761569530649 0.044460458834046646
 4.158345364195028 0.04411497886262479
 4.202309988133171 0.043959342208448084
 4.246655441345083 0.04387159297960204
 4.2914099334065945 0.04347534565155259
 4.336545254741873 0.04313971088639503
 4.382075510138835 0.04365350071879763
 4.42800069959748 0.04460758545576365
 4.47432082311781 0.04430495350094268
 4.521049985487741 0.041794949868103795
 4.568174081919354 0.03819649086521049
 4.615707217200569 0.03505751599333385
 4.6636493913313855 0.032958642140926746
 4.711986499523885 0.03137851738091778
 4.760746751353903 0.03020776635228628
 4.809916042033522 0.029817251923601955
 4.859494371562741 0.029879170578316728
 4.90949584472948 0.0301908174823219
 4.959906356745818 0.030363002284807778
 5.010725907611758 0.030602147296917133
 5.061982706903134 0.030778138470425757
 5.113662649832027 0.03069274095153695
 5.165751631610521 0.03046988335329302
 5.218277861814452 0.02962711328034431
 5.271227235655901 0.027821367476783376
 5.3245997531348666 0.025236683208557063
 5.378409519039269 0.02255633166757435
 5.43264242858119 0.019965563714392117
 5.487312586548546 0.01717243765227552
 5.54240588815342 0.014046217676413371
 5.597950542971646 0.01094974788833095
 5.653918341427392 0.00853096108162064
 5.71033749309649 0.006888814206353886
 5.767193893191023 0.005726388101675709
 5.824473436923075 0.004843314867543639
 5.882204333868479 0.004142761296108032
 5.9403865840272365 0.0035722487064424424
 5.999006082611429 0.0030994835004310504
 6.058062829621058 0.0027027577048318076
 6.117570929844039 0.002366573174132264
 6.177530383280372 0.002079409752491623
 6.237927085142141 0.0018324642918232216
 6.298775140217264 0.0016188731387488118
 6.360074548505739 0.0014332006551895065
 6.421811205219649 0.0012710869283478641
 6.484013319934829 0.001128996525018924
 6.546652683075445 0.0010040352829951888
 6.609757504217331 0.0008938136479551016
 6.673299573784653 0.0007963433240903981
 6.737292996565326 0.0007099578627249398
 6.801751877347272 0.000633251016990996
 6.866648006554652 0.0005650285589032404
 6.9320095937633015 0.0005042701389850303
 6.997822534185304 0.000450098825081103
 7.064086827820659 0.00040175701759466117
 7.130802474669368 0.0003585867739139938
 7.197969474731429 0.00032001405217443386
 7.265587828006843 0.00028553584691240025
 7.333671639283526 0.0002547096627132389
 7.402192698985647 0.0002271448739717259
 7.471179216689036 0.00020249555296955816
 7.540602982817861 0.0001804545410281086
 7.610492206947956 0.00016074843746340605
 7.680818679503486 0.0001431334211843236
 7.751610610060286 0.00012739166174606395
 7.822839789042522 0.00011332829124620365
 7.89453442602603 0.00010076878020877987
 7.96666631143497 0.00008955667936515671
 8.039249550057265 0.0000795516481804074
 8.112270037104995 0.00007062774087816859
 8.185755982153996 0.00006267188468773289
 8.259665070840514 0.0000555825527524598
 8.334039617528301 0.00004926857796894972
 8.408837307853608 0.00004364809704566944
 8.484086351392268 0.00003864761489332819
 8.55978674814428 0.00003420116290391216
 8.635910288533811 0.000030249543900731543
 8.712471077348777 0.000026739656917602468
 8.789469114589178 0.00002362388831895828
 8.866904400255015 0.000020859561339129552
 8.944776934346287 0.000018408445611980032
 9.023072612075078 0.000016236307190723246
 9.101805538229303 0.000014312511758348763
 9.18094750323313 0.000012609656087447483
 9.260526716662394 0.000011103244595392575
 9.340529073729174 0.000009771392800591895
 9.420954574433473 0.000008594559928819286
 9.501789113987373 0.000007555309394503852
 9.58304679717879 0.00000663809133364901
 9.664713519219811 0.000005829047161760275
 9.74678928011043 0.000005115833507528287
 9.829274079850652 0.0000044874629402793596
 9.912167918440474 0.000003934162442371023
 9.995470795879896 0.0000034472436153561178
 10.079168607381003 0.0000030189878607865987
 10.163247248155876 0.000002642542335136297
 10.247734927780352 0.0000023118268059346096
 10.33261754146651 0.0000020214501967118903
 10.417880984426432 0.0000017666353443363829
 10.503525256660122 0.000001543151818561743
 10.589550358167582 0.0000013472559605381206
 10.675970393736721 0.000001175636884301152
 10.762743049003793 0.0000010253683085599036
 10.849896533544634 8.938655573558502E-7
 10.93741674257132 7.78847152198681E-7
 11.025289571295941 6.783005216435601E-7
 11.11352912450641 5.904513916772836E-7
 11.202121297414811 5.137366076818917E-7
 11.29108019480906 4.467798419884697E-7
 11.380363502325409 3.883700355405309E-7
 11.469999429539689 3.374422016916579E-7
 11.559973871663983 2.930603795381267E-7
 11.65028682869829 2.544025247863635E-7
 11.740924195854696 2.2074706762358284E-7
 11.8318859731332 1.914610075626886E-7
 11.923172160533799 1.6598939225899836E-7
 12.01476865326858 1.4384596908007097E-7
 12.10667545133754 1.2460493954704237E-7
 12.19889255474068 1.0789365126878128E-7
 12.291419963478003 9.338616121488188E-8
 12.384229467973668 8.079754018114525E-8
 12.477349277803514 6.98788492841572E-8
 12.570737078603788 6.041272776329967E-8
 12.664421079950326 5.220947752401183E-8
 12.75837307226729 4.510364442398365E-8
 12.852593055554683 3.895099322942135E-8
 12.947081029812505 3.362585432734636E-8
 13.041822890252838 2.90187930575769E-8
 13.1368327416636 2.503456171985344E-8
 13.232082374468956 2.1590301954148654E-8
 13.32758589345682 1.8613971197603106E-8
 13.423315089051362 1.604296278669468E-8
 13.519284066040498 1.3822895263651479E-8
 13.61547871963631 1.190655722002797E-8
 13.71188494505088 1.0252980040442827E-8
 13.808516847072127 8.82662869954361E-9
 13.905346216124217 7.596697169114859E-9
 14.002387156995065 6.5364911410355525E-9
 14.099625564896757 5.622889166732199E-9
 14.197033230253453 4.835873853385013E-9
 14.294638362640994 4.15812258447069E-9
 14.392384542907703 3.5746524272110714E-9
 14.49041281893276 3.0725091082402656E-9
 14.588582142836993 2.640496229106743E-9
 14.686751466741224 2.26894279562177E-9
 14.7852028864038 1.9494995012670118E-9
 14.883795353945546 1.6749588984393094E-9
 14.982528869366469 1.4391065420679653E-9
 15.081403432666562 1.236581743238579E-9
 15.180277995966655 1.0627681282801984E-9
 15.279434655025097 9.136894046421761E-10
 15.378591314083534 7.859247669716561E-10
 15.478030068900319 6.765328496561275E-10
 15.577327775837935 5.829891920169962E-10
 15.67690757853389 5.031283929897501E-10
 15.776487381229849 4.35097810435205E-10
 15.87620823180498 3.773134839868666E-10
 15.97592908238011 3.2842946832150334E-10
 16.07564993295524 2.87302814691444E-10
 16.175511831409544 2.529726696452827E-10
 16.27551477774302 2.2463533458538879E-10
 16.375517724076495 2.0162747749636652E-10
 16.4753796225308 1.834111205177269E-10
 16.57552361674345 1.6956225708102455E-10
 16.675526563076925 1.5975949245019692E-10
