 0. 0.5598597723765776
 0.0013708033221144034 0.5664456297333827
 0.002757731959154287 0.5731085109827825
 0.004160974502286691 0.5798493063077191
 0.005580721722270391 0.586668915932103
 0.007017166594040978 0.5935682502163347
 0.008470504321529801 0.6005482297755235
 0.009940932362772388 0.6076097855797298
 0.011428650455262292 0.6147538590750348
 0.01293386064160138 0.621981402282824
 0.01445676729539321 0.6292933779208628
 0.015997577147432874 0.6366907595101469
 0.01755649931215843 0.6441745314940848
 0.019133745314394192 0.65174568935291
 0.02072952911637412 0.6594052397143625
 0.02234406714503622 0.6671542004794412
 0.02397757831962487 0.6749936009340305
 0.025630284079566416 0.6829244818718198
 0.02730240841264578 0.6909478957134929
 0.02899417788347486 0.69906490662966
 0.030705821662261962 0.7072765906581263
 0.03243757155386834 0.7155840358391523
 0.03418966202719591 0.7239883423260847
 0.03596233024484586 0.7324906225206095
 0.037755816093108435 0.7410920011975797
 0.03957036221225831 0.7497936156280006
 0.04140621402715116 0.7585966157198647
 0.04326361977816496 0.7675021641345773
 0.045142830552426495 0.7765114364268562
 0.047044100315380255 0.7856256211724244
 0.0489676859426701 0.7948459201089373
 0.05091384725236593 0.8041735482598734
 0.0528828470374937 0.8136097340763925
 0.05487495109891277 0.8231557195791812
 0.05689042827854058 0.8328127604804828
 0.05892955049287611 0.842582126342018
 0.06099259276690998 0.8524651007017263
 0.06307983326834488 0.8624629812193864
 0.06519155334217258 0.8725770798213549
 0.0673280375456053 0.8828087228395504
 0.06948957368334739 0.8931592511571346
 0.07167645284322366 0.903630020357887
 0.07388896943217357 0.9142224008681512
 0.07612742121259282 0.9249377781080647
 0.07839210933904535 0.9357775526381925
 0.08068333839533427 0.9467431403089684
 0.08300141643193881 0.9578359724195662
 0.08534665500384009 0.9690574958559269
 0.08771936920868505 0.9804091732610988
 0.09011987772536728 0.9918924831751256
 0.09254850285295048 1.0035089201986698
 0.09500557054999248 1.0152599951500578
 0.09749141047425379 1.0271472352184012
 0.10000635602278114 1.0391721841235149
 0.10255074437238244 1.0513364022842224
 0.10512491652051392 1.0636414669658931
 0.10772921732652854 1.0760889724525569
 0.11036399555334574 1.0886805302057874
 0.11302960390951025 1.1014177690340718
 0.11572639909166559 1.1143023352477401
 0.11845474182740694 1.127335892837912
 0.1212149969185721 1.1405201236361686
 0.12400753328492346 1.1538567274839377
 0.1268327240082447 1.1673474224036147
 0.12969094637685633 1.1809939447688478
 0.13258258193054853 1.1947980494766137
 0.13550801650593483 1.208761510116512
 0.13846764028222075 1.2228861191477318
 0.1414618478274054 1.237173688072798
 0.14449103814490866 1.2516260476119916
 0.14755561472062553 1.2662450478816187
 0.15065598557041665 1.2810325585675457
 0.15379256328802401 1.2959904691083342
 0.15696576509343496 1.311120688870355
 0.16017601288167488 1.3264251473312567
 0.16342373327204926 1.34190579425678
 0.1667093576578186 1.3575645998861106
 0.17003332225632714 1.3734035551126762
 0.17339606815957423 1.389424671669168
 0.17679804138523886 1.4056299823095495
 0.18023969292814968 1.4220215409931707
 0.18372147881220585 1.4386014230777757
 0.18724386014277067 1.4553717254935996
 0.1908073031594911 1.4723345669428038
 0.1944122792896059 1.489492088080211
 0.19805926520169623 1.5068464517043028
 0.2017487428599038 1.524399842943539
 0.20548119957860533 1.5421544694501723
 0.20925712807756158 1.5601125615895424
 0.21307702653752963 1.5782763726280986
 0.2169413986563359 1.5966481789284126
 0.2208507537054263 1.6152302801391247
 0.22480560658688173 1.6340249993850449
 0.22880647789089886 1.653034683467802
 0.23285389395376224 1.672261703049137
 0.23694838691626527 1.6917084528524569
 0.2410904947826246 1.7113773518490567
 0.24528076147985048 1.7312708434625368
 0.2495197369176177 1.7513913957502383
 0.2538079770485806 1.7717415016104883
 0.2581460439291959 1.7923236789659094
 0.2625345057809936 1.8131404709698198
 0.2669739370523544 1.834194446189506
 0.27146491848073456 1.8554881988096474
 0.2760080371553899 1.877024348823401
 0.2806038865805671 1.8988055422279542
 0.28525306673917394 1.9208344512178714
 0.2899561841569229 1.9431137743841027
 0.29471385196696226 1.9656462368999226
 0.299526689974962 1.988434590724675
 0.30439532472469927 2.011481614788611
 0.3093203895640955 2.0347901151931818
 0.31430252471174497 2.0583629253982996
 0.31934237732390086 2.0822029064162138
 0.3244406015619369 2.106312947005607
 0.32959785866028357 2.1306959638603735
 0.33481481699482696 2.155354901795171
 0.3400921521517617 2.180292733946126
 0.34543054699693543 2.205512461948153
 0.35083069174562737 2.2310171161265537
 0.35629328403279614 2.2568097556856235
 0.3618190289837893 2.282893468891607
 0.36740863928550066 2.3092713732579
 0.3730628352579814 2.335946615724526
 0.3787823449264904 2.362922372847845
 0.38456790409400915 2.39020185096825
 0.3904202564141673 2.4177882864025717
 0.39634015346463913 2.445684945611379
 0.40232835482094986 2.473895125375712
 0.4083856281307147 2.502422152973225
 0.4145127491883088 2.5312693863500653
 0.42071050200995863 2.5604402142846285
 0.4269796789092338 2.5899380565615178
 0.4333210805729651 2.619766364131477
 0.43973551613755407 2.6499286192785916
 0.4462238032656919 2.680428335778507
 0.4527867682234658 2.711269059053212
 0.4594252459578443 2.742454366330139
 0.46614008017455216 2.773987866794451
 0.47293212341631796 2.8058732017345203
 0.4798022371414783 2.838114044692285
 0.4867512918029496 2.8707141016027014
 0.49378016692754195 2.9036771109349635
 0.5008897511956181 2.9370068438281365
 0.508080942521085 2.9707071042284086
 0.5153546481317215 3.004781729005865
 0.5227117846497912 3.039234588094998
 0.5301532781730003 3.074069584603179
 0.5376800643557205 3.1092906549316948
 0.5452930884905082 3.1449017688903207
 0.5529933055899046 3.180906929801312
 0.5607816804684901 3.217310174605205
 0.568659187825198 3.254115573954524
 0.5766268123258571 3.2913272323172817
 0.5846855486859888 3.3289492880487397
 0.5928364017537784 3.366985913489081
 0.6010803865932869 3.405441315035463
 0.6094185285678388 3.4443197332065796
 0.6178518634235677 3.4836254427193163
 0.6263814373731492 3.5233627525396476
 0.63500830717966 3.5635360059405805
 0.643733540240577 3.6041495805405597
 0.6525582146718721 3.645207888356809
 0.6614834193922358 3.686715375822182
 0.6705102542073437 3.7286765238229758
 0.679639829894215 3.7710958477093675
 0.6888732682855963 3.813977897310448
 0.698211702354382 3.857327256933637
 0.7076562762980345 3.901148545361156
 0.7172081456229944 3.945446415835772
 0.7268684772290562 3.9902255560354276
 0.7366384494936825 4.035490688050166
 0.7465192523562608 4.081246568330411
 0.7565120874022342 4.127497987646449
 0.7666181679471328 4.174249771025495
 0.7768387191204509 4.2215067776840876
 0.7871749779493589 4.269273900947422
 0.7976281934422172 4.317556068157695
 0.8081996266718668 4.3663582405834935
 0.818890550858696 4.415685413292675
 0.8297022514533983 4.465542615045935
 0.8406360262194678 4.5159349081543105
 0.8516931853153465 4.566867388330814
 0.862875051376209 4.618345184540735
 0.8741829595953785 4.670373458824671
 0.8856182578053122 4.722957406115767
 0.8971823065581374 4.776102254048486
 0.9088764792057196 4.829813262739462
 0.9207021619791949 4.884095724574712
 0.9326607540679802 4.938954963960512
 0.9447536676981751 4.994396337080047
 0.9569823282103654 5.050425231625866
 0.9693481741367744 5.107047066505787
 0.9818526572776918 5.164267291565998
 0.9944972427772261 5.2220913872537045
 1.0072834091982301 5.28052486430859
 1.020212648596472 5.339573263400144
 1.0332864665939165 5.399242154772583
 1.0465063824511396 5.459537137861998
 1.0598739291388024 5.520463840897829
 1.0733906534081523 5.5820279204829815
 1.087058115860494 5.644235061160177
 1.1008778910155996 5.707090974959449
 1.1148515673790111 5.770601400920269
 1.128980747508172 5.834772104599938
 1.1432670480773546 5.899608877558838
 1.1577120999413302 5.965117536821806
 1.1723175481977164 6.031303924331679
 1.1870850522479885 6.098173906358266
 1.202016285857044 6.165733372912996
 1.217112937211333 6.23398823711283
 1.2323767089754316 6.302944434544844
 1.2478093183470602 6.3726079225964405
 1.2634124971104594 6.442984679756944
 1.2791879916880593 6.514080704908523
 1.2951375631904098 6.585902016579981
 1.3112629874642856 6.658454652182716
 1.327566055138919 6.731744667213475
 1.3440485716702821 6.805778134443582
 1.3607123573833833 6.880561143065656
 1.3775592475124734 6.95609979782749
 1.3945910922391338 7.032400218123118
 1.4118097567281356 7.109468537074384
 1.4292171211610532 7.187310900566074
 1.4468150807675135 7.265933466262727
 1.4646055458540381 7.345342402591936
 1.4825904418303972 7.425543887694452
 1.5007717092333912 7.506544108353899
 1.5191513037480127 7.5883492588799575
 1.5377311962258746 7.6709655399739205
 1.5565133727008587 7.754399157552997
 1.5754998344018878 7.838656321546308
 1.5946925977627482 7.923743244651794
 1.6140936944288686 8.009666141072548
 1.6337051712610071 8.096431225195255
 1.6535290903356985 8.184044710263525
 1.6735675289424574 8.272512806987761
 1.6938225795775745 8.36184172213689
 1.714296349934467 8.452037657087976
 1.7349909628904754 8.54310680633605
 1.7559085564900143 8.635055355975643
 1.7770512839240034 8.727889482125189
 1.7984213135054414 8.821615349339973
 1.8200208286410935 8.916239108960713
 1.8418520277991366 9.011766897435404
 1.863917124472694 9.108204834603633
 1.886218347139171 9.205559021927499
 1.908757939215257 9.303835540691596
 1.9315381590075222 9.403040450164463
 1.954561279658512 9.503179785701583
 1.9778295890881952 9.604259556823472
 2.0013453899307088 9.706285745244893
 2.025110999466276 9.809264302848819
 2.049128749548164 9.913201149640118
 2.073400986524631 10.018102171628103
 2.097930071155688 10.12397321868676
 2.1227183785246235 10.23082010235149
 2.147768297944133 10.338648593588605
 2.1730822328569848 10.4474644204945
 2.198662600731055 10.557273265973953
 2.224511832948676 10.668080765353563
 2.2506323746901447 10.779892503951027
 2.2770266848112737 10.892714014609012
 2.303697235714911 11.006550775152762
 2.330646513216227 11.121408205839039
 2.3578770164017646 11.23729166671712
 2.385391257482017 11.35420645496156
 2.413191761637484 11.472157802163238
 2.4412810668580924 11.591150871541041
 2.4696617237757863 11.711190755134147
 2.498336295490246 11.832282470930643
 2.5273073573875777 11.954430959942048
 2.556577496951835 12.077641083236514
 2.586149313569283 12.201917618913432
 2.6160254183252465 12.327265259035903
 2.6462084337934586 12.453688606501125
 2.676700993817734 12.581192171866666
 2.7075057432858816 12.709780370130128
 2.738625337895726 12.8394575174461
 2.7700624439130936 12.970227827800594
 2.8018197379216563 13.102095409630822
 2.8338999065644948 13.235064262393045
 2.8663056462772647 13.369138273089874
 2.8990396630128545 13.504321212725838
 2.9321046719573673 13.640616732735943
 2.9655033972373586 13.778028361344647
 2.999238571618157 13.91655949988744
 3.033312936193179 14.056213419077526
 3.0677292400641063 14.196993255220232
 3.1024902400117886 14.338902006385261
 3.137598700157778 14.481942528521161
 3.1730573916163487 14.626117531533344
 3.2088690921369136 14.771429575301168
 3.2450365857366896 14.917881065655255
 3.2815626623235117 15.065474250311103
 3.318450117308694 15.214211214747852
 3.355701751209796 15.364093878047056
 3.393320369243203 15.515123988689947
 3.431308780906414 15.667303120300602
 3.46966979954991 15.820632667357959
 3.5084062419385207 15.975113840858072
 3.5475209278021698 16.130747663941484
 3.5870166793759175 16.28753496747006
 3.626896320929168 16.44547638557852
 3.667162678283991 16.60457235117527
 3.7078185783224207 16.764823091422407
 3.7488668484826926 16.926228623157186
 3.790310316244268 17.088788748308776
 3.832151808601637 17.252503049250134
 3.8743941515267393 17.41737088415187
 3.91704016942001 17.583391382279686
 3.960092684549913 17.750563439278842
 4.003554516480926 17.918885712424977
 4.047428481489897 18.08835661585979
 4.091717391970739 18.2589743157921
 4.136424055827369 18.43073672568727
 4.1815512758548765 18.603641501433017
 4.227101849108846 18.777686036490625
 4.2730785662628135 18.952867457035065
 4.319484210953824 19.129182617071564
 4.36632155911603 19.306628093559244
 4.413593378302346 19.485200181508304
 4.461302426994114 19.664894889088952
 4.509451453898769 19.84570793272174
 4.558043197235507 20.02763473218787
 4.607080384008966 20.21067040571952
 4.656565729270895 20.39480976511406
 4.706501935369848 20.580047310840865
 4.756891691188911 20.766377227180588
 4.807737671371521 20.953793377355094
 4.859042535535358 21.14228929868752
 4.910808927474393 21.33185819778782
 4.9630394743491415 21.522492945747345
 5.015736785865157 21.714186073377668
 5.068903453439864 21.90692976645883
 5.122542049357754 22.100715861053438
 5.1766551259141105 22.29553583882503
 5.231245214547278 22.49138082241645
 5.286314824959598 22.688241570877533
 5.34186644422717 22.886108475124608
 5.397902535898478 23.084971553476727
 5.454425539082099 23.284820447224483
 5.511437867523555 23.48564441627638
 5.568941908671514 23.68743233487693
 5.626940022733491 23.89017268736628
 5.685434541721186 24.09385356405192
 5.7444277684857 24.298462657121522
 5.803921975742746 24.50398725667846
 5.863919405088161 24.710414246818054
 5.9244222660038 24.917730101856268
 5.985432734854203 25.125920882584648
 6.046952953874089 25.334972232696146
 6.108985030147103 25.544869375268497
 6.1715310345759455 25.75559710937578
 6.234593000844215 25.967139806833192
 6.2981729243702675 26.179481409027254
 6.36227276125333 26.39260542391295
 6.426894427212247 26.60649492310452
 6.492039796517115 26.821132539141036
 6.557710700914217 27.036500462849922
 6.623908928544498 27.25258044091348
 6.690636222856092 27.469353773519664
 6.7578942815110885 27.68680131224796
 6.8256847552871225 27.90490345803758
 6.894009246973998 28.12364015939897
 6.9628693102659245 28.34299091073587
 7.032266448649644 28.562934750904407
 7.10220211428904 28.783450261888202
 7.172677706906492 29.004515567738785
 7.2436945726616395 29.2261083336543
 7.315254003027894 29.44820576527572
 7.3873572336672195 29.670784608202904
 7.460005443303735 29.893821147692073
 7.533199752596575 30.117291208605643
 7.606941223012624 30.341170155541157
 7.681230855699572 30.565432893230593
 7.7560695903599415 30.79005386712699
 7.831458304126555 31.015007064275157
 7.907397810440133 31.240266014363847
 7.983888857929474 31.4658037910965
 8.060932129294972 31.691593013734
 8.13852824019594 31.917605848976027
 8.216677738142518 32.143814013014044
 8.295381101392609 32.37018877394086
 8.37463873785473 32.596700954341266
 8.454450983997189 32.823320934224334
 8.534818103764454 33.0500186542097
 8.615740287501314 33.276763618962626
 8.697217650885456 33.50352490098649
 8.77925023386933 33.730271144622144
 8.861837999631803 33.956970570415635
 8.9449808335405 34.18359097971284
 9.028678542125412 34.41009975962321
 9.112930852064645 34.636463888215886
 9.19773740918289 34.862649940089675
 9.283097777463542 35.08862409217659
 9.369011438075017 35.31435212994345
 9.455477788412264 35.53979945380912
 9.542496141153979 35.76493108596996
 9.63006572333654 35.98971167745816
 9.718185675445216 36.21410551560276
 9.806855050523659 36.43807653171027
 9.896072813302174 36.66158830916451
 9.985837839345857 36.88460409178818
 10.076148914223172 37.10708679252191
 10.167004732695805 37.32899900248108
 10.25840389793068 37.550303000254694
 10.350344920734742 37.770960761608
 10.442826218813503 37.99093396942412
 10.535846116053925 38.210184024050015
 10.629402841832642 38.42867205387609
 10.723494530350075 38.64635892630606
 10.818119219991416 38.86320525898462
 10.9132748527151 39.07917143138888
 11.008959273469648 39.29421759666888
 11.105170229639524 39.50830369387381
 11.201905370520906 39.72138946038904
 11.29916224682792 39.933434444770405
 11.396938310230292 40.144398019796526
 11.495230912922962 40.354239395839954
 11.594037307228444 40.56291763456604
 11.69335464523271 40.77039166283154
 11.79317997845512 40.97662028695011
 11.893510257553276 41.18156220714112
 11.994342332063246 41.385176032335885
 12.095672950176056 41.58742029515396
 12.197498758550834 41.78825346719293
 12.299816302165409 41.98763397455328
 12.402622024204904 42.18552021355457
 12.50591226598882 42.38187056676031
 12.609683266937358 42.576643419139316
 12.713931164577303 42.76979717452082
 12.81865199458821 42.96129027216414
 12.923841690889146 43.151081203635506
 13.029496085766771 43.33912852973504
 13.135610910044846 43.52539089773413
 13.242181793295964 43.709827058660544
 13.349204264095592 43.892395884836795
 13.456673750319053 44.07305638746543
 13.56458557948158 44.25176773444555
 13.67293497912198 44.42848926821055
 13.781717077229972 44.603180523773425
 13.890926902717721 44.775801246772204
 14.000559385935546 44.94631141167283
 14.110609359232193 45.114671240022226
 14.22107155755982 45.280841218719395
 14.331940619123694 45.44478211841661
 14.44321108607696 45.606455011850066
 14.554877405260282 45.7658212922967
 14.666933928986685 45.922842691921325
 14.779374915871308 46.077481300245225
 14.892194531706387 46.22969958244857
 15.005386850381047 46.379460397773975
 15.118945854846146 46.526727017758404
 15.232865438123785 46.67146314450269
 15.347139404361515 46.81363292875766
 15.461761469930858 46.953200988030666
 15.576725264570143 47.090132424453806
 15.692024332571101 47.224392842653764
 15.807652134009214 47.35594836736771
 15.923602046017184 47.48476566099335
 16.039867364101386 47.610811940926574
 16.156441303500785 47.73405499669229
 16.27331700058774 47.85446320696066
 16.390487514310557 47.972005556225746
 16.507945827676807 48.086651651382915
 16.625684849277263 48.1983717379497
 16.74369741484957 48.30713671613461
 16.86197628888121 48.412918156516426
 16.980514166250913 48.51568831556834
 17.099303673908047 48.61542015074157
 17.218337372588934 48.712087335379806
 17.337607758569714 48.80566427314682
 17.4571072654545 48.8961261122849
 17.576828265998476 48.98344875934422
 17.696763073964576 49.067608892699056
 17.816903946013298 49.148583975560015
 17.93724308362435 49.22635226867206
 18.057772635049382 49.30089284258927
 18.1784846972948 49.372185589484076
 18.299371318133474 49.44021123463361
 18.42042449814457 49.50495134731198
 18.541636192780064 49.56638835141608
 18.662998314457262 49.62450553546283
 18.784502734675797 49.67928706222439
 18.90614128615823 49.73071797786326
 19.02790576501301 49.77878422050161
 19.149787932918407 49.82347262844889
 19.27177951932661 49.86477094774127
 19.393872223686266 49.90266783932848
 19.516057717682628 49.93715288561948
 19.63832764749373 49.968216596603455
 19.76067363606153 49.99585041532957
 19.883087285376504 50.020046722980894
 20.005560178774637 50.04079884325701
 20.12808388324515 50.05810104633966
 20.250649951747935 50.071948552229884
 20.373249925539174 50.08233753355536
 20.495875336503822 50.0892651178087
 20.618517709493567 50.09272938907011
 20.741168564669007 25.04636469453427
