 0.0006854022858037695 0.999969399288805
 0.0020642648013986828 1.0002710479459798
 0.0034593503676725946 1.0010841377851076
 0.004870856025726868 1.002427573390768
 0.006298937334325742 1.0042198813352503
 0.007743836273769133 1.006329621631125
 0.009205725687128416 1.0086216834882016
 0.0106847957017821 1.0109380620830102
 0.012181253729415831 1.0131528779033412
 0.013695307181715258 1.015170958906716
 0.01522718075467316 1.0169450143926766
 0.01677703000705378 1.0184466978797657
 0.01834504506623562 1.0196190494456574
 0.019931571618361427 1.0204829106980688
 0.02153676522219543 1.021095313775436
 0.023160798720809016 1.021474937937446
 0.024803844957273547 1.0215931302183283
 0.02646642246080314 1.0215410244915173
 0.028148358388326425 1.021362254327507
 0.02984999842598614 1.020999660511635
 0.03157168825992504 1.0204978267485332
 0.033313600733214495 1.0198716853639893
 0.03507608153199724 1.0191501453264034
 0.03685913065627329 1.0183415180524569
 0.038663093792185375 1.0174274287196492
 0.04048831662587625 1.01643843249604
 0.042334972000417276 1.0153974773255154
 0.044203232758879836 1.0142969688199468
 0.046093444587406676 1.0131315697993923
 0.04800595317214053 1.0119253575637839
 0.0499407585130814 1.0106677122976218
 0.05189837913944341 1.0093602162620603
 0.053878815051226554 1.007998860134947
 0.05588275762071633 1.0065966485590658
 0.05791003400484135 1.0051710724282863
 0.059960989889744375 1.0036978979722337
 0.0620361438046395 1.0021917334639214
 0.06413566859259812 1.000670832025108
 0.0662597370966916 0.9991254752878435
 0.06840886784613405 0.997557256799826
 0.07058306084092549 0.9959624376205517
 0.07278266176720863 0.994315344675911
 0.07500818915419762 0.9926116498271783
 0.07725981584496382 0.9908546302321162
 0.07953771468257859 0.9890365279206561
 0.08184240419625605 0.9871612399555142
 0.0841740572290676 0.9852364305398496
 0.08653301946715594 0.9832635212035834
 0.08891963659666385 0.9812474673243383
 0.09133425430373408 0.9790650941449676
 0.09377704543143797 0.9771022636082873
 0.09624852850898966 0.9749733706884884
 0.0987488763794605 0.9728143063690876
 0.10127860757206462 0.9706346563328274
 0.10383789492987341 0.9684436667857089
 0.1064270841390296 0.9662401317382788
 0.10904652088567593 0.9640191590324919
 0.1116967236990265 0.961776960373016
 0.1143780382652241 0.9595112843118719
 0.11709063742734005 0.9572100759979846
 0.11983486687151712 0.95485604263478
 0.12261124512696944 0.9524394313883136
 0.12542011787983975 0.9499551950842672
 0.12826183081627077 0.9473971256817751
 0.13113672962240527 0.9447572883619577
 0.13404533282745734 0.9420355405648749
 0.13698781327449838 0.9392339198904522
 0.13996468949274252 0.9363548652828704
 0.1429764800114038 0.9334078437884091
 0.1460233576735537 0.9303925805486505
 0.14910584100840626 0.9273031266796601
 0.15222427570210426 0.9241375650988533
 0.15537918028386177 0.9208956147861408
 0.15857090043982158 0.9175730969844162
 0.16179995469919783 0.9141628244729229
 0.16506651590506183 0.9106585579952314
 0.16837127542969907 0.9070570102707741
 0.1717147518023237 0.9033662446739471
 0.1750969450229357 0.8995914127647627
 0.17851923783610613 0.8957402676350574
 0.18198128455569212 0.8918184573201493
 0.18548308518169374 0.8878158271867677
 0.18902636814482468 0.8837482106051204
 0.19260940501437127 0.8796160829004499
 0.19623565265176088 0.8754294896248896
 0.19990338262627988 0.8712028402117735
 0.2036143233686419 0.8669265103103486
 0.20736847487884696 0.8625992427810906
 0.21116756558760885 0.8582288192239228
 0.2150098670642138 0.8538186207838594
 0.21889537930866176 0.8493362340771462
 0.22282755918238029 0.8447754367523087
 0.22680640668536928 0.8401610604548585
 0.23083019338691507 0.835486716091257
 0.23490064771773136 0.8307326275154029
 0.23901949810853187 0.825899984603061
 0.24318501612860288 0.8209690851316963
 0.24740065863937188 0.8159292543228167
 0.2516646972101251 0.8107851487288148
 0.2559771318408625 0.8055220963324562
 0.26033969096229786 0.8001372542121776
 0.26475410300514496 0.7946441060472018
 0.26921863953868996 0.789032052719683
 0.2737367574243603 0.7832926999667545
 0.2783067282314424 0.7774388821378575
 0.28292855195993616 0.7714634122351142
 0.2876039570405553 0.7653513787940603
 0.2923346719040135 0.7591054279655296
 0.2971206965503109 0.7527540819695112
 0.30196030254873374 0.7463135065904926
 0.30685867519142307 0.7398226899085734
 0.31181062918623775 0.7332995766718732
 0.31682307825603273 0.7267498377740266
 0.3218908371086669 0.7201743892927616
 0.3270190910362813 0.7135589813012326
 0.33220611160816227 0.7068964889529376
 0.33745362725502354 0.7001623757333809
 0.34276163797686504 0.6933681414275442
 0.3481301437736869 0.686522929906368
 0.3535626015069165 0.6796328165378673
 0.3590555543151263 0.672675152685295
 0.3646141874904576 0.6656303612338483
 0.3702350441714829 0.6584938500636283
 0.3759233096503434 0.6512671889250534
 0.3816755270656116 0.6439401499065709
 0.3874934248480012 0.6364670634032036
 0.39338045985893977 0.6288305239374822
 0.3993349036677135 0.6210280304173441
 0.4053567562743224 0.613046003892813
 0.4114494745401939 0.6048936192830903
 0.41761133003461437 0.5965803930331458
 0.4238457796190111 0.5881233080342304
 0.4301510948626705 0.5795397087976092
 0.4365290041963062 0.5708407146007505
 0.4429795076199182 0.5620386827041015
 0.44950606199493415 0.5531284929674799
 0.4561052104599263 0.5440793962255496
 0.46278213830703596 0.5348736381802984
 0.4695368455362632 0.525511325967237
 0.4763676037168942 0.5159820433025248
 0.4832761412796427 0.5063023994511234
 0.49026591508593614 0.4965171582131299
 0.4973351967050608 0.486661944521474
 0.5044857145677305 0.47674754067293607
 0.5117174686739451 0.46679101101397913
 0.519033915885132 0.45682747533955487
 0.5264333277705777 0.4468821609671131
 0.5339174327609958 0.436938149479171
 0.5414862308563863 0.4269672771768782
 0.5491431789181765 0.41700444387097746
 0.5568882769463667 0.40692621255301065
 0.564719796510243 0.39682743563217016
 0.5726429229019466 0.3867182368393808
 0.5806559276907637 0.37665439508261905
 0.588760539307408 0.3666296738004713
 0.5969584861825935 0.35662358865032073
 0.6052497683163199 0.34664023065734856
 0.6136343857085874 0.33667925663330395
 0.6221157952208233 0.3267526887177732
 0.6306957252837414 0.3168677662478728
 0.6393707190359141 0.3069925475114
 0.6481459617694829 0.29710259728656585
 0.6570214534844475 0.28717745850311327
 0.665997194180808 0.27722543638567565
 0.6750749122892781 0.26727822755717784
 0.6842563362405716 0.2573746321530891
 0.6935431944654021 0.24752883309973867
 0.7029337585330561 0.23777119335121302
 0.7124314853049608 0.22815168470864577
 0.7220381032118299 0.21867945050263238
 0.7317536122536636 0.20934780316495327
 0.7415780124304618 0.2001481336806986
 0.7515164890343659 0.191089599498353
 0.7615655852039479 0.18220054727215304
 0.7717287578006357 0.17349193885205538
 0.7820060068244291 0.16498009267481975
 0.7924007891367558 0.15668118544284862
 0.8029131047376156 0.14857382956146567
 0.8135446820577222 0.14062345377406463
 0.8242972495277893 0.13282037449490833
 0.8351690787171033 0.1251641794012131
 0.8461653549178053 0.11767173246362429
 0.8572843496991815 0.11037314591412892
 0.8685295199226597 0.10328238730721455
 0.8799008655882394 0.09641818864103698
 0.8914001151266348 0.0898174854662552
 0.9030289969685592 0.08350213084122599
 0.9147892395447265 0.07745196397759245
 0.9266808428551367 0.07162022604060335
 0.9387072637612173 0.06598668398219455
 0.9508685022629682 0.060569206634331976
 0.9631645583603894 0.055388558833715434
 0.9756006173456223 0.050465466671472094
 0.9881749507879528 0.04580485885355535
 1.0008910155488087 0.041394578856280236
 1.0137488116281896 0.03721629186526103
 1.0267500674568097 0.033278737897821604
 1.0398965114653824 0.029613963465433484
 1.0531898720846216 0.026220404145190595
 1.0666318777452408 0.023246461044584967
 1.0802242568779539 0.020255736714565608
 1.0939687379134746 0.017692737312140015
 1.1078653208518028 0.0153774780288725
 1.1219157341236523 0.013277276758010825
 1.1361234345904505 0.011377375796873819
 1.1504901506829113 0.009660486900139518
 1.165014153970321 0.008122977645913689
 1.17970062974482 0.006780904441631494
 1.1945513064371232 0.00563374985692253
 1.2095644556165162 0.004655504984887015
 1.22474526257514 0.0038296367972162227
 1.240093727312995 0.003164680847721878
 1.255611578260795 0.002656400642031005
 1.2713005438492533 0.0022855342042116204
 1.2871623525090838 0.0020270466741172835
 1.3032004611017143 0.0018475759857586754
 1.3194148696271444 0.001714982131094891
 1.3358073065160878 0.0016124400699853722
 1.352381228629972 0.0015281841565207312
 1.369136635968797 0.0014495741719697168
 1.3860752569632768 0.0013630444438817156
 1.4032005484748384 0.0012693611929834358
 1.4205142389341958 0.0011914214843845496
 1.4380163283413492 0.0011527123067335359
 1.4557102735577256 0.0011511507058588018
 1.4735978030140386 0.0011630172216322804
 1.4916806451410025 0.0011716559543409138
 1.5099622568000448 0.001178056966638657
 1.5284409095604512 0.0011965612153200765
 1.547121788714363 0.0012125392031359468
 1.566006622692494 0.001242787044791053
 1.5850954114948446 0.0012865968904658418
 1.604393340413555 0.0013595143415244403
 1.6238986810179128 0.001465319790466169
 1.643616618600058 0.0015737008034415816
 1.663548881590705 0.0016392513053552127
 1.6836954699898536 0.0016392875450987627
 1.704059840658931 0.0015761179071943187
 1.7246437220286512 0.0014524830367384322
 1.745455756252583 0.0012742532156527204
 1.7664734737314474 0.0010502715252232045
 1.7877331715102331 0.0007796828520243882
 1.8092175652818028 0.00045935718436465194
 1.8309439393532936 0.00008450342248400939
 1.8528777251104311 -0.0003343551687958865
 1.8750707754746267 -0.000743331255497717
 1.8974885218316067 -0.0010594053327716306
 1.9201482484885075 -0.001126373344962584
 1.9430499554453295 -0.0008267314634616056
 1.9661936427020728 -0.0005054778569596772
 1.9895793102587371 -0.0005153051231092803
 2.0132242424224596 -0.00037493998009212516
 2.037128439193241 -0.00024310541322872744
 2.0612573319568055 0.0000354532233980202
 2.0856627736345663 0.00021867188576001198
 2.110327479919385 0.000280957628786216
 2.1352514508112623 0.00024981270615041936
 2.160417402003061 0.00019675544687867164
 2.185877186416192 0.0002462158688182462
 2.2115789511292445 0.0002986700100599029
 2.237574549063629 0.0005077632745503295
 2.263829411605073 0.0007462207383154533
 2.2903608230607118 0.0009235957893367597
 2.3171687834305463 0.0010399193341070702
 2.344253292714577 0.001192710441368499
 2.37163163521994 0.0014508115520192096
 2.3992865266394987 0.0017697192160457372
 2.4272352512803903 0.0020384438766302537
 2.4554778091426144 0.002167109176209494
 2.4839969159190347 0.0021477395770954717
 2.5128271402239246 0.0020021658143297883
 2.54193391344301 0.0017409517590486361
 2.5713690884977027 0.0013284844954441599
 2.601080812466591 0.0007708479469634268
 2.6311209382710867 0.00016772504209950918
 2.661454897296915 -0.0003798600028730435
 2.6920999738512137 -0.0008660185461528842
 2.723073452241119 -0.0013254029538644298
 2.754340763852358 -0.00147441698360981
 2.7859364772992032 -0.001405192492917699
 2.8178605925816567 -0.0013296659935867561
 2.8500958253925797 -0.0008880584149252927
 2.8826767443462473 -0.0004890497536157837
 2.9155687808283846 -0.00013797560649694878
 2.948806503453267 0.00019896381682018698
 2.9823726279137563 0.0003928750696588219
 3.016267154209853 0.0004942197882114714
 3.0505246509558313 0.0006146861594698077
 3.0851105495374167 0.0006947451281937754
 3.120042134261747 0.000792216744957771
 3.155319405128821 0.0009112980128823778
 3.1909596464457777 0.000989547050331443
 3.2269455739054784 0.001012439174076005
 3.2632944718150605 0.0009872074688799944
 3.3000063401745248 0.0009008282813615231
 3.3370811789838704 0.0005111978354950774
 3.374518988243098 -0.00005433604878349587
 3.4123197679522073 -0.0005109180802895545
 3.4504835181111986 -0.0008717242179402528
 3.489044807334346 -0.0008269430631383758
 3.527969067007374 -0.002137515489874121
 3.567273581437422 -0.002710103214004247
 3.606958350624489 -0.003336209910055266
 3.6470233745685743 -0.0034052141997165334
 3.6874859375768163 -0.0034672199062747095
 3.7283460396492143 -0.0029255075906487573
 3.769586396478631 -0.0027606413554359657
 3.811224292372204 -0.0029459569333987095
 3.8532770116370703 -0.0033257271386597773
 3.895709985658956 -0.003944948426536921
 3.9385750673592717 -0.004505374919158248
 3.9818204038166063 -0.004997916931602105
 4.025497847952372 -0.0056735638251367805
 4.069572831152294 -0.006377785880274383
 4.114062637723509 -0.006409462877243153
 4.1589845519731545 -0.006433411461804111
 4.204321289594093 -0.00611974097907085
 4.250090134893463 -0.005489325113653438
 4.296273803564126 -0.004455323403373428
 4.342906864220357 -0.0034494404704784065
 4.389954748247881 -0.0026238803601112133
 4.437452024260972 -0.001964494189777477
 4.485381407952496 -0.0015283809213315182
 4.533742899322449 -0.0011824954638618322
 4.582553782677969 -0.0005635565606949743
 4.631831342326197 -0.0003382441522362204
 4.681541009652853 -0.0003177612442034409
 4.731700068965076 -0.0002667911403507358
 4.78230852026287 -0.0003139394001085518
 4.833383647853367 -0.00018618724084192421
 4.884925451736569 -0.00002530688352718188
 4.93691664760534 0.0003207875311389992
 4.989391804073952 0.00032586763300752344
 5.0423163525281325 0.00025549502456098254
 5.0957248615821555 0.00037694274377699996
 5.149600046928883 0.0005570432176501253
 5.203941908568316 0.0006708646313847936
 5.258785015114729 0.000653508062630631
 5.314094797953846 0.0008811467148834379
 5.369888541392806 0.0010567269849560785
 5.426166245431607 0.0015121014629974527
 5.482927910070251 0.0017435668432901536
 5.540190819615876 0.0018289180487671781
 5.59793768976134 0.001876728170995976
 5.656185804813786 0.0017107843151417366
 5.714935164773212 0.0011064977236520078
 5.774168485332479 0.0005088232540007414
 5.833920335105863 0.0002452649080047673
 5.8941734297862265 -0.000021289189670575302
 5.954927769373569 -0.0004681263434903992
 6.016200638175029 -0.0008767323563880594
 6.077974751883468 -0.0012018349809004207
 6.1402501104988865 -0.0016448492214732637
 6.2030612826355584 -0.001627528126250908
 6.266390983986348 -0.0015987590910514615
 6.330221930244117 -0.001148757007091544
 6.39458869002314 -0.0006933445968169295
 6.4594739790162805 -0.00035511079895104243
 6.524877797223535 -0.0001612068038754738
 6.590817428952046 -0.00004650236914036589
 6.657275589894673 0.000027686553909963218
 6.724269564358554 0.00006545960028477582
 6.791782068036551 0.00007713541431964933
 6.8598476695429405 0.000074808033062645
 6.928431800263446 0.00006727197909341144
 6.997569028812343 0.000059248675452497834
 7.067242070882494 0.000052327740763282666
 7.13743364216676 0.000046686937149037375
 7.208178311279419 0.00004214281633767005
 7.279476078220469 0.00003848957164661388
 7.351309658682773 0.000035538551009688524
 7.42367905266633 0.0000331367842334591
 7.496601544478279 0.000031174165667209914
 7.570077134118618 0.000029571351816496765
 7.644088537280212 0.00002825648554230558
 7.718653038270198 0.000027169216844624742
 7.793770637088573 0.0000262722433627749
 7.869424049428204 0.00002552687020120819
 7.945647843903362 0.000024902498932247378
 8.022407451899776 0.000024382004351749136
 8.099737442031715 0.00002394589294140524
 8.177603245684912 0.00002357756646558386
 8.256022147166497 0.000023263462357484903
 8.335011430783611 0.00002299729181358348
 8.41453652792198 0.00002276490445382233
 8.494632007195877 0.000022576465954799852
 8.575280584298165 0.00002237973247102019
 8.656482259228843 0.000022215753337323942
 8.738237031987914 0.00002210034742325551
 8.820544902575376 0.000021997840823225918
 8.903405870991229 0.00002187281541255759
 8.98683722154261 0.000021758785497371968
 9.070804385615245 0.000021714306187374326
 9.155341931823408 0.000021614111862623965
 9.240415291552825 0.000021518758334615443
 9.326059033417772 0.0000214885133655228
 9.412238588803971 0.00002143121486126721
 9.498988526325698 0.000021346647553924696
 9.58627427736868 0.000021294405551610106
 9.674130410547193 0.00002124483107857483
 9.762522357246956 0.000021197686361597715
 9.85146740177511 0.000021152661431505033
 9.94094825982452 0.000021106645058779985
 10.03099950000946 0.000021092589282040147
 10.121569269408514 0.0000210506029465615
 10.212709420943098 0.000021037616738421945
 10.304368101691795 0.000020999165568355104
 10.396579880268888 0.000020956950353720097
 10.48934475667437 0.00002097552359453175
 10.582628162293968 0.00002094035542204697
 10.676447381434821 0.00002090359302940708
 10.770802414096929 0.00002089489926331894
 10.865693260280288 0.000020913628408166308
 10.961119919984903 0.00002090711938876129
 11.057065108903634 0.000020873468879315228
 11.15354611134362 0.0000208690285517202
 11.250528358690584 0.000020891357868412716
 11.348046419558804 0.00002091174606541048
 11.44608300964114 0.00002090724052973544
 11.544638128937592 0.000020904616874978967
 11.643694493141021 0.000020928163723891798
 11.743269386558572 0.000020951601918414254
 11.8433455248831 0.000020976486649515004
 11.943922908114606 0.00002100125731283023
 12.045001536253094 0.000021025661316108828
 12.14658140929856 0.000021049947770324185
 12.248662527251007 0.000021075651339118532
 12.351227605803295 0.00002113002663680954
 12.454259360648287 0.000021182145956870106
 12.557792360400262 0.000021206984847948964
 12.661809320752075 0.000021259892431952706
 12.766292957396596 0.000021339095613749635
 12.871243270333819 0.000021392810392200846
 12.97666025956375 0.00002144429836304601
 13.082561209393523 0.000021523270175007208
 13.188894266901725 0.000021603442830476704
 13.295694000702635 0.000021656820748922802
 13.402943126489111 0.0000217373917347619
 13.510624359954017 0.00002184147440750843
 13.618754985404491 0.000021944702564404937
 13.727317718533397 0.000022047095676729073
 13.836329843647869 0.000022128379573470195
 13.945739507826499 0.000022234400282802294
 14.055581279683558 0.000022361632851315163
 14.165837874911912 0.00002248956059782544
 14.276509293511557 0.000022618375823004725
 14.387578251175361 0.000022747937146975
 14.49904474790332 0.000022899916702659415
 14.610908783695432 0.00002305259234685263
 14.723153074244566 0.000023206002324591502
 14.83577761955072 0.000023358379777944873
 14.948782419613892 0.00002353267333918342
 15.062167474434082 0.000023732342682722262
 15.175898215397018 0.000023907952151339333
 15.29000921111697 0.000024106909984375002
 15.404448608672533 0.000024329287504585982
 15.519250976677975 0.000024550244493212802
 15.634381746519026 0.000024796196531590743
 15.749840918195682 0.00002501829335109667
 15.865628491707948 0.000025263353640679242
 15.981727182748681 0.0000255518838491336
 16.098154275625024 0.000025840730983405326
 16.2148752017227 0.00002612997567031357
 16.331907245348845 0.00002644184207945232
 16.449215837889184 0.000026754184393385077
 16.56681826365086 0.00002708701838258198
 16.684697238326727 0.00002746640381619493
 16.802835477609655 0.000027844081747712047
 16.921250265806776 0.000028244021628119783
 17.03990703430382 0.000028666232356057253
 17.158823067407923 0.000029108481404553434
 17.277981080811948 0.000029598929940258384
 17.397346505901616 0.000030087618243007727
 17.516953911291207 0.000030600603799376185
 17.63673415975217 0.0000311417170725383
 17.75686009435588 0.000031723476664102585
 17.87715887203096 0.00003237095192881054
 17.997457649706043 0.0000330373372993485
 18.118102113523864 0.00003372063925583258
 18.23891942041306 0.000034468386084877464
 18.35990957037363 0.000035278457062214204
 18.481072563405572 0.00003615506947005953
 18.602235556437513 0.00003706863221155638
 18.723744235612198 0.00003804361856858893
 18.845252914786883 0.00003910105559720488
 18.967107280104315 0.000040269365401258794
 19.088788802350376 0.00004154318234804288
 19.210816010739176 0.00004289122738607754
 19.332843219127977 0.00004437300495651598
 19.455043270588156 0.000046001699416550225
 19.57724332204833 0.000047854040778867
 19.6994433735085 0.000049863447501844066
 19.821816268040052 0.000052087452069266344
 19.94436200564297 0.000054639238963635585
 20.06690774324589 0.00005763024755737692
 20.189280637777436 0.000061029619933027243
 20.311999218451728 0.00006505923532413426
 20.434544956054648 0.0000699797141412416
