 0.0008439903098742975 0.9998381034006826
 0.002541893316495119 0.9987158020826017
 0.0042597730548153655 0.9951899061779093
 0.005997872157203856 0.9877715522547483
 0.0077563821755307115 0.9752964702273574
 0.009535601079371672 0.9571647313597902
 0.011335741704137986 0.9334000396722503
 0.013157038168782016 0.9045035781188014
 0.014999745875797265 0.8713289080041339
 0.016864120227677217 0.8349075377886126
 0.0187504379104565 0.796327141352301
 0.020658890476005224 0.756605536014575
 0.022589712043275766 0.7165830375782994
 0.024543328283090613 0.6770036615267785
 0.02651993074731988 0.6384722139330816
 0.028519732271374824 0.6013943486361752
 0.030542945690666675 0.5659887630277469
 0.03259020951142917 0.53248968399242
 0.03466131089825108 0.5010012657349144
 0.03675667552195488 0.4714593567980274
 0.038876729053363056 0.4438631803071326
 0.04102168432788686 0.4181511761727206
 0.04319196701634878 0.39425801072010086
 0.04538757711874882 0.37208238390479
 0.04760894030590947 0.35148357753933457
 0.0498564822486532 0.33237378811037005
 0.052130415782391276 0.3146609334357138
 0.05443095374253494 0.2982258672450939
 0.056758521799906675 0.2829587976190794
 0.05911354562532897 0.26879370834614125
 0.061496025218801834 0.2556281792615306
 0.06390659908655899 0.24337841069804314
 0.06634526722860044 0.23195953357552648
 0.06881288098657118 0.22131459160160738
 0.07130922752505993 0.2114000908807814
 0.07383473251488921 0.20212065800876391
 0.07639003446229274 0.19343019414299434
 0.07897534620268178 0.18529064189044828
 0.08159088057146754 0.17763804192534247
 0.0842372760748838 0.17043945641251418
 0.08691453271293054 0.16366473476742968
 0.08962307615643023 0.15726038033986572
 0.09236354491161664 0.1512030619168565
 0.09513615181390098 0.14547798121571096
 0.0979411096986945 0.14004894189409783
 0.10077905707223096 0.13488919030411492
 0.10365020676992161 0.12997560410734632
 0.10655498446258888 0.1252774617119095
 0.1094938158210553 0.12077669338191949
 0.11246712651614338 0.11646841719195884
 0.11547512938326433 0.11234481656485516
 0.11851846292865191 0.10840189044969036
 0.12159733998771732 0.10463179137987252
 0.12471239906669435 0.10102463947024139
 0.1278638530009942 0.0975742305994058
 0.1310521274614394 0.09426932143773945
 0.1342776481188524 0.091101954567672
 0.13754105347946696 0.08806859145553819
 0.14084276921410557 0.08516867674852117
 0.14418300815817944 0.08239323672360674
 0.1475621959825111 0.07972761622864627
 0.15098097119333428 0.07716261816289538
 0.15443975946147145 0.07469543700059793
 0.1579389864577451 0.0723282807146759
 0.16147907785297771 0.07006535370161665
 0.16506067215340306 0.06791200053633054
 0.16868398219443237 0.06586488939500751
 0.17234964648229936 0.06391016553003757
 0.17605830352323776 0.062041914565905285
 0.17981016615265885 0.0602577880786224
 0.1836058728767963 0.058557478159453856
 0.1874458493664727 0.05693887010027406
 0.1913307341279217 0.055395660367012996
 0.19526095283196582 0.05392136448808946
 0.1992371439848388 0.052514111759692665
 0.20325952042195186 0.0511740726659406
 0.20732893348494996 0.049900866501962564
 0.2114460216800669 0.048696912146076826
 0.21561078500730263 0.04754995922858482
 0.21982492614994717 0.04645747107983614
 0.22408801943717796 0.045420848480017165
 0.22840006486899497 0.04441537667635913
 0.23276319079951077 0.04344593242549513
 0.23717526887461285 0.04250573915863447
 0.24164055580252605 0.04159966731001649
 0.246156923229138 0.04073195375157684
 0.25072649950856113 0.03988366859363505
 0.25534928464079537 0.039055028826662466
 0.2600274069799533 0.03826072940274721
 0.26475873817192236 0.03751287433108598
 0.26954327821670254 0.03678373711273703
 0.27438528382251887 0.03607136196921402
 0.2792847549893712 0.03539923913266726
 0.28423956336314715 0.03475751027757421
 0.2892518372979592 0.03412829617542499
 0.2943237051479197 0.03352238756264252
 0.2994530385589163 0.032929089998833636
 0.3046440942391739 0.03234354588062415
 0.30989474383458 0.03177492103582186
 0.3152049873451345 0.03121559255546734
 0.32057695312495005 0.030673830183053807
 0.326012769528139 0.03017132456266254
 0.33151030820058885 0.02970240693220455
 0.3370738258505246 0.029263484983609284
 0.3427011941238337 0.028857351166510337
 0.34839241302051627 0.028460026487287297
 0.35414961089468466 0.028056858380644586
 0.3599749161004513 0.02765005186132911
 0.36586832863781626 0.027249509441954773
 0.37182772015266713 0.026843216832259067
 0.37785947570734113 0.026446129806088715
 0.38395721023950097 0.02605910780576188
 0.39012943716559645 0.02568565564011205
 0.3963697714232902 0.0253315735811496
 0.40268459807491963 0.02498712265750481
 0.4090717887663723 0.024660108110504418
 0.41553347185176054 0.024343530701568066
 0.4220696473310844 0.02403768056843417
 0.4286803152043439 0.02373438541698985
 0.435369732179764 0.02343784392262999
 0.44213364154911966 0.02313517120864431
 0.4489784283747483 0.022817351291297604
 0.45589983594842504 0.02247779972911562
 0.4629042493324872 0.02211316761550755
 0.4699874118187099 0.021733285791071
 0.47715145176120555 0.021334586224158205
 0.48440062586819904 0.020932864195257257
 0.49173280578557804 0.020536568859430282
 0.4991479915133424 0.020136036204796967
 0.5066504397597171 0.019736402734727466
 0.5142380221705897 0.019341772243779795
 0.521914995454185 0.018954994702472076
 0.5296792312563906 0.018581408327953505
 0.537532857931319 0.018222337256795867
 0.5454758754789701 0.017879502177540245
 0.553512540607569 0.017558270718457808
 0.5616385966088906 0.017248793704787945
 0.5698604285452723 0.016932888401660084
 0.5781780364167141 0.016610672572313013
 0.5865892918691036 0.016280940480933603
 0.595096323256553 0.015940744941721815
 0.6037033872872876 0.015594456353399464
 0.6124083556071946 0.015246060266467791
 0.6212133565703868 0.014897271157155185
 0.6301183901768639 0.014543928019304155
 0.6391277131348508 0.014181106104977484
 0.6482391970902353 0.013808970498595578
 0.6574549703971295 0.013431485788795485
 0.6667750330555338 0.013052782409424927
 0.6762036417736728 0.012670898794506731
 0.6857407965515465 0.012282605919887151
 0.6953843690350425 0.011878686630672208
 0.7051407442864984 0.011461712971244731
 0.7150077939518014 0.011037956660356726
 0.724987646385064 0.010605946769835265
 0.7350824299403989 0.010173753066857838
 0.7452921446178058 0.009751664211011042
 0.7556167904172848 0.009341494089069481
 0.7660606240470609 0.008943165753617898
 0.7766257738612464 0.008560013004752976
 0.7873079831516164 0.008190633198521619
 0.7981136369805085 0.007836927369433718
 0.8090427353479224 0.007504006639504039
 0.8200952782538582 0.0071856807735801225
 0.8312733940524283 0.006870656179552002
 0.8425792110977454 0.006550837894880138
 0.8540148577439215 0.006225822541362257
 0.8655782056368446 0.005900927705505625
 0.8772735114847394 0.005581621561883492
 0.8891029036417182 0.00526997436948947
 0.9010663821077812 0.004965130552436908
 0.9131639468829283 0.004664261053776913
 0.9254019830294972 0.004368236567211319
 0.9377762338392623 0.004082853538442708
 0.950290956020449 0.00381269172969715
 0.9629461495730572 0.003554344102913398
 0.9757460712053119 0.003303629063032833
 0.9886907209172129 0.0030638836255860807
 1.0017822270628727 0.0028372405895491807
 1.0150227179964035 0.0026207376666590025
 1.0284100653636936 0.0024099979707402196
 1.0419506542270796 0.0022053391737867677
 1.0556423562324493 0.002010553214673355
 1.0694894280880276 0.0018272740388550796
 1.0834918697938147 0.0016524791459143417
 1.0976518097039227 0.0014832063531732748
 1.1119713761724643 0.001319727555721625
 1.1264526975535518 0.001162866970108033
 1.1410957738471852 0.001014547016121
 1.1559048617615895 0.0008781243302699171
 1.1708799612967644 0.0007562277897872794
 1.1860210724527105 0.0006508482735717841
 1.2013345802917648 0.0005620927277473431
 1.2168183564598147 0.0004855735247513093
 1.2324766576650852 0.00041681666085215666
 1.2483094839075763 0.00035488491367084116
 1.2643189635414005 0.00030080801066366126
 1.2805072249206704 0.0002552301666923988
 1.296876396399498 0.00021725704378676596
 1.3134286063319962 0.00018486397580662795
 1.3301659830722772 0.00015594531332898586
 1.3470906549744537 0.00012978189439364916
 1.3642026220385253 0.00010768089241422968
 1.3815040126186044 0.00009145484859691968
 1.3989990834229167 0.0000820991818999636
 1.4166899628055738 0.00008035885657407315
 1.4345745224124637 0.00008648877704262204
 1.4526591473059234 0.00009992199621194575
 1.4709459658400657 0.00011944384407759565
 1.4894328496607778 0.000143872194314925
 1.5081261838303974 0.000172326840351227
 1.5270259683489242 0.00020008576089280907
 1.546134331570471 0.00021577501722929332
 1.5654534018491497 0.00020827973463429306
 1.5849853075390732 0.00017520572805599565
 1.6047343053484666 0.00012156263335738437
 1.6247003952773291 0.00005433370260023763
 1.6448857056797739 -0.00001501537919211053
 1.6652944932640255 -0.00006478033784716241
 1.6859267580300838 -0.00007364092202005366
 1.706784628332062 -0.00004199429764967526
 1.727872360878184 0.000008026503890514962
 1.7491920840225628 0.000053251566196058085
 1.7707437977651983 0.00008437713258134995
 1.7925317588143155 0.00010552820340264028
 1.8145580955240264 0.00012609517548126806
 1.836824936248444 0.00015375628914705825
 1.859336537695793 0.00018650212270702597
 1.882090771511961 0.00020978290568703247
 1.9050940227592852 0.0002090135131996563
 1.9283484197918779 0.0001829761280082122
 1.9518539626097398 0.00014200230106562242
 1.9756170362752072 0.00009951586791363217
 1.9996355124341685 0.00006382665575919378
 2.023915776148961 0.00003355706983469148
 2.0484599557736964 0.000004050957928312659
 2.0732680513083754 -0.000025593748152025192
 2.0983443194612224 -0.000053898041329975586
 2.1236908885863506 -0.00007933822152505213
 2.1493184004543218 -0.0000977870882511163
 2.1751991864616738 -0.0001041211669536251
 2.2013779420447683 -0.00010731928832620001
 2.2278333836624813 -0.0001251254105737301
 2.2545867948559364 -0.00015444911775557252
 2.2815956085428852 -0.0001696775223098011
 2.3089236753467013 -0.00015349698302395416
 2.3365284281851353 -0.00011962214838551159
 2.3644311505993114 -0.0000964997766707119
 2.3926318425892306 -0.00009413530633963925
 2.4211305041548923 -0.00010388484483275433
 2.4499271352962966 -0.00011764282581237758
 2.4790430195545676 -0.000125331513611855
 2.508478156929706 -0.00011218864870799326
 2.538189980339462 -0.00007353543570364187
 2.5682423404072097 -0.000026434494593291522
 2.5986139535918245 0.0000019526807228835508
 2.629304819893306 0.000004330493710226459
 2.6602936557705306 0.000001440911595525022
 2.6916443118468703 0.000015816269806551283
 2.7232929374989534 0.000045764906536019325
 2.7553033833501517 0.00007687976487112283
 2.787633082318218 0.0001114484013821898
 2.8203033179442745 0.00015390422422065445
 2.853314090228323 0.00019165445812844705
 2.8866653991703637 0.0002096246306996056
 2.92037852831152 0.00020620304596993255
 2.9544321941106673 0.00019082637532533142
 2.9888476801089308 0.00016218396031393082
 3.0236249863063103 0.00011857500259618363
 3.058742829161681 0.00007813719623568498
 3.0942437757572927 0.00003436302693195848
 3.130085259010895 -0.00002303384893858146
 3.166331129545863 -0.0000409713148981369
 3.202917536738822 -0.0000016322239519286314
 3.239908331213146 0.00002960138304490094
 3.277260945886586 0.00003692817010261476
 3.314996664300266 0.00006812533708673511
 3.353136769995311 0.00013224221926734617
 3.3916386958894726 0.00018552544625806357
 3.4305450090649985 0.0001951053301538032
 3.46985570952189 0.00015857577300982956
 3.5095495137190214 0.00008190631644064495
 3.549668988738642 -0.000004228322167089274
 3.590171567498503 -0.000058047919273527676
 3.6310998170808535 -0.00006985613237730645
 3.6724324539445687 -0.00005123404389881402
 3.714169478089649 -0.00001783472013319876
 3.756353456598343 0.000010742975175838765
 3.798941822388402 0.000020589090000085854
 3.8419558590009504 0.0000381179810602697
 3.8853955664359874 0.00009171322712864561
 3.929282228234639 0.00014174633261086343
 3.97359456085578 0.00015605574290559438
 4.018353847840534 0.00013953479875867487
 4.063560089188903 0.0001155339813915011
 4.109213284900885 0.00012678602851151042
 4.155313434976481 0.00013366721718065106
 4.201860539415691 0.00007554326107152972
 4.248854598218514 -0.00000187568692445068
 4.296338178467201 -0.00007000621854912208
 4.344268713079501 -0.00010942698617150914
 4.392667485596539 -0.00008218718272642514
 4.441534496018316 -0.0000670870378515693
 4.490869744344831 -0.00012898621808157368
 4.540694514117209 -0.0001936901809189608
 4.591008805335449 -0.00018358990200818942
 4.6417913344584285 -0.00012411710332408519
 4.693063385027269 -0.00006533608634690887
 4.744846240583098 -0.00004949342443304356
 4.797097334043666 -0.00007725221494639122
 4.849880516032344 -0.0000764061064234017
 4.903131935925761 -0.000029452573049556424
 4.956915444347289 -0.000016750813048949053
 5.011188474214681 -0.00009052450838349523
 5.06597230906906 -0.00016254694029504046
 5.121288232451549 -0.00013294425695476318
 5.177114960821027 -0.00009772487804900688
 5.233473777718617 -0.00010596533075119892
 5.290343399603193 -0.00010621480076246516
 5.347766393557006 -0.00010629752651074704
 5.405700192497806 -0.000011438105909652923
 5.464187363507841 0.00011331785578280274
 5.523206623045989 0.0001231744453202513
 5.5827579711122475 0.00008969411957741982
 5.642862691247743 0.000025441668658008058
 5.7035420669936 -0.00002711015982792475
 5.7647535312675675 0.000009637478369601085
 5.82651836761077 0.00007075475026966635
 5.888836576023211 0.00009016505973182811
 5.9517294400460115 0.0000622141047880686
 6.015196959679172 0.000016536144984404157
 6.07921785138157 -0.0000062714369213437745
 6.143834682235452 0.000036222098468992976
 6.209004885158571 0.0000881386687253425
 6.274771027233175 0.00012000498150613606
 6.341111824918139 0.0002145368767704318
 6.4080272782134635 0.0003058654609120748
 6.475559954201399 0.00029394614930141553
 6.543667285799693 0.0002548958417247153
 6.612370556549474 0.0002732208886876505
 6.681669766450739 0.00032193874581855743
 6.751564915503489 0.00032249210935522926
 6.82207728724885 0.0002702783969969535
 6.893185598145694 0.0001824270028001756
 6.964911131735148 0.00009615990347572004
 7.037253888017213 0.00007470593341790742
 7.110192583450761 0.00006084381879711339
 7.183769785118045 0.000011103338389942156
 7.2579642094779375 -0.0000322522000989638
 7.33277585653044 -0.00007192691199351894
 7.408226009816676 -0.0001361127063801367
 7.484293385795522 -0.0001784816580287697
 7.5609779844669776 -0.0001497177445107134
 7.638322372913291 -0.0000885376918716259
 7.716305267593339 -0.000041485221659562816
 7.794905384965996 -0.000011859597824910689
 7.874165292113513 0.000004810188734953913
 7.954063705494763 0.000010098119294111463
 8.034600625109746 0.000010989201890512508
 8.115797334499588 0.000013473753904019016
 8.197632550123165 0.00001758738597566843
 8.2801275555216 0.000020961173249941555
 8.363261067153768 0.000022796216992987245
 8.44707565210192 0.000023678190717780265
 8.531528743283808 0.000024166008082277478
 8.616662907781675 0.000024480380607238268
 8.702456862054403 0.000024697508441965407
 8.788889322560864 0.000024838031065028586
 8.876002856383309 0.00002491215910194818
 8.963797463521736 0.00002494578601794926
 9.052251860435021 0.000024951368099366203
 9.141366047123165 0.000024923592247427033
 9.231161307127294 0.000024870686151842085
 9.321637640447403 0.000024810259663554294
 9.412773763542372 0.000024739634870731566
 9.504590959953324 0.000024656128859383798
 9.597089229680257 0.000024569350040162286
 9.69024728918205 0.000024473807556206457
 9.78410770554095 0.00002437958238121269
 9.87862791167471 0.000024283216968137024
 9.973850474665577 0.00002418460050573339
 10.069732827431302 0.000024093603702999163
 10.166296253513009 0.000023998593461644854
 10.263562036451823 0.000023904051987371138
 10.361487609165499 0.000023814268912881837
 10.460115538736279 0.000023723193814370883
 10.559424541623043 0.00002363248178304315
 10.659414617825789 0.00002354975628796008
 10.760085767344519 0.000023468167497129332
 10.861437990179233 0.00002338764667832369
 10.963471286329929 0.000023309107224737698
 11.066206939337732 0.000023237276620468184
 11.169602382120395 0.000023163185432029078
 11.273700181760162 0.00002309321932129773
 11.37845777117479 0.00002302746957885178
 11.483917717446527 0.000022959299539834622
 11.59003745349312 0.000022898399552331762
 11.69685954639682 0.000022841419349393633
 11.804341429075379 0.000022782054155966197
 11.912525668611046 0.00002272650245578365
 12.021369697921571 0.000022680102469813308
 12.130894800548079 0.000022631176460954333
 12.241079692949446 0.00002258372901800255
 12.351966942207921 0.000022542063903139035
 12.46349269770013 0.000022497897133509132
 12.575720810049445 0.000022460225010959062
 12.688587428632493 0.000022422186365066865
 12.802135120531528 0.000022386278810047083
 12.916363885746543 0.000022372729815781856
 13.031231157195291 0.00002236437020825081
 13.146758218418901 0.00002232486728421222
 13.262945069417366 0.000022285647896525866
 13.379791710190691 0.000022275882084504468
 13.497298140738875 0.000022268231284608586
 13.615443077520792 0.000022260675352307783
 13.734247804077567 0.000022226792304295414
 13.853669753326953 0.000022221368542136776
 13.973751492351198 0.000022242404762606578
 14.094471737609176 0.000022237097568275552
 14.215830489100888 0.000022261574607133822
 14.337806463285208 0.000022258307954918726
 14.460420943703264 0.00002225477982335621
 14.583652646813931 0.00002228085975133966
 14.707501572617204 0.000022306544620616058
 14.83196772111309 0.000022332106797558114
 14.957051092301583 0.00002235728783763824
 15.082751686182686 0.000022384235742849207
 15.209048219215275 0.00002241456479575124
 15.335919407858224 0.00002244287985745652
 15.463407819193783 0.000022495391419515856
 15.591492169680826 0.00002255138031156054
 15.72015117577823 0.000022582265386371778
 15.849384837485994 0.000022665227176844492
 15.979193154804122 0.000022719709765735074
 16.109597411273732 0.00002277717288337642
 16.240533756271454 0.000022862016865112424
 16.372044756879536 0.00002291850495091192
 16.504109129556856 0.00002300377020834975
 16.636705590762286 0.000023088455156866475
 16.769855424036955 0.000023197702388811317
 16.90353734583973 0.000023306260410498897
 17.037772639711747 0.00002336712219080991
 17.172497455029625 0.00002347951031730904
 17.307754358875613 0.000023639318212049977
 17.44352206770859 0.000023750008322470915
 17.579800581528552 0.00002386154337204771
 17.71656861679438 0.000024023706254135568
 17.853826173506068 0.00002416010679848266
 17.99157325166362 0.000024297321868820728
 18.12978856772591 0.000024460001603792927
 18.26847212169294 0.000024645950529732742
 18.407623913564706 0.000024830719385779134
 18.54724394334121 0.0000250179745833928
 18.687289643940204 0.000025204123673526282
 18.827803582443938 0.000025414972162947885
 18.968721908229035 0.000025626615218027447
 19.110087188377747 0.00002586073122811931
 19.25185685580782 0.000026121427253647642
 19.394030910519263 0.000026356730318324204
 19.53660935251207 0.000026616463058504434
 19.679570898245114 0.000026898418181453762
 19.822936831259526 0.0000272044722024439
 19.966664584473055 0.000027510934423673403
 20.11077544142682 0.00002784132401618791
 20.25522683503858 0.00002817220508518481
 20.400040048849455 0.0000285247700006339
 20.54519379931832 0.000028926576217236805
 20.690666802904055 0.00002932657399403901
 20.836480343147777 0.00002972692042142112
 20.982591852967246 0.000030174021114276017
 21.12902261590358 0.000030642425380383874
 21.275751348415657 0.00003113864407976341
 21.422735483421228 0.00003167917020685168
 21.570017588002543 0.00003222235125348176
 21.717512527995098 0.00003279531589522318
 21.865433138810143 0.00003341135027226041
 22.01356658503644 0.00003409660246152424
 22.161700031262733 0.00003480208608809949
 22.310259148311513 0.0000355483152886328
 22.459031100771536 0.000036339858662526775
 22.608015888642807 0.00003717453417349461
 22.757213511925322 0.00003812507135909173
 22.906411135207836 0.00003909205072786683
 23.05603442931284 0.00004012403161480651
 23.205657723417843 0.000041243265974221195
 23.35570668834534 0.000042502328576981616
 23.505542817861592 0.00004385046132868691
 23.655804618200325 0.00004525463064524703
 23.806066418539068 0.00004686787254814508
 23.95654105428905 0.000048636616103673456
 24.107015690039034 0.00005059687139236669
 24.257490325789014 0.0000527458913935874
 24.40817779695025 0.00005512196912674635
 24.559078103522715 0.00005786731901061481
 24.70997841009519 0.00006110006299223634
 24.860665881256416 0.00006474234149408796
 25.011779023240134 0.0000690963914453114
 25.162679329812608 0.00007434844134159138
