 0. 0.
 0.0013708033221144034 0.003575410762260077
 0.002757731959154287 0.012876569176060882
 0.004160974502286691 0.02678639070113156
 0.005580721722270391 0.044334970906972186
 0.007017166594040978 0.06468980445598267
 0.008470504321529801 0.08714753039568528
 0.009940932362772388 0.11112874310506804
 0.011428650455262292 0.13616845440139944
 0.01293386064160138 0.16190121576792085
 0.01445676729539321 0.18804388474767417
 0.015997577147432874 0.21437894876967462
 0.01755649931215843 0.240739797973141
 0.019133745314394192 0.26699829805609504
 0.02072952911637412 0.29305501584961285
 0.02234406714503622 0.31883210029711295
 0.02397757831962487 0.3442683263763482
 0.025630284079566416 0.36931557368429535
 0.02730240841264578 0.3939360662570732
 0.02899417788347486 0.4180998119285928
 0.030705821662261962 0.4417822229984886
 0.03243757155386834 0.464962329350094
 0.03418966202719591 0.48762215684810345
 0.03596233024484586 0.5097469735872616
 0.037755816093108435 0.5313258250792061
 0.03957036221225831 0.5523517213076439
 0.04140621402715116 0.5728210202458902
 0.04326361977816496 0.5927321144853882
 0.045142830552426495 0.6120841912194936
 0.047044100315380255 0.6308768599030155
 0.0489676859426701 0.6491104476495748
 0.05091384725236593 0.6667864357881764
 0.0528828470374937 0.6839075491507925
 0.05487495109891277 0.7004776433518958
 0.05689042827854058 0.7165014324170536
 0.05892955049287611 0.7319846304845434
 0.06099259276690998 0.7469338346841616
 0.06307983326834488 0.761356452219261
 0.06519155334217258 0.7752607311321552
 0.0673280375456053 0.788654764749398
 0.06948957368334739 0.8015458529092123
 0.07167645284322366 0.8139399747847117
 0.07388896943217357 0.8258427756365235
 0.07612742121259282 0.8372606494784149
 0.07839210933904535 0.8482009096207017
 0.08068333839533427 0.8586721365799156
 0.08300141643193881 0.8686845607861245
 0.08534665500384009 0.87825014669517
 0.08771936920868505 0.8873818689992249
 0.09011987772536728 0.8960930925572544
 0.09254850285295048 0.9043966921980787
 0.09500557054999248 0.9123043179751132
 0.09749141047425379 0.919826059635143
 0.10000635602278114 0.9269709941823697
 0.10255074437238244 0.9337470945464933
 0.10512491652051392 0.9401616873997221
 0.10772921732652854 0.9462221965004836
 0.11036399555334574 0.9519369499331783
 0.11302960390951025 0.9573150403910154
 0.11572639909166559 0.9623648098735493
 0.11845474182740694 0.9670931989581558
 0.1212149969185721 0.9715066198025413
 0.12400753328492346 0.9756128642186528
 0.1268327240082447 0.9794222728297646
 0.12969094637685633 0.982946450267192
 0.13258258193054853 0.9861957110671211
 0.13550801650593483 0.9891777397430395
 0.13846764028222075 0.9918983832874747
 0.1414618478274054 0.9943620348757146
 0.14449103814490866 0.9965714612883807
 0.14755561472062553 0.9985284857393977
 0.15065598557041665 1.0002360568250253
 0.15379256328802401 1.0017012423673306
 0.15696576509343496 1.0029350089466251
 0.16017601288167488 1.003949273344058
 0.16342373327204926 1.0047550584820306
 0.1667093576578186 1.0053611965844007
 0.17003332225632714 1.0057746702125456
 0.17339606815957423 1.0060027409680918
 0.17679804138523886 1.0060547128586783
 0.18023969292814968 1.005942238355834
 0.18372147881220585 1.0056782149722256
 0.18724386014277067 1.0052753913475148
 0.1908073031594911 1.0047453968457347
 0.1944122792896059 1.0040970909968407
 0.19805926520169623 1.0033337320645352
 0.2017487428599038 1.0024537510316909
 0.20548119957860533 1.0014530532708028
 0.20925712807756158 1.0003270111043752
 0.21307702653752963 0.9990738901104502
 0.2169413986563359 0.9976960625543709
 0.2208507537054263 0.9961979512819766
 0.22480560658688173 0.9945854137654961
 0.22880647789089886 0.9928658507595073
 0.23285389395376224 0.9910471792064279
 0.23694838691626527 0.9891362244774434
 0.2410904947826246 0.9871376649607165
 0.24528076147985048 0.9850543593317317
 0.2495197369176177 0.9828878358970005
 0.2538079770485806 0.9806399833630531
 0.2581460439291959 0.978311002636493
 0.2625345057809936 0.9758950847742927
 0.2669739370523544 0.9733831634389487
 0.27146491848073456 0.9707662377238793
 0.2760080371553899 0.9680357367980185
 0.2806038865805671 0.9651864397974311
 0.28525306673917394 0.9622205291602248
 0.2899561841569229 0.9591455848332604
 0.29471385196696226 0.9559671670294984
 0.299526689974962 0.9526840979198385
 0.30439532472469927 0.9492944831470649
 0.3093203895640955 0.9458026671307526
 0.31430252471174497 0.942219972917253
 0.31934237732390086 0.9385594793027298
 0.3244406015619369 0.934829449216934
 0.32959785866028357 0.9310330720678129
 0.33481481699482696 0.9271731365095773
 0.3400921521517617 0.923250263602479
 0.34543054699693543 0.9192564765249943
 0.35083069174562737 0.9151792036649585
 0.35629328403279614 0.9110089729603196
 0.3618190289837893 0.906738352139239
 0.36740863928550066 0.9023587355776341
 0.3730628352579814 0.8978628709714632
 0.3787823449264904 0.8932460712905397
 0.38456790409400915 0.8885070357481432
 0.3904202564141673 0.8836492394562873
 0.39634015346463913 0.8786733847483985
 0.40232835482094986 0.8735781778588445
 0.4083856281307147 0.8683676273601076
 0.4145127491883088 0.8630476485183509
 0.42071050200995863 0.857624101994424
 0.4269796789092338 0.8521015012565104
 0.4333210805729651 0.8464814546714055
 0.43973551613755407 0.840761820160528
 0.4462238032656919 0.8349428493710657
 0.4527867682234658 0.8290320360467398
 0.4594252459578443 0.8230384556292887
 0.46614008017455216 0.8169698476853621
 0.47293212341631796 0.8108322121746706
 0.4798022371414783 0.8046166184096433
 0.4867512918029496 0.7982985371959782
 0.49378016692754195 0.791855957928863
 0.5008897511956181 0.7852752657160719
 0.508080942521085 0.7785504066456747
 0.5153546481317215 0.7716821462158534
 0.5227117846497912 0.7646798467541905
 0.5301532781730003 0.7575577016673429
 0.5376800643557205 0.7503317349705406
 0.5452930884905082 0.7430166011191013
 0.5529933055899046 0.7356223454335461
 0.5607816804684901 0.7281561067480953
 0.568659187825198 0.7206152716970818
 0.5766268123258571 0.7129920273759616
 0.5846855486859888 0.7052841176840898
 0.5928364017537784 0.6974883149582332
 0.6010803865932869 0.6895977426250443
 0.6094185285678388 0.6816041743588015
 0.6178518634235677 0.673500792048282
 0.6263814373731492 0.6652812381520443
 0.63500830717966 0.6569437535282134
 0.643733540240577 0.6484911976857632
 0.6525582146718721 0.6399308326444628
 0.6614834193922358 0.6312789967694258
 0.6705102542073437 0.6225403911254414
 0.679639829894215 0.6137121957210713
 0.6888732682855963 0.6047962806001139
 0.698211702354382 0.5957949597817473
 0.7076562762980345 0.5867089120887037
 0.7172081456229944 0.5775480075117719
 0.7268684772290562 0.5683319556686709
 0.7366384494936825 0.5590809534245135
 0.7465192523562608 0.5498254734154868
 0.7565120874022342 0.5405984319539004
 0.7666181679471328 0.5314160858973109
 0.7768387191204509 0.5222676995981183
 0.7871749779493589 0.5131079917861734
 0.7976281934422172 0.5038814951729718
 0.8081996266718668 0.49455458678567166
 0.818890550858696 0.4851181245218924
 0.8297022514533983 0.4755751665072772
 0.8406360262194678 0.4659364038229249
 0.8516931853153465 0.45622498981239556
 0.862875051376209 0.4464812326006124
 0.8741829595953785 0.4367299825828793
 0.8856182578053122 0.4269707422547272
 0.8971823065581374 0.4171998177947203
 0.9088764792057196 0.4074221368767455
 0.9207021619791949 0.39765899622236195
 0.9326607540679802 0.38794020168884646
 0.9447536676981751 0.3782813522084337
 0.9569823282103654 0.3686860201974276
 0.9693481741367744 0.35915463249197216
 0.9818526572776918 0.3496998613507817
 0.9944972427772261 0.3403356942694629
 1.0072834091982301 0.3310615956102975
 1.020212648596472 0.32188311323289404
 1.0332864665939165 0.31281263338494075
 1.0465063824511396 0.30388661818504786
 1.0598739291388024 0.29516608234858405
 1.0733906534081523 0.2866897335411979
 1.087058115860494 0.27846102147251994
 1.1008778910155996 0.2704664317114631
 1.1148515673790111 0.26269800012739514
 1.128980747508172 0.2551652969845291
 1.1432670480773546 0.24790365512511406
 1.1577120999413302 0.2409497275326209
 1.1723175481977164 0.234326478968944
 1.1870850522479885 0.22805925671285487
 1.202016285857044 0.2221731208474026
 1.217112937211333 0.21667857198355997
 1.2323767089754316 0.21157198837334873
 1.2478093183470602 0.20683092903124523
 1.2634124971104594 0.20242850824968192
 1.2791879916880593 0.19834805360333005
 1.2951375631904098 0.19458656395627275
 1.3112629874642856 0.19116201983271364
 1.327566055138919 0.18810600187524246
 1.3440485716702821 0.18544752812246554
 1.3607123573833833 0.18321431684310677
 1.3775592475124734 0.18142938726691182
 1.3945910922391338 0.18009686722425614
 1.4118097567281356 0.17918272184389877
 1.4292171211610532 0.17861972244338672
 1.4468150807675135 0.17832443096025355
 1.4646055458540381 0.17821202646319856
 1.4825904418303972 0.17820951694200818
 1.5007717092333912 0.1782526717314929
 1.5191513037480127 0.1782775047487617
 1.5377311962258746 0.1782346358964061
 1.5565133727008587 0.17810999055832483
 1.5754998344018878 0.17791350021089392
 1.5946925977627482 0.17766864364627402
 1.6140936944288686 0.17742545829750164
 1.6337051712610071 0.17724062194561943
 1.6535290903356985 0.1771303795223829
 1.6735675289424574 0.1770626907527112
 1.6938225795775745 0.17698665838595823
 1.714296349934467 0.17685964133005827
 1.7349909628904754 0.17667069644676806
 1.7559085564900143 0.17644985789878762
 1.7770512839240034 0.17622785356446793
 1.7984213135054414 0.1759824065628465
 1.8200208286410935 0.17564977614197608
 1.8418520277991366 0.17517295619742346
 1.863917124472694 0.17452683762618645
 1.886218347139171 0.1737373240716408
 1.908757939215257 0.17287067474151477
 1.9315381590075222 0.1719701791439382
 1.954561279658512 0.17100585489792688
 1.9778295890881952 0.16995695372990272
 2.0013453899307088 0.16888112617059098
 2.025110999466276 0.1678616272456268
 2.049128749548164 0.16693694122217614
 2.073400986524631 0.16612934915326968
 2.097930071155688 0.16549858159139427
 2.1227183785246235 0.1650966157525394
 2.147768297944133 0.16488645984022587
 2.1730822328569848 0.1647079995822746
 2.198662600731055 0.16440203642845339
 2.224511832948676 0.1639683963392168
 2.2506323746901447 0.1635358289499547
 2.2770266848112737 0.16325157060921927
 2.303697235714911 0.16326997010916924
 2.330646513216227 0.16372894365690926
 2.3578770164017646 0.16468263106284708
 2.385391257482017 0.1661050634728201
 2.413191761637484 0.1679637827540522
 2.4412810668580924 0.17025037914792113
 2.4696617237757863 0.17285525235756818
 2.498336295490246 0.17559538172358602
 2.5273073573875777 0.17801352832538178
 2.556577496951835 0.17938049503937004
 2.586149313569283 0.1794178859779082
 2.6160254183252465 0.1784094875824995
 2.6462084337934586 0.1767725171886313
 2.676700993817734 0.17475019940252684
 2.7075057432858816 0.17247972382756901
 2.738625337895726 0.17031223633634887
 2.7700624439130936 0.16886213216341547
 2.8018197379216563 0.1685032280611476
 2.8338999065644948 0.1690118966268737
 2.8663056462772647 0.16979191933675208
 2.8990396630128545 0.17044707837394646
 2.9321046719573673 0.17105004578876212
 2.9655033972373586 0.17181847598609196
 2.999238571618157 0.1725666526221097
 3.033312936193179 0.17314741560756353
 3.0677292400641063 0.173624642715224
 3.1024902400117886 0.17400906830271737
 3.137598700157778 0.17452521940662724
 3.1730573916163487 0.17542039418054797
 3.2088690921369136 0.17661616651458237
 3.2450365857366896 0.17762259529286306
 3.2815626623235117 0.17823433063939068
 3.318450117308694 0.17907376958377397
 3.355701751209796 0.18039229466553217
 3.393320369243203 0.18222657384205299
 3.431308780906414 0.1844775181286179
 3.46966979954991 0.18694243559538148
 3.5084062419385207 0.18932894950320836
 3.5475209278021698 0.19133312952503523
 3.5870166793759175 0.1928605638895311
 3.626896320929168 0.19396703052344955
 3.667162678283991 0.19467198707890462
 3.7078185783224207 0.19457466356806122
 3.7488668484826926 0.19344006590158175
 3.790310316244268 0.19214103680599803
 3.832151808601637 0.1915729170371973
 3.8743941515267393 0.19139085280504964
 3.91704016942001 0.19080421254681784
 3.960092684549913 0.19000386329723054
 4.003554516480926 0.18891814165738377
 4.047428481489897 0.18758437252442872
 4.091717391970739 0.18630200934362376
 4.136424055827369 0.18536724040972496
 4.1815512758548765 0.1846868131948365
 4.227101849108846 0.1845566100322121
 4.2730785662628135 0.1851824507131946
 4.319484210953824 0.1859980572915008
 4.36632155911603 0.18679253326375403
 4.413593378302346 0.18754991936389873
 4.461302426994114 0.18716889374718
 4.509451453898769 0.1854244016957387
 4.558043197235507 0.18297586049462664
 4.607080384008966 0.17967565039586583
 4.656565729270895 0.17567050496093403
 4.706501935369848 0.17162077424623742
 4.756891691188911 0.16864807862832867
 4.807737671371521 0.16617148256922956
 4.859042535535358 0.16361985184661393
 4.910808927474393 0.16179564548992822
 4.9630394743491415 0.16080954615075038
 5.015736785865157 0.1602051835348892
 5.068903453439864 0.15933342488906962
 5.122542049357754 0.15807458298146537
 5.1766551259141105 0.15601638312065333
 5.231245214547278 0.15343514172888015
 5.286314824959598 0.15119535562497588
 5.34186644422717 0.14892239477206531
 5.397902535898478 0.14562775507618692
 5.454425539082099 0.14146716693222072
 5.511437867523555 0.1373754728019125
 5.568941908671514 0.13388496741695843
 5.626940022733491 0.13071728196855764
 5.685434541721186 0.12863906871445166
 5.7444277684857 0.1267037551676764
 5.803921975742746 0.12435789340274478
 5.863919405088161 0.12227276457533848
 5.9244222660038 0.11945059108530917
 5.985432734854203 0.11480767188030595
 6.046952953874089 0.10852772404675204
 6.108985030147103 0.10174135632651615
 6.1715310345759455 0.09408052668746338
 6.234593000844215 0.08547658206829442
 6.2981729243702675 0.07688037496090853
 6.36227276125333 0.06795646564656464
 6.426894427212247 0.05832230050929232
 6.492039796517115 0.048056559711484835
 6.557710700914217 0.038560679426451666
 6.623908928544498 0.030950064555132595
 6.690636222856092 0.025040555135027686
 6.7578942815110885 0.02041662674006326
 6.8256847552871225 0.01680033155204897
 6.894009246973998 0.01400266336443157
 6.9628693102659245 0.011844958218672662
 7.032266448649644 0.01015565849971496
 7.10220211428904 0.008804133313092244
 7.172677706906492 0.007702086803335554
 7.2436945726616395 0.006789649232179773
 7.315254003027894 0.006024475590846075
 7.3873572336672195 0.005375466351423106
 7.460005443303735 0.004819193600417406
 7.533199752596575 0.004337723542069476
 7.606941223012624 0.003917190085311325
 7.681230855699572 0.003546800376443109
 7.7560695903599415 0.0032181115247516584
 7.831458304126555 0.002924487352158838
 7.907397810440133 0.002660683991239806
 7.983888857929474 0.0024225311814515403
 8.060932129294972 0.002206685758038207
 8.13852824019594 0.002010442064529437
 8.216677738142518 0.0018315851806143862
 8.295381101392609 0.0016682793357363885
 8.37463873785473 0.0015189820853433618
 8.454450983997189 0.0013823792244457367
 8.534818103764454 0.001257335335649489
 8.615740287501314 0.0011428563577024057
 8.697217650885456 0.0010380615254262995
 8.77925023386933 0.0009421619158851443
 8.861837999631803 0.0008544443850183191
 8.9449808335405 0.00077425946037644
 9.028678542125412 0.0007010121176122706
 9.112930852064645 0.0006341545173007325
 9.19773740918289 0.0005731807329975561
 9.283097777463542 0.0005176222890800006
 9.369011438075017 0.0004670447722373855
 9.455477788412264 0.00042104501470512665
 9.542496141153979 0.00037924872007196803
 9.63006572333654 0.00034130845117856713
 9.718185675445216 0.0003069018849216023
 9.806855050523659 0.0002757301630389117
 9.896072813302174 0.00024751649430276504
 9.985837839345857 0.00022200475561407536
 10.076148914223172 0.00019895826161840603
 10.167004732695805 0.0001781585385220911
 10.25840389793068 0.0001594041937260205
 10.350344920734742 0.00014250982531505008
 10.442826218813503 0.00012730497217456157
 10.535846116053925 0.00011363312926875854
 10.629402841832642 0.00010135079464378092
 10.723494530350075 0.00009032655255036283
 10.818119219991416 0.00008044023135720539
 10.9132748527151 0.00007158206899458975
 11.008959273469648 0.00006365194538992573
 11.105170229639524 0.000056558647103958135
 11.201905370520906 0.000050219179240867965
 11.29916224682792 0.0000445581154617695
 11.396938310230292 0.00003950698934534314
 11.495230912922962 0.0000350037229632317
 11.594037307228444 0.000030992098852882556
 11.69335464523271 0.000027421260099311196
 11.79317997845512 0.000024245251935467987
 11.893510257553276 0.000021422593540558373
 11.994342332063246 0.000018915883273038993
 12.095672950176056 0.0000166914316289118
 12.197498758550834 0.000014718924431125026
 12.299816302165409 0.00001297111261673216
 12.402622024204904 0.000011423526060662546
 12.50591226598882 0.000010054212177214569
 12.609683266937358 0.00000884349570428496
 12.713931164577303 0.000007773758946861811
 12.81865199458821 0.000006829241733098652
 12.923841690889146 0.000005995858307147353
 13.029496085766771 0.000005261030750867278
 13.135610910044846 0.000004613537774894669
 13.242181793295964 0.00000404337718394445
 13.349204264095592 0.000003541641103389198
 13.456673750319053 0.000003100403192315594
 13.56458557948158 0.0000027126161035789946
 13.67293497912198 0.0000023720196027068567
 13.781717077229972 0.000002073057052082688
 13.890926902717721 0.0000018108002610327002
 14.000559385935546 0.0000015808820280156701
 14.110609359232193 0.0000013794352496758886
 14.22107155755982 0.0000012030383430650316
 14.331940619123694 0.0000010486662402283685
 14.44321108607696 9.136464310668163E-7
 14.554877405260282 7.956197148918222E-7
 14.666933928986685 6.925049180708344E-7
 14.779374915871308 6.02467490764311E-7
 14.892194531706387 5.238914492735945E-7
 15.005386850381047 4.553543363506953E-7
 15.118945854846146 3.9560491952237594E-7
 15.232865438123785 3.435433312810756E-7
 15.347139404361515 2.982034210118295E-7
 15.461761469930858 2.587370400389513E-7
 15.576725264570143 2.2440016591578956E-7
 15.692024332571101 1.9454049333076854E-7
 15.807652134009214 1.685865160740712E-7
 15.923602046017184 1.460378352192501E-7
 16.039867364101386 1.2645657365667245E-7
 16.156441303500785 1.0945980805675822E-7
 16.27331700058774 9.471286085978164E-8
 16.390487514310557 8.192340581409093E-8
 16.507945827676807 7.083624883456458E-8
 16.625684849277263 6.122873878859988E-8
 16.74369741484957 5.2906731682803214E-8
 16.86197628888121 4.5701027186276996E-8
 16.980514166250913 3.946424692849143E-8
 17.099303673908047 3.4068086464423895E-8
 17.218337372588934 2.940090350434888E-8
 17.337607758569714 2.5365604826185547E-8
 17.4571072654545 2.1877790808067835E-8
 17.576828265998476 1.8864128512500382E-8
 17.696763073964576 1.6260933778599363E-8
 17.816903946013298 1.4012923286768912E-8
 17.93724308362435 1.207212718062752E-8
 18.057772635049382 1.0396938352647489E-8
 18.1784846972948 8.951281182866749E-9
 18.299371318133474 7.703886293901565E-9
 18.42042449814457 6.62765835055408E-9
 18.541636192780064 5.699123090035586E-9
 18.662998314457262 4.897946900386323E-9
 18.784502734675797 4.206517027377301E-9
 18.90614128615823 3.6095758186854415E-9
 19.02790576501301 3.093902278542302E-9
 19.149787932918407 2.64803397909994E-9
 19.27177951932661 2.2620250008352084E-9
 19.393872223686266 1.9272343100474683E-9
 19.516057717682628 1.6361408157795593E-9
 19.63832764749373 1.3821811967202405E-9
 19.76067363606153 1.1596079975047392E-9
 19.883087285376504 9.633634604623954E-10
 20.005560178774637 7.88968495316933E-10
 20.12808388324515 6.324226700020366E-10
 20.250649951747935 4.90113626330972E-10
 20.373249925539174 3.5873382358305454E-10
 20.495875336503822 2.3520125672840917E-10
 20.618517709493567 1.1657923898406034E-10
 20.741168564669007 4.431851386384104E-17
