 0. 0.
 0.0004074236980546693 0.06961080188981313
 0.0012270609780118613 0.1933659499165414
 0.0020563417263937535 0.30412651015257747
 0.0028953830703472043 0.40310020859262646
 0.003744277478672366 0.4913950744451057
 0.004603168791725029 0.5700880923861501
 0.005472159752616473 0.6402497741803005
 0.006351363378769106 0.7029253369363744
 0.0072409029619164645 0.7591006466402981
 0.008140901793792083 0.809673108768649
 0.009051493440440624 0.8554347659653057
 0.00997277037066224 0.8970666344348794
 0.010904845601879338 0.9351410930452653
 0.011847924620314478 0.970129641894565
 0.01280209989476781 1.0024146542379735
 0.013767474168350616 1.0323034901830999
 0.014744150184174173 1.060042795147465
 0.01573243617157232 1.0858321124324104
 0.016732229387433784 1.1098352026250098
 0.017743735317981114 1.132189177705572
 0.018767159449436875 1.1530115295662655
 0.019802604524912344 1.1724054229632552
 0.020850276030630083 1.1904628194674918
 0.021910173966590094 1.2072662359555641
 0.022982503819014927 1.2228894689988774
 0.024067471074127145 1.2373990661980643
 0.025165178475038033 1.2508568187542652
 0.026275728764858865 1.2633221900395555
 0.027399327429812204 1.2748532921130573
 0.028536179956120608 1.2855059147954226
 0.029686286343784073 1.295332229597485
 0.03084995482213644 1.3043817287082886
 0.032027185391177715 1.3127043692959535
 0.03321838902335301 1.320353284740249
 0.034423462975551045 1.327383759858104
 0.035642612733994376 1.3338478010614496
 0.03687614652801685 1.339789081214365
 0.038124167100729744 1.345242267821804
 0.03938677719524433 1.3502358197732371
 0.040664285040894456 1.35479547855315
 0.04195669063768013 1.358947051075398
 0.04326419947182389 1.3627173685404173
 0.04458711977265959 1.3661337043966373
 0.0459255542832985 1.36922205039931
 0.0472796057468519 1.3720056818821256
 0.04864958239265364 1.374504388784636
 0.05003558696381499 1.3767351343635812
 0.05143782494655851 1.3787121923292351
 0.05285650182710676 1.380446732257144
 0.05429182309168231 1.3819473827606334
 0.055743891483396424 1.3832219967280792
 0.05721301523158294 1.3842808843496242
 0.05869929707935315 1.3851389350093843
 0.06020304525604088 1.3858161797281536
 0.06172436250475742 1.3863358604808806
 0.06326345431172532 1.3867183185918022
 0.06482052616316716 1.3869778317223407
 0.06639588628841674 1.387124038739016
 0.06798974017369666 1.3871608571095486
 0.06960219056211817 1.3870854129888484
 0.07123344293990384 1.3868931329895722
 0.07288380553638753 1.386585525650022
 0.07455348383779176 1.3861716483425475
 0.07624268333033911 1.3856622169641792
 0.07795160950025214 1.3850599936109078
 0.07968057057686467 1.3843591769994996
 0.08142966930328802 1.3835549741870294
 0.083199213908856 1.3826468963129421
 0.08498951262290243 1.38163429482583
 0.08680066818853864 1.380516225308819
 0.08863298883509842 1.37929471170434
 0.09048668004880435 1.3779766362468335
 0.09236205005899029 1.3765740176256134
 0.09425930435187875 1.375103248527392
 0.09617875115680362 1.3735823129556841
 0.09812049321687615 1.3720239054817498
 0.10008494150454145 1.3704300767401116
 0.10207240424913337 1.3687956787570987
 0.10408288145065192 1.3671166469880576
 0.10611719505398734 1.365393461011702
 0.10817513957291706 1.3636275563452565
 0.11025671500744107 1.3618230142710577
 0.11236294878867219 1.3599903041848411
 0.1144928134854976 1.3581452096504394
 0.1166483639601429 1.3563033831222082
 0.1188285727814953 1.3544718833095775
 0.1210344673806676 1.3526445840831407
 0.12326604775765977 1.3508131356902802
 0.12552434134358464 1.3489754266773277
 0.1278083207073294 1.3471311346175665
 0.13011798584889406 1.345279677637445
 0.13245539163050418 1.3434176728690752
 0.1348205380521598 1.3415411223755536
 0.1372123976827481 1.3396556756048292
 0.1396319979533819 1.3377791880142587
 0.14208036629517395 1.3359305130843482
 0.14455647527701151 1.3341174387872932
 0.14706237976112013 1.3323330680913466
 0.14959705231638704 1.3305618905015355
 0.15216049294281223 1.3287867472503077
 0.15475372907150847 1.3269874548463543
 0.1573777881335886 1.3251461934681485
 0.16003164269793982 1.323253300100749
 0.16271734762678766 1.3213061118200313
 0.16543387548901942 1.3193135407647736
 0.16818122628463503 1.3172823419780963
 0.1709604274447473 1.3151945214816199
 0.173772506400469 1.3130178962461867
 0.1766174631518002 1.31072792526006
 0.1794942702676281 1.3083157007633692
 0.182406010041291 1.3057938752465919
 0.18534960017945054 1.3031908576844464
 0.18832915040655795 1.300536597355374
 0.19134157842927485 1.2978581370651394
 0.1943899665409396 1.2951824316779996
 0.1974732873104394 1.292529791387898
 0.20059256816888704 1.2899063926385357
 0.2037478091162825 1.2873096809453484
 0.20693901015262584 1.2847401293467329
 0.2101682261401426 1.2822025578741056
 0.21343340221660723 1.279707821531682
 0.21673762067535807 1.2772742441781066
 0.22007882665416958 1.2749008797416557
 0.2234601024463801 1.2725548861255356
 0.22687939318976408 1.2701865750215733
 0.23033772631543428 1.2677534548077614
 0.2338371566856163 1.2652449759750024
 0.23737665686919737 1.2626828765803026
 0.24095622686617746 1.2600963181483285
 0.2445779215387822 1.2574973383242765
 0.24824071345589874 1.254890426852431
 0.2519466574797527 1.2522835802090664
 0.2556947261792313 1.2496970408785955
 0.25948594698544725 1.2471684453503469
 0.26332031989840066 1.2447299910458534
 0.2671998997803171 1.2423949745793703
 0.27112263176897095 1.2401403154383186
 0.2750915981577006 1.2379071310232779
 0.27910679894650603 1.2356487700498089
 0.28316720670427453 1.2333472640458838
 0.2872738488621188 1.2309976505111158
 0.29142878028226443 1.2285958349358979
 0.29563097353359874 1.2261181838498572
 0.29988145604723443 1.2235267870780122
 0.30418022782317145 1.2207851334374458
 0.3085293437236355 1.2178665566373
 0.31292777631751373 1.2147898591496609
 0.31737655303591894 1.2116179463030787
 0.3218756738788512 1.2084027233618977
 0.32642719370853596 1.2051635066682513
 0.3310311125249733 1.2019263162990141
 0.33568640289705043 1.1986962832481292
 0.34039614711810584 1.1954524390930925
 0.3451593177570265 1.1921792659819606
 0.34997694224492537 1.1888469929580308
 0.3548500480129152 1.1853953308477738
 0.359778635060996 1.1818014455112509
 0.3647627033891678 1.1781360312807168
 0.36980430785965607 1.1745196612580882
 0.3749044759035738 1.1710144789694061
 0.3800611526586952 1.1675810548003365
 0.3852774204183588 1.1641033180846956
 0.39055327918256455 1.1604615019607427
 0.3958887289513124 1.156588881993467
 0.4012847971557152 1.1524936551314162
 0.4067425112268858 1.1481914547164955
 0.41226289859593684 1.1436465922783168
 0.41784493183175575 1.1388688952461528
 0.4234906657965679 1.1339694093175956
 0.4292011279214862 1.1290525814460526
 0.4349763182065106 1.1241909792263398
 0.44081623665164116 1.1194318514596306
 0.4467239655502163 1.1147333021082244
 0.4526974500400102 1.1100173139906604
 0.45873874498324874 1.1052348025412915
 0.46484785037993176 1.1003357488328664
 0.4710268210922849 1.0952761462318485
 0.47727565712030817 1.0900912213450238
 0.4835953858951143 1.0848320803969984
 0.489987034847816 1.0794551417237825
 0.4964495765473008 1.0738437875200555
 0.5029860932869068 1.0678782588087254
 0.5095955576355213 1.0615472361547367
 0.5162800244553699 1.054953298546005
 0.5230394937464526 1.048160098639145
 0.5298749929398822 1.0412229770678418
 0.5367875494667714 1.034229970330254
 0.5437781907582331 1.0272002300246608
 0.5508469168142672 1.0199985770647921
 0.5579957824970995 1.0124755010902442
 0.5652247878067297 1.0046078613079785
 0.5725339327431581 0.9964581192409434
 0.579926299599723 0.9880413356347438
 0.5874008609453114 0.9793165754754608
 0.594959671642149 0.9702223429493645
 0.602602731690236 0.9607315545848688
 0.610331068520685 0.9507505568168004
 0.6181457095646088 0.9402906418854455
 0.6260476822531202 0.9295537726782384
 0.6340380140173322 0.9187291763732149
 0.6421177322883572 0.9079310692748818
 0.6502878644973084 0.8971319143637606
 0.6585484106441856 0.8862110676566387
 0.6669003981601014 0.8749922347442
 0.6753458819072817 0.8633227410671054
 0.6838858893168394 0.8511416485753627
 0.6925193929576614 0.8386544535555734
 0.7012494751230861 0.8260907633974988
 0.7100771632442264 0.813240400033232
 0.7190014298899695 0.7998534393809155
 0.7280253573536538 0.7859800938339734
 0.7371489456352793 0.7718183008304402
 0.7463732221659589 0.7575437081323892
 0.7556992143768051 0.7431204388026734
 0.7651279496989308 0.728366113076256
 0.7746614829945618 0.7132872807173638
 0.784299814263698 0.6980013850412127
 0.794043970937452 0.6824791015531538
 0.8038960078780497 0.6665001876782336
 0.8138559250854908 0.6500664685680164
 0.8239247499908884 0.633484017906305
 0.8341045374564678 0.617054296298081
 0.8443963149133419 0.6007333466024729
 0.8548000823615108 0.5842766875564652
 0.8653178946632001 0.5676768742721667
 0.8759507792495224 0.5510690160886998
 0.8866997635515905 0.5344750456073268
 0.8975669024316304 0.517883672216144
 0.9085511684585288 0.5014424072621252
 0.9196556439256243 0.485165522610541
 0.9308813562640297 0.46860760052938866
 0.942228305473745 0.4516550564591686
 0.9536995738481086 0.4347011871938399
 0.9652941339560077 0.41799353242956755
 0.9770150680907806 0.4016364011536367
 0.9888634036835403 0.38560310359509953
 1.0008391407342865 0.36993409048403453
 1.0129443341052449 0.35447364684433447
 1.0251800112275287 0.33908654383126346
 1.0375513092567012 0.32400785970113144
 1.0500448715882964 0.3093261246876434
 1.062682274275683 0.29505679730770185
 1.0754532430077333 0.281239849761756
 1.0883680520955747 0.26799416474756554
 1.1014061529169517 0.25535579062953845
 1.1145983684052478 0.24336403440747253
 1.1279241499382078 0.23209343280618394
 1.141393771826959 0.22164321368213027
 1.1550072340715014 0.21200923168053593
 1.1687645366718353 0.20308672951897935
 1.1826656796279607 0.1947498376029924
 1.1967209372510053 0.18701482387866297
 1.2109303095409696 0.17989074119939166
 1.225273247875597 0.17320501527166027
 1.2397805751882716 0.16699307357391124
 1.2544420171678656 0.16126349126438852
 1.2692575738143792 0.15595698613242762
 1.2842169708166842 0.15109364180064255
 1.2993510311081642 0.14662948355278757
 1.3146289317554358 0.14235347420692632
 1.3300814956918825 0.13818341738759235
 1.345688174295249 0.13415857285785712
 1.361459241876662 0.1303374870960127
 1.3773946984361227 0.12676108068390435
 1.393494543973631 0.12355846557133052
 1.4097690528003142 0.12089318159895236
 1.4262079506050447 0.1188465609777866
 1.4428215116989507 0.11735171137846079
 1.459609736082032 0.11627379765079005
 1.4765623494431603 0.11548520367148087
 1.493699900404592 0.11490182514039149
 1.511001840344071 0.11452157281392689
 1.5284989921949812 0.11432401746876293
 1.5461605330239387 0.114236794295137
 1.5640172857643273 0.11422410470956991
 1.5820487017938913 0.1143413585383533
 1.6002650554237583 0.11461763092548824
 1.6186766209650565 0.11496671671103187
 1.6372628497955302 0.1152478274430712
 1.6560442905374348 0.11527745423221529
 1.6750209431907708 0.11486226922932902
 1.69418253344441 0.11392640739668042
 1.7135496099206082 0.11257340522117942
 1.7331016239971098 0.11108627570465719
 1.7528591242961704 0.1099750509497646
 1.772811836506662 0.10952477689582005
 1.792959760628585 0.1095244945792995
 1.813323445284195 0.1095658632265249
 1.8338823418512364 0.10939497570612279
 1.8546467246408367 0.10898940656402471
 1.875616593652996 0.10847679474869901
 1.8968022231988428 0.1080264049984638
 1.9181933389672485 0.10765494786396401
 1.9398002152693412 0.10719680603154962
 1.9616228521051213 0.10656590589631594
 1.9836612494745882 0.10583134103434919
 2.005915407377742 0.10498002049439958
 2.0283853258145834 0.1039500695250082
 2.0510710047851117 0.1028919396831966
 2.0739929929115832 0.10235402288394696
 2.0971307415717413 0.1028711035650668
 2.1204945250767144 0.10432987626013712
 2.144084343426503 0.10619095903492085
 2.1679001966211064 0.10802627668749056
 2.1919523589716534 0.11006799089167778
 2.2162408304781427 0.11260755155330456
 2.240755336829447 0.11510520424714947
 2.2655061523366946 0.11679814217475597
 2.290503551311013 0.11767027958937062
 2.315726985130147 0.1181476155566783
 2.341207276727479 0.11845103938295722
 2.3669136031696265 0.11838001935746395
 2.392876787389973 0.11787258614120665
 2.4190762807662627 0.1174445809466987
 2.445522357609623 0.1176287450079123
 2.4722252922311823 0.1187176720273812
 2.4991748103198126 0.11967303887093736
 2.526381186186642 0.11909992998827805
 2.553834145520542 0.11676307314998416
 2.581554236943769 0.11369088539149871
 2.609520911834067 0.11114859612009068
 2.6377547188136914 0.10983200974631312
 2.6662453835715154 0.10967519679018145
 2.694992906107538 0.11005745820247163
 2.7240075607328875 0.11057887915678702
 2.7532996217586923 0.11106772803811397
 2.7828485405626955 0.11177650218202195
 2.8126645914560253 0.11212041428268844
 2.8427477744386827 0.11174182995328652
 2.8731083638217942 0.11207838317545882
 2.903746359605361 0.11280957790502491
 2.9346514874782548 0.11321002033033525
 2.965844296062731 0.11318061307094918
 2.997304236736534 0.11229137952993438
 3.0290518581219206 0.11030177798311179
 3.0610768859077613 0.10633138532192674
 3.0933793200940567 0.1021983830426779
 3.1259797093030635 0.10034997709654868
 3.1588575049125245 0.0995207526757389
 3.1920229812335688 0.09860728165152725
 3.2254761382661954 0.09747595009560446
 3.259216976010405 0.0965834303972133
 3.293255768777325 0.09481706438482027
 3.3275822422558283 0.09233843179951584
 3.362206670757042 0.09049677248965939
 3.397129054280967 0.08693591429966606
 3.432339118516474 0.08194148246526102
 3.4678574120858205 0.07889331666498349
 3.5036736606778773 0.07944262942526044
 3.5397878642926446 0.08010360618379173
 3.5762102972412513 0.07805990961018695
 3.612930685212568 0.07455476690850099
 3.649949028206596 0.07052975762948138
 3.68728587484559 0.06631401636213777
 3.724930950818423 0.06241268153331393
 3.762873981813967 0.05915427241966225
 3.801135516454478 0.05645409776354434
 3.839705280428827 0.055005665075891934
 3.8785832737370147 0.05599178730010463
 3.9177797706901694 0.05942100371108536
 3.9572844969771626 0.06318140154748371
 3.997107726909123 0.06503443218214429
 4.037239186174921 0.06305966219940666
 4.0776994233968145 0.05661741085195528
 4.118467889952547 0.04742605192493937
 4.159565134464374 0.03971613272332888
 4.200980882621167 0.035790264060254755
 4.2427048601117985 0.033858956680095455
 4.284757615558525 0.03157668474632823
 4.327139148961346 0.02751295322638293
 4.369839186009133 0.021991619887286606
 4.412857726701888 0.017412080884522414
 4.456205045350737 0.014440661330139111
 4.49988114195568 0.012165008168524836
 4.543875742205591 0.010263068809348111
 4.588199120411597 0.008722196762018087
 4.632851276573695 0.007485536716789601
 4.677821936380762 0.006480147033831593
 4.72313164845505 0.005649678619958102
 4.768759864174306 0.004954201906258052
 4.814727132160784 0.0043650154289812905
 4.861012903792229 0.003860943825252946
 4.907627453379768 0.0034260223733100278
 4.95458105523453 0.0030480058180253804
 5.0018531607342585 0.0027173660551686766
 5.049464318501209 0.0024265949140050095
 5.097404254224255 0.0021697055998448713
 5.145672967903395 0.001941870821698182
 5.19427045953863 0.001739154725816616
 5.24319672912996 0.0015583135425751187
 5.2924517766773835 0.001396645298312884
 5.342045876492031 0.0012518761273816704
 5.3919584799516445 0.0011220733938120523
 5.44221013567848 0.0010055793645146643
 5.492780295050283 0.0009009597330231363
 5.543689506689308 0.0008069639715159652
 5.594917221973299 0.0007224941175091777
 5.646483989524514 0.0006465804705621217
 5.698369260720694 0.0005783620518201685
 5.750593584184099 0.0005170711297352949
 5.803136411292469 0.0004620206224184131
 5.856008016356933 0.0004125938253343266
 5.909198125066364 0.0003682359211350552
 5.962727286043019 0.00032844685481708125
 6.0165646763535126 0.0002927753336188186
 6.0707411189312275 0.000260813674775564
 6.125225790842781 0.00023219335290906485
 6.18003924071043 0.00020658111282163203
 6.235181468534174 0.0001836755841109676
 6.2906319256917556 0.00016320421129986204
 6.346400886494304 0.00014492056397847678
 6.40248835094182 0.00012860190592815554
 6.458894319034301 0.00011404700110053892
 6.515618790771749 0.00010107413666292506
 6.572651491843037 0.00008951932125502716
 6.63000269655929 0.00007923465158528446
 6.687651856298255 0.00007008683079904442
 6.7456195196821875 0.0000619557993243509
 6.8038954123999575 0.000054733510112537795
 6.862479534451566 0.000048322797258391076
 6.921361611525885 0.000042636347018264536
 6.980551917934043 0.00003759576170341812
 7.0400401793649126 0.00003313070361635476
 7.099826395818492 0.000029178117433503217
 7.159910567294783 0.000025681522345380007
 7.220292693793784 0.000022590363660298197
 7.280972775315496 0.00001985943104241126
 7.3419405375487905 0.00001744832350152078
 7.40318570618254 0.000015320967152968432
 7.464728829839 0.000013445177626524328
 7.526559634207043 0.000011792262481583592
 7.588667844975541 0.000010336663054397463
 7.6510534621444934 0.000009055629592291623
 7.713716485713902 0.000007928928331970794
 7.776667189994892 0.000006938577236111641
 7.83987475205408 0.000006068607050313671
 7.903359720513725 0.0000053048471900648
 7.967111821062696 0.000004634732425091499
 8.031120779389866 0.000004047129413919365
 8.095396869806363 0.00000353218045724846
 8.159929818001059 0.00000308116417386812
 8.22472989828508 0.000002686369640322536
 8.289766287725046 0.00000234098454467644
 8.35505953494321 0.0000020389946912365536
 8.420599365628446 0.0000017750939750123351
 8.486385779780752 0.0000015446045561918633
 8.552408503089001 0.0000013434051526927022
 8.618667535553195 0.0000011678673745180846
 8.68516287717333 0.0000010147988747163628
 8.751884253638279 8.813928445759446E-7
 8.818831664948046 7.651831009152218E-7
 8.886005111102625 6.640040639817721E-7
 8.953404592102022 5.759555055338523E-7
 9.021009559323977 4.993709448837968E-7
 9.088840561390747 4.327899030458404E-7
 9.156866775368947 3.7493319346754437E-7
 9.225108749880835 3.2468111355200807E-7
 9.293545936304154 2.81054163303276E-7
 9.362178334638903 2.43196000942762E-7
 9.431005944885085 2.1035838769031836E-7
 9.50001849273157 1.8188791773877751E-7
 9.569226252489488 1.5721434819652248E-7
 9.638608675536577 1.358402764042025E-7
 9.708176036183971 1.1733208906523553E-7
 9.777907785809413 1.013119761013556E-7
 9.84781419872403 8.745094005629279E-8
 9.917885000616694 7.546263298966985E-8
 9.988109917176278 6.509796552094891E-8
 10.058499222713909 5.6140363659835574E-8
 10.129032368607332 4.8401624750664194E-8
 10.199719629167673 4.1718282124345165E-8
 10.270550730083807 3.594842213896154E-8
 10.341505122733475 3.096890467371419E-8
 10.412603355738936 2.6672931326525194E-8
 10.483804331855673 2.296791846776335E-8
 10.555210794194972 1.977364616246646E-8
 10.626719999645552 1.7020638563402914E-8
 10.69822920509613 1.4648754632255856E-8
 10.769943896769268 1.2605958484193568E-8
 10.841761331553682 1.0847249935175643E-8
 10.91368150944938 9.33373313657247E-9
 10.985704430456355 8.031807582466177E-9
 11.057727351463331 6.912463847755944E-9
 11.129955758692867 5.9506738395400514E-9
 11.202184165922402 5.124860183928464E-9
 11.274618059374497 4.416437607906202E-9
 11.346949209715312 3.809415380154655E-9
 11.419485846278684 3.2900537187834475E-9
 11.492022482842058 2.8465674598186666E-9
 11.564661862516713 2.468870594073938E-9
 11.637301242191366 2.148356777642509E-9
 11.70994062186602 1.877712225124334E-9
 11.782682744651954 1.6507552620862196E-9
 11.855527610549165 1.4623012807445119E-9
 11.928372476446377 1.3080490382723809E-9
 12.00111459923231 1.1844866523348888E-9
 12.074062208240804 1.0888148242706601E-9
 12.146907074138017 1.018886400273821E-9
 12.219854683146508 9.731600106584112E-10
 12.29269954904372 9.506449375188257E-10
