 0. 0.
 0.0019028581025733434 0.11396339176096495
 0.00573094529235787 0.3416575544040296
 0.009604071963440288 0.5690852745020186
 0.013522785154054983 0.7927050854965707
 0.017487516736492265 1.0085050203449724
 0.021498938512092603 1.2132108372659065
 0.025557530338956344 1.4045513010020583
 0.02966382006099385 1.5811021224215205
 0.03381838350792554 1.742166884905806
 0.03802179650947183 1.8876912398621832
 0.042274682881163136 2.0181357255585586
 0.04657747449528979 2.1343166413706105
 0.050930699195762145 2.237255127472146
 0.0553353166987809 2.3280613955623846
 0.05979175887663633 2.407859257918686
 0.06430050558742881 2.4777414915816474
 0.06886203668925867 2.5387427273324263
 0.0734777917564269 2.591820761686513
 0.07814729093083321 2.6378431197723953
 0.08287149392867824 2.6775791437724377
 0.08765136046616269 2.7117027208582294
 0.09248737040138688 2.740814048919751
 0.09738048345055152 2.7654718476264524
 0.1023306996136566 2.786211031902176
 0.10733897860690277 2.803535113495579
 0.11240628014649073 2.8178972365468664
 0.11753308409052082 2.8296836860715646
 0.1227198702970934 2.839210075542956
 0.12796759848240913 2.8467334045375963
 0.13327722836266867 2.852474389195772
 0.13864875993787207 2.8566286894817416
 0.14408363278232028 2.8593484108658735
 0.14958184689601337 2.8607154560890664
 0.15514532171135267 2.8607477960973804
 0.1607735773702378 2.8594280544406363
 0.16646757358886954 2.8567334591355746
 0.1722287499415488 2.8526520755727027
 0.178057586286376 2.8471709967804024
 0.18395456248145142 2.8402592905919595
 0.1899211181010761 2.831867809259725
 0.1959572531452501 2.8219308129325262
 0.202063927330174 2.810373216212075
 0.20824258023014888 2.7971213462174425
 0.21449369170327506 2.7821009699825368
 0.22081774160765288 2.7652323409543706
 0.22721616951758336 2.7464739039318293
 0.2336894552911669 2.725864314806571
 0.24023855864460403 2.7034785264203665
 0.24686443929409554 2.679405634922543
 0.25356805695584217 2.6537872416013983
 0.26034989148794413 2.6268275792094458
 0.2672113824647025 2.5987556887089682
 0.2741530097442176 2.569812679382107
 0.2811762129007905 2.540264537315856
 0.28828147179252145 2.5103367477406464
 0.2954697461356112 2.480157463459853
 0.3027419956462604 2.4497837052209706
 0.3100996598987701 2.419208327800266
 0.31754369860934095 2.3884415486216284
 0.3250745916360733 2.357601215627687
 0.3326932986951678 2.32682064789622
 0.3404012593609255 2.29619559177386
 0.34819943334954717 2.26578229429083
 0.3560887803772333 2.2356405781625703
 0.3640702601601847 2.2058908039322813
 0.3721453122727023 2.1766498015732294
 0.38031441657288656 2.147978329030037
 0.38857901263503847 2.1199310137594254
 0.3969405400334589 2.092600423821959
 0.40539947862624837 2.0660798758638377
 0.4139572679877078 2.0403645271823865
 0.42261486783403795 2.0153365389484494
 0.4313737177395398 1.9908200499160325
 0.44023477742041395 1.9666061804692303
 0.4491994864509616 1.9424664105026055
 0.45826832468928286 1.9182462206794835
 0.46744321156777924 1.8939537566436775
 0.4767255866607517 1.8697294900456463
 0.48611544996820033 1.845646092145159
 0.4956166403549278 1.821574064614788
 0.5052281981047334 1.7972501437241972
 0.5149501232176171 1.7725216130144466
 0.5247872142745824 1.7473040475737978
 0.5347346726946258 1.721531633548224
 0.5448020956397542 1.6951826795145186
 0.5549846845289641 1.6682653928003943
 0.565287237943259 1.6407699712184616
 0.5757097558826387 1.6126055273443003
 0.5862570369281069 1.5837870703970636
 0.59692428249866 1.5546213853391133
 0.607711492594298 1.5254788168900932
 0.6186282643770278 1.496459160680052
 0.6296745978468492 1.467411263572185
 0.6408456944227591 1.438184312362977
 0.6521463526857607 1.4086211340774983
 0.6635813712168573 1.3787241022664838
 0.6751459514350459 1.348761773057603
 0.6868496905023328 1.3188822299963703
 0.698687789837715 1.2890389971935587
 0.7106602494411922 1.2593060206946254
 0.722771867893768 1.2297560181294818
 0.7350274437764458 1.2004805586789198
 0.747422178508222 1.1712147084521949
 0.7599656692511035 1.1416814702684126
 0.772653117424087 1.1121926055363276
 0.7854845230271725 1.0824735685588136
 0.7984646846413633 1.052559479075106
 0.8115984008476628 1.023249857243486
 0.824885671646071 0.9949918836981869
 0.8383216984555847 0.9672947881853983
 0.8519208770192137 0.9394713260826699
 0.865668811593948 0.9116987610062227
 0.8795846965038013 0.8841571620917451
 0.8936541360057634 0.8568520053796949
 0.9078915258428444 0.8299990890296706
 0.9222920674340409 0.803839532506841
 0.9368605593603564 0.7784609094313533
 0.9515970016217906 0.7536718027835395
 0.9665013942183439 0.7294747360637949
 0.9815833343120228 0.7060060957538973
 0.9968332247408207 0.6830729207101396
 1.0122654612477477 0.6605991690940832
 1.027870446670797 0.6386710147751606
 1.0436625767529788 0.6172872605661175
 1.0596322543322865 0.5965371041766456
 1.075784277989723 0.5766947791168885
 1.0921282448872955 0.5578789510980957
 1.1086593564440006 0.5399858250630996
 1.1253776126598383 0.5230807296665395
 1.1422926106968152 0.5073663649830796
 1.159399551973928 0.49278242531626065
 1.1767080336531834 0.47930771520567783
 1.1942132571535782 0.46703553560694894
 1.2119200210561156 0.4560982467964816
 1.2298283253607958 0.44659135957614904
 1.2479477672296257 0.4384148607700346
 1.266268749500598 0.4312513822504526
 1.2848056679167232 0.4248201525785735
 1.3035585224780015 0.4190295395578517
 1.3225225146034292 0.4138186378495038
 1.3417024428740099 0.4090394445763145
 1.36110790445175 0.40461067380221505
 1.3807341007556466 0.4005899840908064
 1.4005858303667031 0.3970578794532064
 1.420663093284919 0.39404013192057535
 1.4409754866723015 0.39148603478040866
 1.461518211947847 0.3893510381848468
 1.482296067692559 0.3876512972314871
 1.5033090539064375 0.38639367134954744
 1.5245667677514894 0.38552087695999643
 1.5460692092277144 0.38493877053434244
 1.5678115797541092 0.3845650456943695
 1.5898082750736846 0.38435874501301825
 1.6120544966054362 0.38430253585652
 1.634555042930368 0.38436352817260416
 1.6573147126294834 0.38449083092104286
 1.680333505702782 0.38464013013494763
 1.7036114221502643 0.3847844394286627
 1.7271580591339366 0.3849019269483855
 1.750978215234803 0.3849410609447222
 1.775062293290856 0.38479242305862604
 1.799424689045106 0.3843236152535885
 1.8240654024975533 0.3834612761123637
 1.8489844336481975 0.382237787351628
 1.874186581078042 0.38076745383154353
 1.8996766433680907 0.3791802859889153
 1.9254594190993464 0.3775754519859257
 1.9515301096908062 0.3760267118770199
 1.9778983123044767 0.37460904897481845
 2.004568825521361 0.37341006837142937
 2.0315416493414595 0.3724876005015346
 2.058816783764772 0.3718088691368777
 2.0864086245343088 0.3712813006212293
 2.114307574488063 0.37083884797084093
 2.1425232307880413 0.3704416669455391
 2.171055593434244 0.3699932413726346
 2.199914259588678 0.3693373310924312
 2.229099229251343 0.36839624079102073
 2.258615301003242 0.36723985184753904
 2.288467273425379 0.3659643069557975
 2.3186503479367504 0.3645634969036673
 2.3491789202803663 0.36301477792781894
 2.380048191875224 0.3614313113223066
 2.411267759883329 0.35996708772670655
 2.442837624304683 0.35861172710706823
 2.474762583720288 0.35722314654094006
 2.5070474367111477 0.3557720090134131
 2.5396969818582655 0.35442813704388965
 2.5727112191616417 0.3533831827002594
 2.6060997457832826 0.352703816070286
 2.639862561723189 0.3524024060911489
 2.67399966698136 0.35250921928146534
 2.708525457300807 0.3530153734010962
 2.743435134100525 0.35375596305579304
 2.7787382945425216 0.3544862726206806
 2.814434938626797 0.355123443590048
 2.8505298649343547 0.35579181175061136
 2.8870278720461977 0.3566455484926956
 2.9239337585433294 0.357815414394872
 2.9612523230067533 0.35926287627102327
 2.998988364017473 0.3610258943195611
 3.0371466801564915 0.3633511503190624
 3.075727271423809 0.36601971368090686
 3.114734936400428 0.36834480880157633
 3.1541792722483577 0.36960998851701277
 3.1940650775485993 0.3692107894934111
 3.2343875537201505 0.3672021583894217
 3.2751610965060203 0.3642518094723738
 3.3163905044872135 0.3614765410480579
 3.3580709790827257 0.3601112165924257
 3.4002169160355677 0.36009257368401476
 3.4428283153457393 0.36088456289152626
 3.485909975594244 0.36237342563481817
 3.529466695362085 0.36476616552428137
 3.573503273230265 0.36806222332595595
 3.6180293063607927 0.3715878046366516
 3.6630447947536666 0.37478289875413545
 3.7085545369898902 0.37753735573479985
 3.754568130231471 0.3798452317814203
 3.801085574478408 0.381262287751991
 3.848111668311706 0.3819070968846567
 3.8956560088933703 0.38275933381787036
 3.9437233948044046 0.3838948763309523
 3.9923138260448097 0.3843439322702496
 4.041436899776592 0.3839798428058093
 4.091097414580754 0.38328518383281146
 4.141300169038301 0.3826080503420545
 4.192054760311239 0.3816762085912298
 4.243356389818564 0.3794296469700699
 4.295219453303286 0.37526630180331594
 4.347648749346409 0.37058798455638586
 4.400644277947934 0.3673778666779795
 4.4542204348508685 0.3661533186038482
 4.508372421474212 0.36612132309369455
 4.563114633560972 0.3660322759812399
 4.618451869692155 0.3660843568613963
 4.674384129867759 0.36707272657361323
 4.73092101124979 0.3686909239951521
 4.788067312419254 0.37117756738173924
 4.845847026281165 0.375838352579178
 4.904197771282481 0.3830387457201451
 4.963220317624272 0.3900800808442657
 5.022866679496506 0.39428135843360046
 5.083184842709215 0.39652163795803436
 5.144078835642332 0.3985558585649608
 5.205692615725958 0.39996922587530076
 5.267930211340027 0.4000095347011208
 5.33083960829457 0.39961591983763783
 5.39442080658959 0.39959196647930373
 5.458673806225085 0.39970232204660244
 5.523598607201056 0.39955514812971726
 5.589243195327536 0.3997166744400391
 5.655607570604527 0.4012277361625268
 5.7225957614119585 0.4037478139175921
 5.790351725179933 0.40569352631875033
 5.858827476098419 0.4075735177165095
 5.9280230141674135 0.40849694177037815
 5.997890353576884 0.4056931364992959
 6.068573451756932 0.4018243927429628
 6.139928351277456 0.40069477608875553
 6.212099009568557 0.4001912594736356
 6.284989455010169 0.3986114563533178
 6.358647673412323 0.39868885381366975
 6.433073664775021 0.40090435680542313
 6.508267429098264 0.40442520610838384
 6.5842769521920825 0.40930303202980134
 6.661054248246446 0.41389784359663173
 6.738647303071387 0.414316729500181
 6.817056116666905 0.41083827988361743
 6.896232703222967 0.40748517512296994
 6.976273034359641 0.4076598723801721
 7.057081138456858 0.41253673274422314
 7.138800972944721 0.41731211259515383
 7.221288580393128 0.4186540530667755
 7.3046879182321796 0.4175194124208862
 7.38890301484181 0.4158054182277847
 7.47398185603205 0.41180648919081964
 7.559972427612936 0.40632891169176794
 7.646778757964401 0.40252145496256825
 7.734496818706511 0.40226179779394516
 7.823126609839266 0.40764965975872813
 7.912620145552634 0.4141959114998157
 8.00307339746668 0.41457059114015893
 8.094390393961339 0.41153717501130893
 8.186667106656676 0.4061482977106304
 8.27985554974266 0.4024848358334045
 8.373955723219288 0.40475916454564786
 8.469063598706631 0.40539219131498305
 8.565083204584619 0.4006260461312348
 8.662062526663286 0.39952012747572174
 8.760001564942632 0.40528002920632716
 8.858948305232694 0.41015198822872445
 8.958854761723433 0.4092470608306573
 9.059768920224887 0.4093428853497711
 9.161690780737056 0.4113525908306415
 9.264620343259935 0.4170326546727941
 9.368557607793528 0.42433134343201856
 9.473502574337836 0.43026782618102616
 9.579455242892857 0.4335380154966085
 9.68651158507866 0.43893033120349395
 9.794575629275176 0.44920949749098016
 9.90369536129244 0.4607134009472339
 10.013870781130452 0.46657205777246963
 10.12510188878921 0.46697474952260754
 10.23743667007875 0.4598144633882886
 10.350875124999073 0.45350526767763977
 10.465369267740142 0.45273396284869166
 10.580967084111991 0.4470636747627507
 10.697716559924658 0.44112667317357773
 10.81552172355807 0.43763994306644094
 10.934526532442334 0.424689913099622
 11.054587029147344 0.4139661847034949
 11.175847171103204 0.40393641155646415
 11.298210986689845 0.40146732259506435
 11.421726461717302 0.402756836038256
 11.546441581995609 0.40455828505950847
 11.672308361714729 0.40503794432714557
 11.7993747866847 0.4100381293905024
 11.927592871095488 0.4101752285149403
 12.057058586567157 0.4020126535496921
 12.187675961479643 0.3929806644181784
 12.31954096745301 0.3869730170935267
 12.45260561867723 0.37924536517816826
 12.586869915152295 0.36536836772458875
 12.722381842688247 0.3537407294460831
 12.859189387095117 0.3492871402323778
 12.997196576752835 0.3536013052922254
 13.136451397471435 0.353778750774819
 13.276953849250921 0.3580534628284037
 13.418751917901321 0.3615648293548785
 13.56184560342264 0.363840450909427
 13.706186920004843 0.36109345710767776
 13.851871839267996 0.3581352095500993
 13.998804389592035 0.3536506779235309
 14.147080542597026 0.3509113479772064
 14.296652312472931 0.33481960401642696
 14.447519699219754 0.31073752883505934
 14.599778674457564 0.294419554840982
 14.75333326656629 0.2854074969205582
 14.908231461355967 0.2775205884409546
 15.064473258826595 0.273791800171312
 15.222058658978177 0.2669130234118918
 15.381035647620743 0.2567001132396102
 15.541356238944259 0.2505630988396633
 15.703068418758761 0.23399931505420116
 15.866172187064251 0.20899345937063027
 16.030619558050688 0.17886836667789088
 16.19650650333815 0.14276504479868599
 16.363785037116592 0.10805297068300387
 16.53245515938602 0.08479668692227132
 16.70256485595647 0.07033950596710588
 16.874066141017902 0.05863164447245518
 17.046959014570323 0.046626370977372295
 17.221339448233792 0.0378311636524751
 17.397159456198285 0.03193258005706418
 17.57437105265376 0.02729524356115141
 17.75307020922029 0.023517425751125542
 17.933208940087844 0.020381143551059754
 18.11478724525641 0.017732303812571723
 18.297853110536032 0.015471233595172806
 18.482358550116672 0.013527891370157401
 18.66835154980837 0.011849447246577063
 18.855784123801083 0.010394371753814007
 19.044752243714882 0.009129179633184725
 19.235159937929705 0.008026406510583322
 19.427103178065614 0.00706323867032768
 19.620533978312576 0.006220544144762916
 19.815404352860554 0.005482154404811957
 20.011810273329623 0.0048343201192202
 20.209751739719778 0.004265289183180691
 20.409180766220985 0.003764973553618143
 20.610097352833247 0.0033246825695626256
 20.8125494853666 0.002936906142141089
 21.01653716382103 0.0025951369397042637
 21.22201240238652 0.002293724163366125
 21.4290231868731 0.002027750373769246
 21.637569517280763 0.0017929286906849396
 21.84760340779948 0.0015855159689654346
 22.059220830049316 0.0014022390360694987
 22.27232581241021 0.0012402317821123426
 22.487014326502223 0.001096981573707605
 22.70319040070529 0.0009702830575387971
 22.92090202082944 0.0008581986831055251
 23.14019717268472 0.0007590243765888403
 23.360979884651044 0.0006712602023224454
 23.583346128348495 0.0005935847393156081
 23.807247917967032 0.0005248329347157456
 24.032685253506653 0.0004639768898813021
 24.259658134967367 0.00041010908036649273
 24.488166562349164 0.0003624278322631167
 24.718210535652048 0.00032022451018520704
 24.949838040686057 0.00028287247540890656
 25.18295310583112 0.0002498173113199745
 25.4176517027073 0.00022056829737640974
 25.653837859694534 0.00019469095540486356
 25.891607548412892 0.00017180047065224724
 26.130864797242296 0.00015155592505935984
 26.371705577802828 0.00013365522972984766
 26.614033918474412 0.00011783063616814089
 26.85794579087712 0.0001038448130293545
 27.103345223390875 0.00009148736567698102
 27.35028020182572 0.00008057175211059578
 27.598702740371618 0.00007093259542695787
 27.848708810648642 0.0000624232618195211
 28.10015445522668 0.0000549137500693232
 28.353183631535842 0.00004828881152085579
 28.607652382146018 0.000042446280136509096
 28.863656678677287 0.00003729560633151547
 29.121196521129644 0.00003275653820003428
 29.380175937883017 0.000028757972273831693
 29.640642914747442 0.000025236913426492095
 29.902597451722922 0.000022137571224845808
 30.166039548809458 0.00001941054170221555
 30.430969206007045 0.00001701208992974183
 30.69733843750565 0.000014903510203975815
 30.965195229115306 0.000013050558406012475
 31.234443609215955 0.000011422946084942627
 31.505179549427652 0.000009993893816835787
 31.77735506394037 0.000008739731820332605
 32.050970152754104 0.000007639546999932289
 32.32597683005883 0.000006674868768482176
 32.60242308166457 0.0000058293902298278405
 32.8802609217613 0.000005088720053581535
 33.159490350349 0.000004440163320606951
 33.440111367427704 0.0000038725258431619955
 33.72212397299739 0.0000033759409628648607
 34.00552816705806 0.000002941716233548485
 34.29027596379967 0.000002562197255405143
 34.57631937741221 0.000002230646161301163
 34.86375437951574 0.000001941135154561598
 35.15253298430021 0.000001688451444439245
 35.442607205955596 0.0000014680130786993578
 35.733977044481904 0.0000012757946242107125
 36.02664249987913 0.0000011082612798098299
 36.32065155795731 9.623105357459382E-7
 36.615860261286336 8.352207368181461E-7
 36.91236458148628 7.246053936150051E-7
 37.21011653274711 6.28373066358083E-7
 37.50906812925878 5.446917442252108E-7
 37.80926735683134 4.719574603557615E-7
 38.110666229654754 4.087666534072475E-7
 38.413312733539044 3.5389169539701674E-7
 38.71706291105412 3.0625943043308026E-7
 39.02201273382004 2.649321622098194E-7
 39.32811421602678 2.2909101440751755E-7
 39.63536735767433 1.9802119701086386E-7
 39.94372417295267 1.7109910630290105E-7
 40.253184661861795 1.4778096121894757E-7
 40.563748824401685 1.275928245798746E-7
 40.875368674762335 1.1012183161513754E-7
 41.18804421294373 9.500850728258086E-8
 41.50177543894587 8.194000312599337E-8
 41.81656235276876 7.064419709318066E-8
 42.13230898279233 6.08844964165752E-8
 42.449111300636645 5.245530086967303E-8
 42.766825348871606 4.5178031297534176E-8
 43.085547099117285 3.889764704531774E-8
 43.4051805797536 3.34796116314601E-8
 43.725725790780565 2.8807232196644088E-8
 44.04718273219818 2.477934162269483E-8
 44.3695034181964 2.1308271206220526E-8
 44.69273583458527 1.8318085724607334E-8
 45.01678400974472 1.5743041740443093E-8
 45.34169592948478 1.3526244377593858E-8
 45.66737562218538 1.1618478420238149E-8
 45.99387107365656 9.97719067834864E-9
 46.32113429808828 8.565601819307308E-9
 46.649117309670515 7.351938751602524E-9
 46.977868094213285 6.308762949898428E-9
 47.30729068009654 5.4123893556722496E-9
 47.6374330531303 4.642380789311109E-9
 47.96824722750454 3.981111046017941E-9
 48.299637231599185 3.4133819009951283E-9
 48.63169903703431 2.9260954668270137E-9
 48.96424070056976 2.5079686871112857E-9
 49.2977420803059 2.149283156861812E-9
 49.631723318142384 1.8416752804573333E-9
 49.96570455597887 1.5779471634740867E-9
 50.300645510016025 1.3519074188835643E-9
 50.63606632215352 1.158233624819721E-9
 50.971966992391366 9.923514336855764E-10
 51.30834752072954 8.503320660017013E-10
 51.644728049067716 7.288034112388792E-10
 51.98206829360658 6.248715794175807E-10
 52.31940853814543 5.360557187449651E-10
 52.65770849888497 4.6023256933456173E-10
 52.99552860152418 3.955852916159734E-10
 53.334308420364046 3.405619611851845E-10
 53.67308823920393 2.9384097378886685E-10
 54.01234791614415 2.542988061213662E-10
 54.35160759308436 2.2098429483319893E-10
 54.690867270024576 1.9309796883448687E-10
 55.03060680506514 1.699722537910179E-10
 55.37082619820603 1.5105632885330132E-10
 55.71104559134693 1.3590643084729123E-10
 56.05078512638748 1.2417509802128835E-10
 56.39148437762873 1.1560615313443205E-10
 56.73170377076963 1.100362600175874E-10
 57.07240302201085 1.0736802680298974E-10
 57.41262241515175 1.0780045211236414E-10
