 0. 0.5117638655230708
 0.0007796325943385291 0.5177839512391691
 0.0015684363227902193 0.5238744439517271
 0.0023665184449585866 0.5300361573706885
 0.003173987460071194 0.5362699143843743
 0.003990953120962198 0.5425765471467999
 0.004817526448187918 0.5489568971857375
 0.0056538197443070275 0.5554118154943469
 0.0064999466083003376 0.5619421626418448
 0.0073560219501591795 0.5685488088642587
 0.008222162005612038 0.5752326341751016
 0.009098484351019802 0.5819945284630428
 0.009985107918419786 0.5888353916008521
 0.010882153010735748 0.5957561335499837
 0.011789741317147205 0.6027576744617478
 0.012707995928612902 0.6098409447922617
 0.01363704135356938 0.617006885404486
 0.014577003533784992 0.6242564476805843
 0.0155280098603851 0.6315905936308744
 0.016490189190043247 0.639010296006198
 0.017463671861343504 0.6465165384051166
 0.01844858971130613 0.654110315397551
 0.019445076092101603 0.6617926326259089
 0.020453265887918678 0.6695645069287184
 0.021473295532020823 0.677426966454732
 0.02250530302397645 0.685381050775347
 0.02354942794706046 0.693427811013341
 0.02460581148585184 0.7015683099492971
 0.025674596443993458 0.7098036221494838
 0.02675592726214662 0.7181348340825784
 0.027849950036123478 0.726563044248488
 0.028956812535215672 0.7350893632915967
 0.030076664220695503 0.7437149141304371
 0.03120965626451465 0.7524408320873507
 0.03235594156820039 0.7612682650000342
 0.03351567478192181 0.7701983733658939
 0.03468901232377586 0.779232330457899
 0.03587611239924995 0.788371322457692
 0.03707713502088731 0.7976165485878941
 0.03829224202815391 0.8069692212391484
 0.039521597107498904 0.8164305661032869
 0.04076536581261801 0.8260018223098725
 0.042023715584924806 0.8356842425559514
 0.04329681577421973 0.8454790932442904
 0.04458483765956974 0.8553876546174147
 0.04588795447039205 0.8654112208942105
 0.04720634140774609 0.8755511004151479
 0.048540175665846605 0.8858086157684514
 0.049889636453769017 0.8961851039458053
 0.051254905017391966 0.906681916470226
 0.05263616466153471 0.9173004195456276
 0.05403360077232229 0.9280419942003764
 0.055447400839769456 0.938908036427258
 0.0568777544805778 0.9498999573296568
 0.05832485346115558 0.9610191832754037
 0.05978889172087191 0.9722671560316378
 0.061270065395516424 0.9836453329221361
 0.06276857284099863 0.995155186972546
 0.06428461465726842 1.0067982070652075
 0.06581839371247263 1.0185758980807709
 0.0673701151673271 1.0304897810617708
 0.06893998649973815 1.0425413933585832
 0.07052821752964625 1.0547322887842565
 0.07213502044410566 1.0670640377709342
 0.07376060982260232 1.0795382275255092
 0.0754052026626089 1.09215646218692
 0.07706901840537941 1.1049203629808975
 0.07875227896197967 1.1178315683817333
 0.08045520873956412 1.1308917342710965
 0.08217803466789458 1.1441025340974715
 0.08392098622610202 1.1574656590391132
 0.08568429546969639 1.1709828181626722
 0.08746819705781829 1.184655738590599
 0.08927292828074551 1.198486165661214
 0.09109872908764356 1.212475863096414
 0.09294584211457159 1.2266266131632981
 0.09481451271273454 1.240940216843597
 0.09670498897699352 1.255418493998938
 0.09861752177462778 1.2700632835399714
 0.10055236477435446 1.284876443592745
 0.10250977447560175 1.299859851667001
 0.10449001023803847 1.3150154048326015
 0.10649333431137235 1.3303450198786708
 0.10852001186539086 1.3458506334958975
 0.11057031102027962 1.3615342024417427
 0.11264450287719266 1.37739770371503
 0.11474286154908853 1.3934431347262584
 0.11686566419182585 1.4096725134747665
 0.11901319103552893 1.4260878787217661
 0.12118572541621676 1.4426912901622109
 0.12338355380769404 1.4594848286030577
 0.1256069658537136 1.4764705961368938
 0.12785625440040344 1.4936507163157078
 0.13013171552895847 1.5110273343343006
 0.1324336485886117 1.528602617197834
 0.13476235622986052 1.5463787539060685
 0.1371181444379739 1.5643579556235874
 0.13950132256675868 1.5825424558666545
 0.14191220337261065 1.6009345106690616
 0.14435110304881832 1.6195363987715707
 0.14681834126015514 1.638350421789475
 0.14931424117772713 1.6573789044012697
 0.15183912951410786 1.6766241945161775
 0.15439333655872864 1.6960886634601005
 0.1569771962135521 1.7157747061502868
 0.15959104602901172 1.7356847412740855
 0.16223522724022368 1.755821211465684
 0.16491008480346814 1.776186583488018
 0.16761596743294743 1.7967833484027391
 0.17035322763780328 1.817614021756456
 0.17312222175941774 1.8386811437496928
 0.17592331000897155 1.8599872794199759
 0.17875685650528134 1.8815350188130078
 0.18162322931289773 1.9033269771598886
 0.1845228004804732 1.9253657950545355
 0.18745594607940053 1.9476541386262476
 0.19042304624271383 1.9701946997093134
 0.19342448520424824 1.9929901960264766
 0.1964606513380788 2.016043371351023
 0.1995319371982067 2.0393569956819166
 0.20263873955851175 2.062933865416209
 0.20578145945296814 2.0867768035162704
 0.20896050221611434 2.1108886596790883
 0.21217627752378151 2.1352723105003215
 0.2154291994340713 2.159930659647714
 0.21871968642859818 2.1848666380143826
 0.22204816145396525 2.210083203894696
 0.22541505196350778 2.2355833431371996
 0.22882078995927 2.2613700693061682
 0.2322658120342277 2.2874464238426153
 0.23575055941475648 2.3138154762214103
 0.23927547800333904 2.3404803241009593
 0.2428410184215006 2.3674440934822263
 0.2464476360529867 2.394709938854924
 0.2500957910871634 2.4222810433503508
 0.25378594856265074 2.450160618886018
 0.25751857841117626 2.4783519063071373
 0.2612941555016439 2.5068581755320496
 0.26511315968442495 2.535682725691433
 0.2689760758358606 2.5648288852612837
 0.2728833939029673 2.594300012200352
 0.2768356089483514 2.624099494077619
 0.28083322119531834 2.6542307482013836
 0.28487673607317765 2.6846972217432414
 0.2889666642627379 2.7155023918635495
 0.29310352174199195 2.746649765818165
 0.2972878298319651 2.778142881086888
 0.3015201152427592 2.809985305472611
 0.30580091011974725 2.8421806372119613
 0.3101307520899369 2.8747325050800296
 0.3145101843084936 2.9076445684854266
 0.3189397555054081 2.9409205175669975
 0.32342002003231185 2.9745640732794776
 0.32795153790942255 3.008578987488101
 0.3325348748726337 3.0429690430341974
 0.3371706024207047 3.0777380538244725
 0.341859297862586 3.112889864896873
 0.3466015443648457 3.1484283524795993
 0.3513979309991849 3.1843574240611794
 0.3562490527900611 3.22068101843699
 0.3611555107623809 3.2574031057622257
 0.36611791198927507 3.2945276875870024
 0.3711368696399257 3.3320587969051165
 0.3762130030274686 3.3700004981694494
 0.38134693765691835 3.4083568873265326
 0.386539305273147 3.4471320918260853
 0.3917907439088762 3.48633027063476
 0.3971018979326911 3.5259556142356057
 0.40247341809705306 3.566012344624843
 0.4079059615863076 3.6065047152988363
 0.41340019206467227 3.647437011230899
 0.41895677972418943 3.688813548850204
 0.42457640133264696 3.730638675994503
 0.43025974028142655 3.772916771873096
 0.43600748663329586 3.8156522470092953
 0.4418203371701132 3.8588495431786365
 0.4476989954404376 3.9025131333351344
 0.45364417180702715 3.9466475215275065
 0.4596565834942089 3.9912572428163413
 0.46573695463512343 4.036346863157906
 0.4718860163187919 4.081920979306851
 0.47810450663703496 4.127984218685957
 0.48439317073119337 4.174541239250514
 0.4907527608386417 4.221596729351485
 0.49718403633909414 4.269155407573739
 0.503687763800663 4.317222022568988
 0.510264717025664 4.36580135288099
 0.5169156770961534 4.414898206745225
 0.5236414324191621 4.46451742189439
 0.5304427787716317 4.514663865330674
 0.5373205193450046 4.565342433103312
 0.5442754647894747 4.616558050064029
 0.551308433257866 4.668315669598206
 0.5584202504491015 4.720620273371767
 0.5656117496512857 4.773476871022816
 0.5728837717843192 4.8268904998795925
 0.5802371654420811 4.880866224628962
 0.5876727869341093 4.935409136991839
 0.5951915003267835 4.990524355373223
 0.6027941774839769 5.046217024497913
 0.6104816981071522 5.102492315026691
 0.6182549497748735 5.159355423159928
 0.626114827981713 5.216811570223955
 0.6340622361765293 5.274866002234232
 0.6420980858000792 5.3335239894459905
 0.6502232963219446 5.3927908258836865
 0.6584387952767436 5.452671828848659
 0.6667455182995912 5.513172338419611
 0.6751444091607978 5.574297716912363
 0.683636419799747 5.636053348344781
 0.6922225103579565 5.698444637855333
 0.7009036492112531 5.761477011122265
 0.7096808130010646 5.825155913751342
 0.7185549866647768 5.88948681063745
 0.7275271634651196 5.954475185316431
 0.7365983450185647 6.020126539282973
 0.7457695413226848 6.086446391292215
 0.7550417707824484 6.153440276630983
 0.7644160602354045 6.221113746376673
 0.7738934449757386 6.289472366617271
 0.7834749687771397 6.358521717659635
 0.793161683914462 6.428267393198654
 0.8029546511841202 6.498714999477706
 0.8128549399232069 6.569870154406687
 0.8228636280272645 6.64173848666328
 0.8329818019666904 6.714325634763602
 0.8432105568017236 6.787637246102499
 0.8535509961959723 6.861678975975203
 0.8640042324284483 6.936456486556465
 0.8745713864040479 7.011975445863562
 0.8852535876624527 7.088241526681602
 0.8960519743853929 7.165260405462956
 0.9069676934022338 7.243037761190952
 0.918001900193832 7.321579274224767
 0.9291557588946311 7.400890625091398
 0.9404304422929172 7.480977493272966
 0.9518271318292276 7.561845555936006
 0.9633470175928228 7.643500486644174
 0.9749912983161979 7.725947954032467
 0.9867611813675741 7.809193620445062
 0.9986578827413154 7.893243140547298
 1.0106826270462301 7.978102159885434
 1.0228366474916788 8.063776313435934
 1.0351211858714724 8.150271224095928
 1.0475374925454692 8.237592501149201
 1.0600868264188377 8.32574573869792
 1.0727704549189263 8.414736514045513
 1.0855896539696743 8.504570386051297
 1.0985457079635117 8.595252893449867
 1.1116399097307015 8.686789553117064
 1.1248735605060396 8.779185858313163
 1.1382479698928787 8.872447276881402
 1.1517644558244065 8.966579249395991
 1.165424344522104 9.061587187291583
 1.1792289704513539 9.15747647092774
 1.1931796762740994 9.254252447632975
 1.2072778127985244 9.351920429690768
 1.2215247389256654 9.450485692300685
 1.2359218215929164 9.549953471475206
 1.2504704357143306 9.650328961917463
 1.265171964117689 9.751617314839725
 1.2800277974782457 9.85382363574146
 1.295039334249087 9.956952982155094
 1.3102079805880582 10.061010361322012
 1.3255351502811492 10.166000727860654
 1.3410222646623267 10.271928981354222
 1.356670752529693 10.378799963912584
 1.3724820500579298 10.48661845769603
 1.3884576007069689 10.59538918236649
 1.4045988551267818 10.705116792521032
 1.4209072710582578 10.81580587506714
 1.437384313230084 10.92746094654856
 1.4540314532515526 11.040086450433376
 1.4708501695012348 11.153686754348508
 1.4878419470114428 11.26826614727571
 1.5050082773484204 11.38382883669082
 1.5223506584881745 11.500378945662666
 1.5398705946878883 11.617920509909387
 1.5575695963528489 11.736457474797424
 1.575449179898803 11.85599369230164
 1.5935108676096827 11.976532917915486
 1.6117561874906237 12.0980788075137
 1.630186673116203 12.22063491417792
 1.6488038634738427 12.34420468495677
 1.667609302802276 12.46879145760121
 1.6866045404250416 12.59439845723631
 1.7057911305789055 12.721028792998824
 1.7251706322371634 12.848685454624608
 1.7447446089277414 12.977371308988218
 1.7645146285460271 13.107089096604003
 1.7844822631623696 13.23784142807437
 1.8046490888241677 13.369630780504725
 1.825016685352499 13.502459493862718
 1.8455866361332005 13.636329767301135
 1.8663605279023476 13.771243655440845
 1.8873399505260722 13.907203064603607
 1.9085264967746385 14.04420974900832
 1.9299217620907283 14.182265306929342
 1.9515273443518701 14.321371176805323
 1.9733448436269423 14.46152863331962
 1.9953758619267048 14.602738783435177
 2.0176220029482894 14.745002562397541
 2.040084871813602 14.888320729691674
 2.0627660748015653 15.032693864975656
 2.0856672190741663 15.178122363967994
 2.1087899123962384 15.324606434315962
 2.132135762848949 15.472146091410378
 2.1557063785369124 15.62074115419609
 2.17950336728892 15.770391240923166
 2.2035283363521967 15.921095764899897
 2.227782892080187 16.072853930194203
 2.2522686396137956 16.225664727323213
 2.276987182556058 16.379526928912068
 2.3019401226401985 16.534439085338892
 2.3271290593910567 16.690399520348112
 2.3525555897798243 16.84740632665315
 2.3782213078720913 17.00545736151751
 2.404127804469154 17.164550242322555
 2.430276666742574 17.324682342125115
 2.4566694778619693 17.48585078519358
 2.4833078166160023 17.648052442550444
 2.510193257026581 17.811283927490692
 2.5373273679562316 17.975541591110886
 2.5647117127086574 18.140821517821294
 2.592347848622465 18.307119520876252
 2.6202373266580783 18.47443113788625
 2.6483816909778164 18.6427516263519
 2.676782478519168 18.812075959191073
 2.7054412185612517 18.982398820295778
 2.7343594322845077 19.15371460008044
 2.7635386323236073 19.326017391057768
 2.792980322313622 19.499300983437877
 2.822685996429491 19.673558860735696
 2.8526571389187914 19.848784195418816
 2.882895223627885 20.02496984456394
 2.913401713521444 20.202108345573524
 2.9441780601954504 20.380191911896357
 2.975225703383679 20.559212428802923
 3.006546070457743 20.73916144920592
 3.0381405759207727 20.92003018950979
 3.070010620894772 21.101809525530463
 3.1021575926017557 21.284489988444786
 3.1345828638387214 21.46806176081095
 3.1672877924465546 21.6525146726544
 3.2002737207729726 21.837838197591772
 3.233541975129563 22.024021449057205
 3.2670938652430745 22.211053176566356
 3.3009306837010137 22.39892176209243
 3.335053705391725 22.587615216479566
 3.369464186939001 22.777121175995468
 3.4041633661314483 22.967426898908094
 3.4391524613466298 23.15851926221852
 3.4744326709702387 23.350384758446424
 3.5100051728103665 23.543009492532732
 3.5458711235070606 23.736379178864052
 3.5820316579373417 23.930479138375166
 3.6184878886158134 24.125294295804157
 3.6552409050910852 24.3208091770331
 3.6922917733381477 24.51700790658858
 3.729641535146937 24.713874205231665
 3.7672912075072302 24.911391387733513
 3.805241781990152 25.109542360727943
 3.843494224126407 25.308309620778946
 3.8820494727815724 25.507675252523416
 3.9209084395285574 25.707620927036313
 3.960072008017574 25.90812790029685
 3.9995410333437715 26.109177011871395
 4.039316341412863 26.310748683702386
 4.079398728304907 26.51282291913975
 4.119788959636617 26.715379302098793
 4.160487769922383 26.918396996416845
 4.201495861934312 27.121854745410914
 4.242813906061607 27.325730871601117
 4.284442539669508 27.530003276664864
 4.326382366458171 27.73464944155468
 4.368633955821731 27.939646426863238
 4.411197842207912 28.144970873359554
 4.454074524478459 28.350599002784943
 4.497264465270783 28.556506618814762
 4.5407680903610705 28.76266910831141
 4.584585788029298 28.96906144273456
 4.6287179084264025 29.17565817986089
 4.673164762944062 29.38243346566068
 4.7179266235873465 29.58936103650041
 4.763003722350714 29.796414221510812
 4.80839625059762 30.003565945267294
 4.854104358444209 30.21078873070247
 4.900128154147443 30.418054702246142
 4.94646770349801 30.625335589291982
 4.993123029218523 30.832602729853324
 5.040094110367278 31.039827074555664
 5.0873808817481 31.24697919083658
 5.134983233326586 31.454029267483048
 5.182901009653258 31.6609471193812
 5.231134009293959 31.867702192607776
 5.279681984267996 32.074263569735095
 5.32854463949437 32.28059997549994
 5.377721632246644 32.48667978266944
 5.427212571616738 32.69247101828024
 5.477017017988246 32.89794137009038
 5.527134482519559 33.10305819339948
 5.577564426637401 33.307788518069444
 5.628306261541043 33.51209905592851
 5.679359347717807 33.7159562084145
 5.7307229944702085 33.91932607450826
 5.782396459455187 34.12217445901245
 5.834378948235948 34.32446688105157
 5.886669613846755 34.5261685829411
 5.9392675563712345 34.72724453927497
 5.992171822534518 34.92765946638286
 6.045381405309801 35.12737783200086
 6.098895243539628 35.326363865298944
 6.152712221572456 35.52458156714419
 6.20683116891485 35.721994720696294
 6.261250859899828 35.918566902231035
 6.315970013371687 36.11426149231609
 6.370987292387853 36.30904168717964
 6.42630130393806 36.502870510442186
 6.481910598681392 36.695710825047456
 6.537813670701506 36.88752534548497
 6.594008957280472 37.07827665031202
 6.650494838691694 37.26792719485834
 6.707269638012177 37.45643932426604
 6.7643316209546684 37.64377528669723
 6.821678995719918 37.82989724686822
 6.879309912869551 38.01476729973929
 6.937222465219801 38.19834748449097
 6.995414687756536 38.3805997987152
 7.0538845575719 38.5614862127814
 7.112629993822839 38.7409686844847
 7.171648857711952 38.91900917381885
 7.230938952490834 39.09556965801782
 7.2904980234863395 39.270612146701964
 7.350323758149928 39.444098697304995
 7.410413786130496 39.615991430546856
 7.470765679370793 39.78625254619025
 7.531376952227836 39.95484433884087
 7.592245061617397 40.12172921397908
 7.653367407182907 40.28686970403447
 7.7147413314888595 40.4502284846719
 7.776364120239015 40.61176839109673
 7.8382330025194475 40.77145243455003
 7.900345151066726 40.9292438188037
 7.962697682561214 41.08510595679961
 8.025287657945729 41.239002487334645
 8.08811208276961 41.390897291762116
 8.151167907558243 41.54075451081222
 8.21445202820819 41.68853856134792
 8.277961286407859 41.83421415323621
 8.34169247008388 41.977746306119116
 8.405642313873013 42.11910036629566
 8.469807499619797 42.258242023452034
 8.53418465689966 42.3951373274841
 8.598770363567679 42.52975270516309
 8.66356114633272 42.662054976835634
 8.728553481357014 42.79201137295614
 8.793743794880934 42.91958955063786
 8.859128463872965 43.04475760998611
 8.92470381670458 43.16748411043297
 8.99046613384998 43.28773808683984
 9.056411648610377 43.40548906553979
 9.122536547862714 43.520707080185865
 9.188836972832524 43.633362687410155
 9.255309019890653 43.7434269823783
 9.32194874137367 43.85087161403529
 9.388752146427509 43.95566880025873
 9.455715201874193 44.05779134268625
 9.52283383310115 44.15721264140389
 9.590103924972892 44.25390670927841
 9.657521322764559 44.34784818614782
 9.725081833117041 44.4390123526092
 9.792781225013137 44.52737514365184
 9.860615230774462 44.61291316184552
 9.928579547078463 44.69560369037396
 9.99666983599528 44.77542470558476
 10.064881726043721 44.85235488934448
 10.13321081326607 44.92637364093305
 10.20165266232101 44.99746108865091
 10.27020280759423 45.06559810103929
 10.338856754326128 45.130766297674974
 10.407609979755946 45.192948059669845
 10.476457934281916 45.2521265396275
 10.545396042636568 45.30828567135615
 10.614419705076834 45.36141017900711
 10.683524298588075 45.4114855858822
 10.752705178101523 45.45849822278413
 10.821957677724448 45.50243523584966
 10.891277111982253 45.54328459407036
 10.960658777072034 45.58103509618441
 11.03009795212663 45.615676377246004
 11.099589900488693 45.64719891460873
 11.169129870993858 45.67559403352068
 11.238713099262446 45.70085391213351
 11.308334808998803 45.72297158614046
 11.377990213297688 45.74194095278243
 11.44767451595678 45.757756774473016
 11.517382912794709 45.77041468184892
 11.587110592973705 45.77991117633611
 11.656852740326205 45.78624363219586
 11.726604534684526 45.78941029809942
 11.796361153212978 22.894705149048992
