 0. 0.
 0.00038981665248849934 0.11259695465573993
 0.0011740328437735213 0.337415007353476
 0.0019674757555405483 0.5630874893971721
 0.002770257453220535 0.7878310546155545
 0.0035824664095221318 1.0087784156700896
 0.004404240248658791 1.2226445662465135
 0.0052356772736401255 1.4263016909546522
 0.006076885617776703 1.6171396467401646
 0.006927983244680058 1.7932347705344365
 0.007789088117961722 1.95338378933741
 0.008660328031534189 2.0970508887201995
 0.009541791458106106 2.2242662044245773
 0.010433586530988047 2.335504583075139
 0.01133590985619923 2.431564570040531
 0.012248849906448303 2.5134601287997547
 0.01317250498474488 2.5823299836170515
 0.014106973394098566 2.639365110946402
 0.015052550043538195 2.6857539316113046
 0.01600913663005416 2.7226435271714844
 0.016976929759665672 2.7511128300754595
 0.01795612603839196 2.7721587523825417
 0.01894682376924263 2.7866912431684736
 0.019949219558236902 2.795535126994089
 0.02096331340537478 2.799433621443555
 0.021989301916675478 2.7990529450955677
 0.02302738169815822 2.7949871734991967
 0.024077651052832615 2.7877628760480104
 0.025140208283708273 2.777844977814233
 0.026215249996804416 2.7656435628869898
 0.02730297279814026 2.7515207599630647
 0.028403376687715812 2.7357965367676185
 0.029516756574559898 2.7187544729435804
 0.030643112458672517 2.7006456540099237
 0.03178283755209211 2.6816898786867283
 0.03293583355180907 2.6620759051788614
 0.03410229706384261 2.6419619090562048
 0.03528252299722157 2.6214789234924156
 0.03647660965495555 2.6007372875596753
 0.03768465534005417 2.5798335038687816
 0.03890695496154625 2.5588521882701336
 0.04014350851943181 2.5378659416330938
 0.04139451261973004 2.5169367949194075
 0.042660262171469794 2.496121388244645
 0.043940855477660676 2.475475198983073
 0.045236390841312285 2.4550492691198627
 0.04654716317145347 2.4348829861353978
 0.04787327077109383 2.4150048944825526
 0.04921491024625258 2.395439651391002
 0.050572278202948955 2.3762103347762142
 0.051945571247202164 2.357331469169792
 0.053334887682021825 2.338802876939069
 0.05474052241643677 2.320616112760622
 0.05616257375345658 2.302768868508785
 0.05760133660211013 2.285272231887852
 0.059056909265407 2.2681433700201
 0.06052948834936642 2.2513922012462144
 0.06201927046000761 2.235016761145982
 0.06352655050635939 2.219008029475224
 0.06505152509444101 2.203355323728086
 0.06659429252726204 2.188059307922711
 0.06815504941084173 2.173142943228575
 0.0697340906542089 2.1586404346672556
 0.07133161286338276 2.1445686697375193
 0.07294781264438255 2.1309114827074103
 0.07458288660322747 2.1176357097318066
 0.07623712964894637 2.1047162446626055
 0.07791064008454886 2.0921474715150445
 0.07960371281906375 2.07994041126259
 0.08131664276151988 2.0681072042356434
 0.08304952821492688 2.056658967124979
 0.08480266408831354 2.0456155695263383
 0.08657624698769911 2.0349968261802847
 0.08837057182211241 2.024805334994049
 0.09018583519757267 2.0150209362026805
 0.09202233202310872 2.0056220255606116
 0.09388016060173016 1.9965954267749741
 0.0957597141454754 1.9879159438453624
 0.09766128756337333 1.9795391984434247
 0.09958488085542393 1.9714223844855279
 0.10153128044570407 1.9635393892064315
 0.10350028972819454 1.9558742528262758
 0.10549190870289532 1.948421531519942
 0.10750712039990255 1.9411805123369454
 0.1095449417891201 1.9341375643045
 0.11160733893074015 1.9272784988358926
 0.11369332879466666 1.9206010235315063
 0.11580389441099569 1.9140953653788941
 0.11793903577972722 1.9077442903202315
 0.12009973593095741 1.9015337319121437
 0.1222850118345901 1.8954621064957355
 0.12449486349062533 1.8895286514166225
 0.1267312569592553 1.8837230831398626
 0.12899419224047998 1.8780351504148067
 0.1312826863042033 1.8724545404915447
 0.13359772218052135 1.8669759784566986
 0.13594028289953022 1.8616059384590167
 0.13830938543113383 1.8563572242740831
 0.14070699583552437 1.8512366474153266
 0.14313213108260572 1.846226849450156
 0.14558479117237794 1.8412998719434304
 0.14806595913493706 1.8364365492689643
 0.15057661800037922 1.8316164862492506
 0.15311578473860832 1.8268208429716937
 0.15568542540981653 1.8220644035132472
 0.1582845569839078 1.8173782797353915
 0.1609131794608821 1.8127753876782593
 0.16357227587083553 1.8082566916546938
 0.16626282924386418 1.8038208772202478
 0.16898483957996807 1.7994794579084035
 0.1717373238490511 1.7952511785516077
 0.17452323114140159 1.7911231888847887
 0.17733961236673115 1.7870662639128225
 0.18019039964542427 1.7830628266519477
 0.18307264388719266 1.779088970083105
 0.18598929418232457 1.775114893219902
 0.18893936750072393 1.7711185359973547
 0.19192384687248681 1.7670964752562144
 0.19494273229761322 1.763064028407705
 0.19799602377610317 1.7590550844492072
 0.20108568736814889 1.7550753772328431
 0.20420975701355812 1.7510947566609254
 0.20737118180261918 1.747068275796012
 0.21056799567513992 1.7429545538384799
 0.21380314772140857 1.7387520392389693
 0.21707467188123297 1.7344928922971423
 0.2203835511847092 1.7302063648832642
 0.2237317516920295 1.7259037122202265
 0.22711829037309772 1.7215624337416522
 0.23054316722791388 1.7171539934641942
 0.2340083483166702 1.7126691962004252
 0.23751285060927055 1.7081162984147853
 0.24105864016590714 1.7035014948040363
 0.2446447339564839 1.6988383719139744
 0.24827211501109686 1.6941723016834822
 0.2519407833297461 1.6895580151382206
 0.2556527049726238 1.6850195726787491
 0.2594059138795377 1.6805695500482138
 0.2632033591407762 1.6762229487381402
 0.2670450407563392 1.6719764384915476
 0.2709299756961307 1.667791693447536
 0.2748591469902467 1.6636283836897405
 0.2788345206988795 1.659476331967117
 0.2828551137919329 1.6553239363961303
 0.2869219092995031 1.6511963116625694
 0.29103490722159003 1.6471624395995483
 0.2951960736183859 1.6432497949772404
 0.2994044254597946 1.6393871768176498
 0.3036609457759123 1.635471823414162
 0.3079656345667389 1.6314481251222304
 0.3123204578924667 1.627281341269254
 0.31672541575309565 1.6229271356548443
 0.32117952511852965 1.6183893211182518
 0.32568573507905707 1.6136917818275065
 0.3302430626045817 1.608872415650984
 0.33485249072519957 1.6039819054933286
 0.3395150024710071 1.5990378301865598
 0.34423059784200394 1.5940341996244602
 0.3489992768381903 1.588979055049226
 0.35382300551975826 1.5838811147552532
 0.3587027669168041 1.578702775218966
 0.36363659496913536 1.5733705024292417
 0.36862743876704057 1.5678877059932865
 0.3736752983105196 1.5623270792681334
 0.37878017359957256 1.5567353091337122
 0.3839430476642954 1.551100666882918
 0.38916490353478433 1.5454263025247246
 0.3944467242411354 1.5397469947216995
 0.39978752675325263 1.534046802176575
 0.40518927713132813 1.5282435848314608
 0.41065295840545785 1.5222820321620187
 0.41617857057564206 1.5161250453401214
 0.4217661136418806 1.5097685332776094
 0.4274185366944619 1.503243863035004
 0.4331338736731935 1.4965828481817085
 0.43891409063826786 1.4897896265380828
 0.4447591875896849 1.4828535259673044
 0.4506711305876368 1.4757961123646328
 0.4566499196321236 1.4686563492427915
 0.4626965377532414 1.4614763085065576
 0.46881196798108615 1.4542773350350289
 0.474995227285562 1.4469753659472662
 0.481249264756957 1.4394776729667518
 0.4875730973651753 1.431690920943969
 0.4939686911704089 1.4235025061272557
 0.5004360461726579 1.4148723428878274
 0.5069761454020185 1.4058307337193072
 0.5135899718885866 1.396506980179876
 0.5202785086624583 1.3870774124030971
 0.5270417557236338 1.3776346658993863
 0.533881679132305 1.3681454492219887
 0.5407982788884722 1.3585753783986494
 0.5477915549921353 1.3489574434191576
 0.5548644565335826 1.3392700963193547
 0.562016000482718 1.3294817631621278
 0.5692481528997336 1.3194968895421266
 0.5765609137846296 1.309187654909009
 0.5839552661675019 1.2985439827693974
 0.5914321930784467 1.287610836073132
 0.5989926775475601 1.2763095862541942
 0.6066377026049383 1.2646166486072974
 0.6143682512806772 1.2526668231351141
 0.622185306604873 1.2407072586528902
 0.6300888685775257 1.2289862943698557
 0.6380799202287313 1.2174173914797364
 0.6461604276186822 1.2057554403290407
 0.6543313737774744 1.1937328409030974
 0.6625917756750118 1.1811599461403195
 0.6709445824015827 1.1679801465956252
 0.6793907769872832 1.1542050961083068
 0.6879293764020172 1.1400012673087951
 0.6965633297360729 1.125510631717046
 0.7052926369894505 1.1107380916348364
 0.7141182811922461 1.0955673147644
 0.7230412453745556 1.0799328837858129
 0.7320625125664751 1.063890445191209
 0.7411840488281972 1.0475177213185425
 0.7504058541597214 1.0309397443402497
 0.7597289115911441 1.0140933773642133
 0.7691551871826573 0.9967875170412837
 0.7786846809342611 0.978799401452041
 0.7883183758760519 0.9600669880213517
 0.7980582380682214 0.9406904895400527
 0.8079052505408658 0.9206711169932742
 0.8178594132939854 0.9000300938070603
 0.8279226923877722 0.8787810171459991
 0.8380960708523222 0.8569901077431535
 0.8483805317177318 0.8347418811292304
 0.858778041044193 0.8119394180018022
 0.8692876158016096 0.7886722308685223
 0.87991220508027 0.7650290899718261
 0.8906527919102705 0.7409234682335774
 0.9015093762916109 0.7162795942913871
 0.9124849073145793 0.691250037101855
 0.92357840194908 0.6659432502667589
 0.9347928092854012 0.6402858735220393
 0.946129112353639 0.6144009974892685
 0.9575873111537931 0.5885778567927311
 0.969169371746056 0.5627827798350603
 0.9808762771605238 0.5370249424244106
 0.992712942547677 0.5117717944576201
 1.004666588516266 0.48702775997317593
 1.0167578586983093 0.4624073374806794
 1.0289769227928458 0.43817945106199796
 1.0413336111008364 0.4148668198875572
 1.0538082630203591 0.39235220661923265
 1.066430369454297 0.3703115190794571
 1.079180269800728 0.3488369489181713
 1.0920677943606132 0.3281781675033905
 1.1050929431339527 0.3085088286157282
 1.118255716120746 0.28980955415736165
 1.1315561133209937 0.27215756386070356
 1.1450039650356565 0.25556073131797175
 1.1585992712647344 0.2398056439287331
 1.1723223714063056 0.22504758653290405
 1.1862027563632527 0.21150329951575936
 1.200230595834615 0.19895818949014682
 1.2144058898203927 0.18730988034850604
 1.2287188080196245 0.17654931717886216
 1.2431988413351933 0.16665088970084713
 1.2578164988642166 0.1578370397546431
 1.2726012715095767 0.1503893766435665
 1.2875334986693523 0.14409886200013458
 1.3026230106445038 0.13869697886669674
 1.3178698074350315 0.13407938171095818
 1.3332738890409355 0.13021579236199732
 1.3488450857631766 0.12708666515717396
 1.364573567300794 0.12445235332404049
 1.3804691639547484 0.12203348772533378
 1.39653187572504 0.11995328994626168
 1.412751872310708 0.1182262095453001
 1.4291488143136741 0.11663617105851785
 1.4457030411320162 0.11498607694096591
 1.4624440436686177 0.11316997226126296
 1.4793423310205953 0.1112114626308539
 1.496427394090832 0.10924968154231533
 1.5136795722774061 0.1074469212731316
 1.531108695881278 0.10587063565934071
 1.5487245952034094 0.10453152037852288
 1.566507609641878 0.1033883810895094
 1.5844773997986057 0.10245440554074386
 1.6026339656735928 0.10184880084141454
 1.6209674769658782 0.10155707696460761
 1.6394975942773835 0.10141887811434988
 1.658204657006187 0.10129249987595285
 1.6771083257542108 0.10117323582030016
 1.6961987702204937 0.10123040060238961
 1.7154759904050358 0.10164889959504692
 1.7349596469097595 0.10249722860585152
 1.754630079132742 0.10378230823860761
 1.7744971173749449 0.1054340955982049
 1.794560761636368 0.10718243900899971
 1.8148308422179722 0.10877669615763683
 1.8352975288187967 0.11025985012667477
 1.8559706517398025 0.11177695924437431
 1.8768502109809895 0.11338460529313113
 1.8979362065423575 0.11494673135455899
 1.919228638423907 0.11624259692248026
 1.9407275066256375 0.11731560447012346
 1.9624328111475495 0.11842234845739151
 1.9843642125915648 0.11951478885866948
 2.006502050355761 0.12019665923749671
 2.0288561547410997 0.12035876598359861
 2.0514265257475803 0.12025485546026578
 2.0742131633752035 0.12019549484580183
 2.09722589792493 0.12024369303006971
 2.1204647293967596 0.1203809607369449
 2.1439198274897313 0.12067163098924183
 2.1676010225048064 0.12126600809506516
 2.1915181447429455 0.12220619376046127
 2.215651533602227 0.12296548528713487
 2.2400306799855336 0.12286697456717084
 2.264626092989983 0.12194507885382541
 2.2894672635184574 0.1208974178845302
 2.3145345309690346 0.12031241719923168
 2.339837725642677 0.120249530517139
 2.365386677840344 0.12039105341709681
 2.391171557261075 0.1204894334862361
 2.417202194205832 0.12037743247570347
 2.443468758373653 0.12018704480054454
 2.46999091036646 0.12031025682916253
 2.4967489895823314 0.1207952098706628
 2.5237626566231888 0.12108451975788719
 2.551022081188072 0.12101560222566257
 2.57852726327698 0.12055054323122083
 2.6062880331908747 0.11941117567639298
 2.6343142212307167 0.11777342166221104
 2.6625861667945836 0.11572239792148235
 2.6911137001834367 0.11305333215547136
 2.7198968213972767 0.1106512511233254
 2.7489453607370637 0.10941601101556425
 2.7782593182027977 0.10895145542946175
 2.8078288634935182 0.10853457261970285
 2.837673657211147 0.10825572226926308
 2.8677740387537622 0.10753017697469437
 2.898149668723286 0.1054926062789611
 2.9287907168187566 0.10268744339955291
 2.9596971830401744 0.09907053303703424
 2.990888727989462 0.09503247931878497
 3.0223456910646966 0.09150975901835118
 3.0540779025668394 0.08863637331331603
 3.0860853624958904 0.08653650260750541
 3.11836807085185 0.08502014160764206
 3.150935857935679 0.08447979891492868
 3.1837788934464157 0.08625502524673294
 3.2169070076850224 0.0896140173982408
 3.2503202006514984 0.09243810119677251
 3.284008642044882 0.09271584997044564
 3.3179919924670966 0.09085145138088126
 3.3522604216171805 0.08833527293544352
 3.3868139294951334 0.08428364895153492
 3.421662346401917 0.07936397676376201
 3.456795842036569 0.0751057633575479
 3.4922144163990914 0.07080972219506684
 3.5279377300914043 0.06556047728574219
 3.563955952812548 0.06015972479319809
 3.600259254261561 0.05593665434480892
 3.636867295040365 0.053322253001569724
 3.6737702448480003 0.05178794700041623
 3.710968103684465 0.05040384390926445
 3.748470701850721 0.04911999160094462
 3.7862682090458075 0.047709096023395764
 3.8243704555706857 0.045987253847823074
 3.8627676111243936 0.04429461483093561
 3.9014793363088542 0.04329008212959965
 3.9404859705221456 0.04316480321467391
 3.9798071743661887 0.04266065594043322
 4.019433117540023 0.04021860969824807
 4.059353969742688 0.03577540825008684
 4.099589391576106 0.031069752349072905
 4.140139383040275 0.02602842961260878
 4.1809941138342355 0.02033296569558223
 4.222153583957988 0.015984631728619997
 4.263627623712493 0.01349679379322777
 4.305416233097749 0.011568390767446955
 4.347509581812798 0.00963136756723093
 4.389917500158599 0.007877650689209766
 4.4326399881351515 0.006476986036419823
 4.475667215441496 0.005396187090962302
 4.519018842679554 0.004548426863260411
 4.562675209247403 0.003866884186434496
 4.606655975746965 0.0033080854994347827
 4.650941481576319 0.0028433676716085876
 4.6955415570364245 0.002452870365702892
 4.740466032428244 0.002122177842755505
 4.785695247149855 0.001840435264964586
 4.831248861803179 0.001599236944941002
 4.877117046087255 0.0013919329285230376
 4.923299800002084 0.0012131745570529721
 4.969797123547665 0.001058603530705044
 5.016609016723999 0.0009246312337219861
 5.0637354795310845 0.000808277246742738
 5.111186342269884 0.000707048538685764
 5.1589419443384745 0.000618846697630684
 5.207021946338779 0.0005418961179232699
 5.255406687668874 0.00047468722698289104
 5.304115828930683 0.000415931271858082
 5.353129709522282 0.0003645239481831756
 5.402467990045595 0.00031951585576365995
 5.4521110098987 0.0002800883558970777
 5.502078429683518 0.0002455336929176279
 5.552350588798127 0.00021523853771341758
 5.602937317543488 0.00018867026540564586
 5.653828785618641 0.00016536547290230697
 5.705044653625508 0.00014492032389851412
 5.756555430661205 0.0001269823812055929
 5.808390607628615 0.00011124366534398843
 5.860520693624855 0.00009743476077436549
 5.912965349251849 0.00008531974880075378
 5.9657245745095935 0.00007469188836358106
 6.018778708796169 0.00006536986403084588
 6.072137582412536 0.00005719457611462299
 6.125801195358693 0.0000500263478338304
 6.179769547634643 0.00004374250565266121
 6.234042639240383 0.000038235275616933995
 6.288610639874954 0.000033409953718889234
 6.343483379839316 0.000029183302659502995
 6.398641198531548 0.000025482160638821148
 6.454103756553572 0.000022242214661782813
 6.509861223604425 0.0000194069326049768
 6.565913599684109 0.000016926624203284452
 6.62225105449166 0.000014757616019876673
 6.678883418328044 0.000012861529052543236
 6.735800860892297 0.00001120464148966952
 6.793003382184418 0.000009757329986244145
 6.85049098220441 0.000008493577464126879
 6.908263660952271 0.000007390539489590697
 6.9663214184280005 0.000006428163336668695
 7.024654424330639 0.000005588851346256831
 7.0832528483592245 0.000004857166260271213
 7.1421363511156795 0.000004219569851868497
 7.201295102299042 0.0000036641936019451295
 7.260719271608353 0.0000031806368031179454
 7.320408859043609 0.000002759788191735558
 7.380363864604815 0.0000023936694194878395
 7.440594118592928 0.0000020752967367411368
 7.501070130105067 0.000001798559911206692
 7.561811559743153 0.0000015581148491474264
 7.622808577206225 0.0000013492896852343822
 7.684051352193322 0.0000011680019372876986
 7.745549715005406 0.0000010106857519100558
 7.807293835341515 8.742278926775178E-7
 7.869293543502609 7.559115427624397E-7
 7.931519348585808 6.533667212851182E-7
 7.993990911193032 5.645272139924244E-7
 8.05669840102332 4.875922350208441E-7
 8.119641818076671 4.209931436861488E-7
 8.182811332052127 3.633641237900604E-7
 8.246206942949687 3.13516498249399E-7
 8.309828650769347 2.704162120153303E-7
 8.373666625210152 2.331641657582203E-7
 8.4377208662721 2.009789350020564E-7
 8.501991373955187 1.7318166414786707E-7
 8.566478148259419 1.4918289521059456E-7
 8.63116152858287 1.2847101025454335E-7
 8.696061175527463 1.1060215104933732E-7
 8.761147598190316 9.519142186255164E-8
 8.82644045717335 8.190519377752068E-8
 8.891920091874642 7.045440714521658E-8
 8.957586502294195 6.058872967578514E-8
 9.023439688432006 5.209145319610636E-8
 9.089469819987116 4.4775059379017066E-8
 9.155686727260486 3.847735584287497E-8
 9.222070749650191 3.30581140848328E-8
 9.288631717457195 2.8396143698749918E-8
 9.355349970079576 2.43867488641884E-8
 9.422235337818293 2.0939520202446562E-8
 9.489277990372386 1.7976415624507034E-8
 9.556468097440895 1.5430094241668628E-8
 9.62381548932478 1.3242470290692471E-8
 9.69130050542212 1.1363460313173793E-8
 9.758932976033874 9.749896445897588E-9
 9.826703070859082 8.364584997843007E-9
 9.894591129295824 7.175490342705884E-9
 9.962616811946019 6.155029597995709E-9
 10.030740797605823 5.279461379049509E-9
 10.099061389284847 4.528357999690508E-9
 10.167480283973484 3.884149604497856E-9
 10.23589917866212 3.3317283206238505E-9
 10.304514679369975 2.8581079389408967E-9
 10.37322848308744 2.452130375620159E-9
 10.442040589814516 2.1042106214026903E-9
 10.5109509995512 1.8061188567289228E-9
 10.579861409287886 1.550792270203035E-9
 10.648968425043794 1.3321710030163855E-9
 10.718075440799698 1.1450586009753764E-9
 10.787379062574825 9.850028948662265E-10
 10.856584381340342 8.481895972689182E-10
 10.925986306125077 7.313570700113247E-10
 10.995388230909814 6.317187608130026E-10
 11.064888458704162 5.468973609837298E-10
 11.134388686498507 4.748721641196579E-10
 11.203888914292852 4.1393150800450405E-10
 11.273487445096812 3.626392078045391E-10
 11.343184278910377 3.1980324046280826E-10
 11.412881112723943 2.844595287793662E-10
 11.482479643527899 2.5586367797481845E-10
 11.552274780351077 2.3348994695462396E-10
 11.621971614164645 2.1704116527262824E-10
 11.69176675098782 2.0646161121362661E-10
 11.761463584801387 2.0200023772781632E-10
