 0. 0.5442312285148945
 0.001687979081148388 0.5506332409775923
 0.003395814544194915 0.5571101272028998
 0.005123738616432669 0.5636627525242099
 0.0068719862090592795 0.5702919920355889
 0.008640794947450467 0.5769987306846318
 0.0104304052017216 0.5837838633873812
 0.012241060117645666 0.5906482951257714
 0.014073005647873496 0.5975929410653181
 0.01592649058351899 0.6046187266516306
 0.01780176658604371 0.611726587728108
 0.019699088219506482 0.6189174706398053
 0.021618712983135183 0.6261923323492912
 0.023560901344257857 0.6335521405478647
 0.02552591677157877 0.6409978737631475
 0.02751402576878817 0.6485305214813264
 0.029525497908551232 0.6561510842556627
 0.03156060586683349 0.6638605738259816
 0.033619625457596926 0.6716600132345344
 0.035702835667855405 0.6795504369454972
 0.03781051869310072 0.6875328909589682
 0.03994295997308223 0.6956084329424506
 0.04210044822799434 0.7037781323383956
 0.04428327549499741 0.7120430704956807
 0.04649173716514665 0.7204043407909514
 0.04872613202069717 0.7288630487481746
 0.05098676227277997 0.7374203121755413
 0.05327393359950247 0.7460772612786425
 0.055587955184400115 0.7548350387964639
 0.05792913975530974 0.763694800125513
 0.06029780362362796 0.7726577134568138
 0.0626942667239944 0.7817249598963375
 0.06511885265434858 0.7908977336029018
 0.06757188871641431 0.8001772419260569
 0.07005370595661194 0.8095647055247074
 0.0725646392073384 0.8190613585206268
 0.07510502712872347 0.8286684486216592
 0.0776752122507681 0.8383872372632754
 0.08027554101592176 0.8482189997492711
 0.0829063638220963 0.858165025386871
 0.08556803506609875 0.8682266176283441
 0.08826091318750327 0.8784050942162073
 0.0909853607129737 0.8887017873212101
 0.09374174430101385 0.8991180436893423
 0.09653043478717388 0.9096552247843753
 0.09935180722969872 0.9203147069331303
 0.10220624095562707 0.9310978814799156
 0.10509411960736943 0.9420061549207005
 0.10801583118970222 0.9530409490687
 0.11097176811727553 0.9642037011903589
 0.11396232726254266 0.9754958641644063
 0.11698791000418282 0.9869189066345175
 0.12004892227599756 0.9984743131581614
 0.12314577461626869 1.0101635843620531
 0.1262788822175984 1.021988237105762
 0.12944866497725682 1.0339498046251308
 0.1326555475479745 1.0460498366995845
 0.1358999593892536 1.0582898998065788
 0.13918233481915826 1.070671577286243
 0.14250311306661576 1.083196469491982
 0.1458627383241844 1.0958661939644303
 0.14926165980136133 1.1086823855866654
 0.1527003317783715 1.1216466967488643
 0.15617921366046741 1.1347607975146485
 0.15969877003274488 1.1480263757866147
 0.163259470715472 1.1614451374736083
 0.16686179081993713 1.1750188066552898
 0.1705062108048072 1.1887491257541638
 0.17419321653301956 1.2026378557044732
 0.1779232993291977 1.216686776121752
 0.1816969560375929 1.2308976854761167
 0.18551468908056323 1.2452724012609577
 0.18937700651757594 1.2598127601709628
 0.19328442210476177 1.2745206182723416
 0.1972374553549975 1.2893978511811732
 0.20123663159854147 1.3044463542352842
 0.20528248204420213 1.3196680426744285
 0.20937554384106574 1.3350648518160364
 0.21351636014076888 1.3506387372350717
 0.2177054801603289 1.3663916749409584
 0.22194345924552306 1.3823256615565582
 0.22623085893482298 1.3984427145057874
 0.2305682470239108 1.414744872182855
 0.2349561976307203 1.431234194146131
 0.23939529126107933 1.4479127612938356
 0.2438861148748972 1.4647826760497056
 0.2484292619529278 1.4818460625441123
 0.2530253325640947 1.499105066802466
 0.25767493343340037 1.516561856929225
 0.26237867801040604 1.5342186232906714
 0.26713718653827906 1.5520775787044787
 0.27195108612342733 1.5701409586243555
 0.27682101080570726 1.5884110213248412
 0.28174760162920404 1.6068900480963524
 0.2867315067136179 1.6255803434233607
 0.2917733813262019 1.64448423518032
 0.29687388795430825 1.663604074812689
 0.3020336963784957 1.6829422375356446
 0.3072534837462533 1.7025011225104494
 0.3125339346462711 1.7222831530459146
 0.3178757411833361 1.74229077677659
 0.32327960305378034 1.7625264658634048
 0.32874622762155153 1.7829927171718214
 0.3342763299948364 1.8036920524695839
 0.3398706331032971 1.8246270186124678
 0.3455298677758839 1.8458001877343724
 0.3512547728192374 1.8672141574352736
 0.35704609509667373 1.8888715509746736
 0.3629045896077698 1.910775017452351
 0.3688310195685089 1.932927232006418
 0.374826156492041 1.9553308959929985
 0.38089078027000006 1.977988737180929
 0.3870256792544253 2.0009035099337935
 0.393231650340247 2.024077995398386
 0.39950949904835675 2.04751500169339
 0.40586003960926353 2.0712173640928864
 0.41228409504731783 2.095187945206724
 0.4187824972654964 2.1194296351756248
 0.42535608713079115 2.143945351843553
 0.4320057145601333 2.168738040943962
 0.4387322386068951 2.1938106762831424
 0.44553652754795975 2.2191662599180644
 0.45241945897134367 2.244807822336412
 0.45938191986437643 2.2707384226310507
 0.46642480670242237 2.296961148684439
 0.4735490255381737 2.323479117331644
 0.4807554920914498 2.350295474547374
 0.48804513183957593 2.377413395608612
 0.49541888010826696 2.4048360852664112
 0.5028776821630435 2.4325667779171236
 0.5104224933011796 2.4606087377694807
 0.5180542789441678 2.488965259003775
 0.5257740147306791 2.517639665940968
 0.5335826866100464 2.546635313198153
 0.5414812909362305 2.5759555858510925
 0.5494708345622906 2.6056038995880186
 0.5575523349353307 2.6355837008600966
 0.5657268201919146 2.665898467036082
 0.573995329253958 2.6965517065503586
 0.5823589119250826 2.727546959044354
 0.5908186289874061 2.7588877955127007
 0.5993755522987879 2.7905778184387944
 0.6080307648904932 2.8226206619320724
 0.6167853610652847 2.85501999185986
 0.6256404464959217 2.8877795059807916
 0.6345971383240738 2.920902934058324
 0.6436565652595874 2.954394037997325
 0.6528198676801733 2.988256611949517
 0.6620881977314248 3.0224944824311355
 0.671462719427198 3.0571115084343026
 0.6809446087503387 3.092111581528114
 0.6905350537537225 3.1274986259614925
 0.7002352546616144 3.1632765987542726
 0.7100464239713103 3.1994494897978147
 0.7199697865550908 3.2360213219247624
 0.7300065797623915 3.272996151003987
 0.7401580535222673 3.310378066010633
 0.7504254704460748 3.348171189088871
 0.7608101059303487 3.3863796756264213
 0.7713132482599091 3.4250077143040234
 0.7819361987111231 3.464059527151766
 0.7926802716553403 3.503539369586419
 0.8035467946624445 3.543451530463286
 0.8145371086045662 3.5838003320925838
 0.8256525677598457 3.6245901302762027
 0.8368945399163107 3.6658253143178485
 0.8482644064757843 3.70751030703766
 0.8597635625578398 3.7496495647716364
 0.8713934171037526 3.7922475773682134
 0.883155392980442 3.835308868174401
 0.8950509270843695 3.8788379940111244
 0.9070814704453615 3.9228395451507914
 0.9192484883303613 3.967318145267015
 0.9315534603470267 4.0122784513952325
 0.9439978805472031 4.0577251538715196
 0.9565832575302097 4.103662976266881
 0.9693111145459194 4.150096675308827
 0.9821829895975971 4.197031040792287
 0.9952004355444607 4.244470895491515
 1.0083650202039696 4.292421095036532
 1.0216783264537292 4.340886527809652
 1.0351419523330756 4.389872114806974
 1.0487575111442289 4.439382809494151
 1.0625266315530018 4.489423597660871
 1.0764509576890533 4.539999497248832
 1.0905321492456135 4.591115558174078
 1.1047718815786518 4.642776862141113
 1.119171845805474 4.694988522429865
 1.1337337489026544 4.747755683688846
 1.1484593138033294 4.801083521692974
 1.1633502794937376 4.854977243107025
 1.178408401109028 4.909442085225548
 1.1936354500282602 4.964483315686985
 1.2090332139685198 5.0201062322045
 1.224603497078196 5.076316162238044
 1.2403481200292452 5.133118462694428
 1.256268920108522 5.190518519574777
 1.2723677513080178 5.248521747629358
 1.2886464844140293 5.307133589985421
 1.3051070070951716 5.366359517759794
 1.3217512239891902 5.426205029650724
 1.3385810567885073 5.4866756515163315
 1.3555984443244602 5.547776935934736
 1.3728053426501763 5.609514461739522
 1.3902037251220056 5.671893833541862
 1.4077955824794728 5.734920681230124
 1.4255829229236767 5.798600659446291
 1.443567772194065 5.862939447054758
 1.4617521736435626 5.927942746567799
 1.4801381883119176 5.993616283576564
 1.4987278949972824 6.059965806132736
 1.5175233903258762 6.126997084130859
 1.5365267888197336 6.194715908657248
 1.5557402229624315 6.2631280913110725
 1.5751658432627127 6.332239463515082
 1.5948058183159695 6.402055875790221
 1.614662334863478 6.47258319701292
 1.634737597849331 6.543827313640103
 1.6550338304749634 6.615794128921051
 1.6755532742512358 6.688489562067935
 1.6962981890479454 6.7619195474138785
 1.7172708531407237 6.836090033529393
 1.7384735632551964 6.911006982329589
 1.7599086346083712 6.986676368136238
 1.7815784009471196 7.063104176722029
 1.803485214583692 7.140296404322261
 1.8256314464281682 7.218259056614239
 1.8480194860177437 7.296998147676879
 1.8706517415427866 7.376519698905063
 1.8935306398695297 7.456829737906858
 1.9166586265593408 7.53793429736065
 1.9400381658844486 7.619839413844741
 1.9636717408400393 7.702551126628963
 1.9875618531526034 7.786075476446281
 2.0117110232844753 7.870418504208128
 2.036121790434385 7.955586249714772
 2.060796712534014 8.041584750303988
 2.085738366240355 8.128420039482101
 2.1109493469238303 8.21609814551409
 2.1364322686520354 8.304625089975012
 2.162189764168988 8.394006886273925
 2.188224484869801 8.484249538122272
 2.2145391007706072 8.575359037991134
 2.241136300473692 8.667341365505916
 2.268018791127654 8.760202485815027
 2.295189298382504 8.85394834792209
 2.322650566339589 8.94858488296626
 2.350405357496183 9.044118002472436
 2.3784564526846568 9.140553596564043
 2.406806651006092 9.23789753211899
 2.4354587697581906 9.336155650901397
 2.4644156443573766 9.43533376764584
 2.4936801282549657 9.53543766808786
 2.5232550928472195 9.63647310697477
 2.5531434273792337 9.738445806007322
 2.5833480388424435 9.841361451759658
 2.613871851865672 9.945225693537562
 2.6447178085995406 10.050044141210224
 2.6758888685941558 10.155822362973629
 2.707388008669851 10.262565883093677
 2.7392182227809387 10.37028017958624
 2.7713825218722583 10.478970681854284
 2.803883933728401 10.588642768290603
 2.8367255028154985 10.699301763806375
 2.869910290115342 10.810952937351331
 2.9034413729518156 10.923601499348413
 2.9373218448093703 11.037252599101
 2.971554815143455 11.151911322159563
 3.0061434091827848 11.267582687611197
 3.041090767723194 11.384271645350278
 3.076400046913034 11.501983073287228
 3.1120744180299065 11.62072177450472
 3.1481170672485788 11.74049247437368
 3.184531195399956 11.861299817612354
 3.2213200177209282 11.983148365304418
 3.2584867635949712 12.106042591856712
 3.2960346762833117 12.22998688191412
 3.3339670126465224 12.354985527229129
 3.372287042856408 12.48104272347042
 3.410998050097994 12.608162566990146
 3.450103330261488 12.736349051538069
 3.4896061916240493 12.86560606492521
 3.5295099545212114 12.995937385648094
 3.5698179510078334 13.127346679443274
 3.6105335245083654 13.25983749581556
 3.6516600294563464 13.393413264498664
 3.6932008309229247 13.528077291879432
 3.7351593042342848 13.663832757368777
 3.777538834577824 13.800682709721732
 3.8203428165969098 13.938630063316571
 3.8635746539741 14.077677594377743
 3.9072377590026472 14.217827937163367
 3.951335552146177 14.359083580093504
 3.9958714615863604 14.50144686183976
 4.040848922758456 14.644919967372426
 4.086271377874591 14.789504923954267
 4.132142275434621 14.935203597095482
 4.178465069724437 15.082017686468266
 4.225243220301608 15.229948721768814
 4.272480191468184 15.37899805854904
 4.320179451730574 15.52916687399992
 4.368344473246346 15.680456162700917
 4.416978731257835 15.832866732320303
 4.466085703512434 15.986399199290865
 4.515668869669448 16.14105398443632
 4.565731710693408 16.29683130857751
 4.616277708233735 16.453731188081687
 4.667310343990616 16.611753430407173
 4.718833099067055 16.77089762958504
 4.770849453306907 16.931163161702628
 4.823362884618911 17.092549180332274
 4.876376868286537 17.25505461194742
 4.929894876263624 17.41867815130599
 4.983920376455693 17.58341825681909
 5.038456831986894 17.749273145886004
 5.093507700452492 17.916240790217937
 5.149076433156844 18.084318911138734
 5.2051664743368 18.253504974871483
 5.261781260370486 18.423796187814276
 5.318924218971438 18.595189491793118
 5.376598768368006 18.76768155932167
 5.434808316468061 18.94126878883531
 5.493556260008915 19.115947299936586
 5.552845983692503 19.291712928622623
 5.612680859305753 19.468561222531903
 5.673064244826217 19.646487436171657
 5.733999483512902 19.825486526168483
 5.795489902982363 20.005553146511716
 5.857538814270058 20.18668164382843
 5.920149510877028 20.36886605264928
 5.983325267801908 20.552100090703707
 6.04706934055834 20.736377154239857
 6.111384964177874 20.921690313353306
 6.176275352198374 21.108032307358798
 6.241743695638079 21.295395540171143
 6.3077931619553285 21.483772075750107
 6.374426893994161 21.67315363354948
 6.441648008915804 21.86353158402445
 6.509459597116224 22.05489694418695
 6.577864721129889 22.247240373191865
 6.646866414519852 22.440552167997925
 6.716467680754362 22.634822259060165
 6.786671492070125 22.83004020609787
 6.857480788322436 23.026195193932168
 6.928898475822397 23.223276028364054
 7.000927426161362 23.421271132161323
 7.07357047502292 23.620168541085516
 7.146830420982563 23.819955900038085
 7.220710024295406 24.020620459246203
 7.295212005672064 24.22214907059671
 7.370339045043172 24.424528183995612
 7.446093780312605 24.62774384389366
 7.522478806099922 24.83178168586792
 7.599496672472214 25.036626933327895
 7.677149883665731 25.242264394351196
 7.7554408967976896 25.448678458602206
 7.834372120568537 25.655853094413068
 7.913945913955146 25.86377184595567
 7.994164584895256 26.072417830583568
 8.075030388963647 26.281773736269088
 8.156545528040388 26.491821819237806
 8.238712148971734 26.70254390168487
 8.321532342223943 26.91392136971992
 8.405008140530722 27.12593517139199
 8.489141517534543 27.338565814950954
 8.573934386422575 27.551793367216398
 8.65938859855754 27.765597452176966
 8.745505942104243 27.97995724970244
 8.8322881406521 28.194851494513728
 8.919736851834468 28.41025847528729
 9.007853665945204 28.626156033971014
 9.09664010455309 28.84252156531376
 9.186097619114824 29.059332016571283
 9.276227589587062 29.276563887457492
 9.367031323038349 29.49419323026975
 9.458510052261403 29.71219565027706
 9.550664934386626 29.930546306290296
 9.643497049497379 30.149219911508627
 9.737007399247874 30.3681907345423
 9.831196905484244 30.587432600745124
 9.926066408869755 30.806918893714172
 10.021616667514644 31.0266225571186
 10.117848355611665 31.24651609669533
 10.214762062077783 31.46657158259136
 10.312358289203178 31.686760651882057
 10.410637451308022 31.90705451142163
 10.50959987340811 32.127423940940446
 10.609245789890114 32.347839296384215
 10.709575343197164 32.56827051360061
 10.810588582525886 32.78868711222696
 10.912285462535491 33.009058199936085
 11.014665842070027 33.22935247690266
 11.117729482894495 33.44953824062835
 11.221476048445922 33.669583390992955
 11.3259051026001 33.88945543566883
 11.43101610845513 34.109121495762444
 11.53680842713245 34.32854831184289
 11.643281316596557 34.54770225017993
 11.75043393049411 34.76654930937898
 11.858265317013561 34.98505512724231
 11.966774417766114 35.203184988021924
 12.075960066689147 35.42090382988566
 12.185820988972807 35.638176252790956
 12.296355800011023 35.85496652661304
 12.407563004377728 36.07123859958168
 12.519440994829244 36.286956107085146
 12.631988051333982 36.50208238070957
 12.745202340130177 36.71658045767067
 12.859081912812863 36.93041309047788
 12.973624705450845 37.14354275699149
 13.08882853773484 37.35593167070695
 13.204691112157535 37.56754179141846
 13.32121001322671 37.77833483613328
 13.438382706712208 37.98827229033953
 13.556206538927869 38.19731541951622
 13.674678736049145 38.405425281018175
 13.793796403467585 38.612562736165806
 13.913556525182823 38.81868846272126
 14.033955963233256 39.02376296757626
 14.154991457166068 39.22774659975006
 14.276659623547586 39.43059956370588
 14.398956955514917 39.63228193286157
 14.521879822369506 39.83275366345679
 14.645424469213694 40.03197460859863
 14.769587016630851 40.22990453265438
 14.894363460410132 40.42650312580984
 15.0197496713164 40.62173001893227
 15.145741394906254 40.815544798661904
 15.272334251390841 41.00790702268935
 15.399523735546074 41.19877623533323
 15.527305216671154 41.388111983250255
 15.65567393859583 41.57587383143111
 15.784625019737254 41.76202137930753
 15.914153453206804 41.94651427715797
 16.044254106967795 42.129312242562165
 16.174921724044214 42.310375077157204
 16.306150922781434 42.48966268344022
 16.437936197159043 42.667135081817136
 16.57027191715654 42.842752427697036
 16.70315232917206 43.016475028811385
 16.836571556494825 43.18826336255376
 16.97052359983135 43.35807809352151
 17.105002337886088 43.52588009105736
 17.240001527996448 43.6916304469442
 17.37551480682273 43.85529049314862
 17.51153569109305 44.01682181958196
 17.648057578403414 44.17618629198781
 17.785073748073195 44.33334606976099
 17.922577362055943 44.48826362388914
 18.06056146590581 44.64090175478768
 18.199018989799296 44.791223610252835
 18.33794274961268 44.9391927032532
 18.477325448054636 45.0847729298195
 18.61715967585433 45.22792858676756
 18.757437913004495 45.36862438945786
 18.898152530059566 45.506825489376745
 19.039295789488378 45.64249749173754
 19.18085984708143 45.77560647284995
 19.322836753412037 45.9061189974911
 19.46521845535135 46.03400213602964
 19.607996797636485 46.159223481485924
 19.751163524491574 46.28175116638566
 19.894710281301094 46.401553879412496
 20.03862861633483 46.51860088194934
 20.18290998252415 46.63286202429131
 20.327545739288574 46.744307761760474
 20.4725271544123 46.85290917047382
 20.61784540596967 46.958637962963586
 20.76349158429906 47.0614665034188
 20.90945669402404 47.161367822776086
 21.055731656121353 47.25831563338225
 21.202307310034374 47.352284343492315
 21.349174415831516 47.44324907129445
 21.496323656408155 47.53118565877036
 21.643745639731534 47.61607068504137
 21.791430901127065 47.697881479507366
 21.93936990560538 47.77659613449578
 22.087553050228614 47.85219351760515
 22.23597066651498 47.924653283637205
 22.38461302288034 47.99395588607649
 22.53347032711539 48.06008258825602
 22.682532728897467 48.12301547394556
 22.83179032233521 48.18273745768072
 22.981233148545254 48.23923229448125
 23.13085119825905 48.29248458921714
 23.28063441445876 48.34247980548883
 23.43057269504067 48.38920427395728
 23.58065589550446 48.4326452003419
 23.73087383166727 48.47279067274955
 23.8812162824005 48.5096296686607
 24.031672992388273 48.54315206129248
 24.18223367490564 48.5733486255487
 24.332888014615236 48.6002110433467
 24.483625670380466 48.623731908549615
 24.634436278093972 48.64390473122665
 24.78530945351933 48.66072394150802
 24.936234795144692 48.67418489282895
 25.087201887046504 48.68428386465859
 25.238200301761665 48.69101806467591
 25.38921960316646 48.69438563044421
 25.54024934936066 24.347192815221344
