 0.0019028581025733434 2.2010278252592665
 0.00573094529235787 2.1983476811132583
 0.009604071963440288 2.197736852390989
 0.013522785154054983 2.1991380247098444
 0.017487516736492265 2.2024029570122057
 0.021498938512092603 2.2073850826220554
 0.025557530338956344 2.2139451026618193
 0.02966382006099385 2.221934309787791
 0.03381838350792554 2.2311820778916736
 0.03802179650947183 2.2414939199643333
 0.042274682881163136 2.2526553017843542
 0.04657747449528979 2.26443967754416
 0.050930699195762145 2.276622391865181
 0.0553353166987809 2.2889996672419874
 0.05979175887663633 2.3014064583818854
 0.06430050558742881 2.313726306087818
 0.06886203668925867 2.3258891655131455
 0.0734777917564269 2.3378573828612486
 0.07814729093083321 2.3496065228749496
 0.08287149392867824 2.361112023850441
 0.08765136046616269 2.372347081483242
 0.09248737040138688 2.3832836840264817
 0.09738048345055152 2.3938856857000244
 0.1023306996136566 2.4040991384292782
 0.10733897860690277 2.41385522916276
 0.11240628014649073 2.4230918499281398
 0.11753308409052082 2.4317850426710588
 0.1227198702970934 2.4399725202484577
 0.12796759848240913 2.4477508209549717
 0.13327722836266867 2.455239416184175
 0.13864875993787207 2.4625341486097847
 0.14408363278232028 2.4696893337296775
 0.14958184689601337 2.476733736580275
 0.15514532171135267 2.4836847767647448
 0.1607735773702378 2.4905470645854786
 0.16646757358886954 2.497307210575013
 0.1722287499415488 2.5039388110905105
 0.178057586286376 2.510416072858579
 0.18395456248145142 2.5167237530631583
 0.1899211181010761 2.5228553167413317
 0.1959572531452501 2.5288059872023165
 0.202063927330174 2.5345602633510635
 0.20824258023014888 2.540070371504787
 0.21449369170327506 2.5452363189460256
 0.22081774160765288 2.549918715616984
 0.22721616951758336 2.553998427246253
 0.2336894552911669 2.5574422763866216
 0.24023855864460403 2.5603147378086843
 0.24686443929409554 2.562717890465795
 0.25356805695584217 2.5647213167861787
 0.26034989148794413 2.566335454914311
 0.2672113824647025 2.5675081937683846
 0.2741530097442176 2.568107692510313
 0.2811762129007905 2.5679329952030563
 0.28828147179252145 2.5668108751596956
 0.2954697461356112 2.5647058358357513
 0.3027419956462604 2.5617558015854587
 0.3100996598987701 2.5582488362008045
 0.31754369860934095 2.5545040473719722
 0.3250745916360733 2.550689045976774
 0.3326932986951678 2.5467643575108934
 0.3404012593609255 2.542585002358983
 0.34819943334954717 2.5379900852743207
 0.3560887803772333 2.532796644772544
 0.3640702601601847 2.5268176362452914
 0.3721453122727023 2.5199258886658513
 0.38031441657288656 2.5120305074006053
 0.38857901263503847 2.5029949723374028
 0.3969405400334589 2.49264558609191
 0.40539947862624837 2.480888760711179
 0.4139572679877078 2.46780977049632
 0.42261486783403795 2.45365654622857
 0.4313737177395398 2.438743093516106
 0.44023477742041395 2.4233503440974125
 0.4491994864509616 2.407669572458395
 0.45826832468928286 2.391780456089834
 0.46744321156777924 2.375653797948046
 0.4767255866607517 2.359161832919393
 0.48611544996820033 2.3421313733701785
 0.4956166403549278 2.3244518651263673
 0.5052281981047334 2.3061391541079783
 0.5149501232176171 2.2872987921326833
 0.5247872142745824 2.268043289320554
 0.5347346726946258 2.248418599470594
 0.5448020956397542 2.2283972637154554
 0.5549846845289641 2.2079332777008664
 0.565287237943259 2.1870241792931893
 0.5757097558826387 2.1657333971687356
 0.5862570369281069 2.144148507609073
 0.59692428249866 2.1223393759737066
 0.607711492594298 2.1003542993237825
 0.6186282643770278 2.078225948907955
 0.6296745978468492 2.055958244389061
 0.6408456944227591 2.033544025129423
 0.6521463526857607 2.0110004986386487
 0.6635813712168573 1.988308297972137
 0.6751459514350459 1.9653529786471324
 0.6868496905023328 1.9419900362303395
 0.698687789837715 1.9181243230512588
 0.7106602494411922 1.8937398188576964
 0.722771867893768 1.8687944182229812
 0.7350274437764458 1.843002150342551
 0.747422178508222 1.8161484381792812
 0.7599656692511035 1.7882023684470727
 0.772653117424087 1.759258352553681
 0.7854845230271725 1.7295441850151656
 0.7984646846413633 1.6991429045757875
 0.8115984008476628 1.6679306480404539
 0.824885671646071 1.6357721839202468
 0.8383216984555847 1.6028451343030634
 0.8519208770192137 1.5695071578168922
 0.865668811593948 1.5359974163309422
 0.8795846965038013 1.5024042596390161
 0.8936541360057634 1.468614764049577
 0.9078915258428444 1.4343626609908786
 0.9222920674340409 1.3994614174385027
 0.9368605593603564 1.3640473638392543
 0.9515970016217906 1.328526688200671
 0.9665013942183439 1.2933428498878212
 0.9815833343120228 1.2589039623380567
 0.9968332247408207 1.2254016621824002
 1.0122654612477477 1.1927070986634807
 1.027870446670797 1.1605675730036396
 1.0436625767529788 1.1288196881525905
 1.0596322543322865 1.097311460818058
 1.075784277989723 1.0658546463545187
 1.0921282448872955 1.0343260885373275
 1.1086593564440006 1.0026887764141743
 1.1253776126598383 0.9710296373510089
 1.1422926106968152 0.9396713718492774
 1.159399551973928 0.9090457731047449
 1.1767080336531834 0.8794066419037491
 1.1942132571535782 0.8507858992100255
 1.2119200210561156 0.8231253577890778
 1.2298283253607958 0.7963579156633617
 1.2479477672296257 0.7704413892158432
 1.266268749500598 0.7453747079014752
 1.2848056679167232 0.7211803103728294
 1.3035585224780015 0.697908031999132
 1.3225225146034292 0.6756677672195486
 1.3417024428740099 0.6546175750183802
 1.36110790445175 0.6349067756326479
 1.3807341007556466 0.6166090827456017
 1.4005858303667031 0.5997065630340995
 1.420663093284919 0.584136104142048
 1.4409754866723015 0.569801114648633
 1.461518211947847 0.5565467844787695
 1.482296067692559 0.5441899092066096
 1.5033090539064375 0.5325762117048811
 1.5245667677514894 0.5216033620833967
 1.5460692092277144 0.511210550128004
 1.5678115797541092 0.5013604858307031
 1.5898082750736846 0.4920290254821563
 1.6120544966054362 0.4832014034922015
 1.634555042930368 0.4748700553969134
 1.6573147126294834 0.46703037288464583
 1.680333505702782 0.45967188064738684
 1.7036114221502643 0.4527671999798891
 1.7271580591339366 0.4462675041512085
 1.750978215234803 0.4401110393920488
 1.775062293290856 0.43424074416588276
 1.799424689045106 0.4286185533073775
 1.8240654024975533 0.42322600396899407
 1.8489844336481975 0.4180551567243905
 1.874186581078042 0.4131027957574935
 1.8996766433680907 0.4083741215327169
 1.9254594190993464 0.40389191494799626
 1.9515301096908062 0.39969861935674145
 1.9778983123044767 0.3958455623598604
 2.004568825521361 0.39238114971854854
 2.0315416493414595 0.3893468649541775
 2.058816783764772 0.3867767745317093
 2.0864086245343088 0.3846929743280872
 2.114307574488063 0.38309176255729255
 2.1425232307880413 0.38192100359523046
 2.171055593434244 0.3810562710000473
 2.199914259588678 0.38029687538883855
 2.229099229251343 0.37940105214399955
 2.258615301003242 0.37815808496417597
 2.288467273425379 0.37646906546529596
 2.3186503479367504 0.3743897039230405
 2.3491789202803663 0.3721111524938664
 2.380048191875224 0.36989212732953486
 2.411267759883329 0.3679883930028976
 2.442837624304683 0.3665923754084785
 2.474762583720288 0.36576084366586187
 2.5070474367111477 0.365357746972376
 2.5396969818582655 0.3650527215929475
 2.5727112191616417 0.3643970716605037
 2.6060997457832826 0.36296195452739993
 2.639862561723189 0.3604883875834922
 2.67399966698136 0.35698710864476313
 2.708525457300807 0.3527103983139138
 2.743435134100525 0.34800516411863186
 2.7787382945425216 0.3432044736547156
 2.814434938626797 0.33861360741211316
 2.8505298649343547 0.3344939027986717
 2.8870278720461977 0.3310059772336755
 2.9239337585433294 0.32816345955967735
 2.9612523230067533 0.3258840729347587
 2.998988364017473 0.324179397155322
 3.0371466801564915 0.323230352148969
 3.075727271423809 0.32320377213409274
 3.114734936400428 0.32405696551830443
 3.1541792722483577 0.3255365417271792
 3.1940650775485993 0.32731011995154113
 3.2343875537201505 0.3290804095989751
 3.2751610965060203 0.3306817075313635
 3.3163905044872135 0.3320847149368688
 3.3580709790827257 0.3332848820456993
 3.4002169160355677 0.3342152545406555
 3.4428283153457393 0.33478471125782516
 3.485909975594244 0.33505527213775
 3.529466695362085 0.33535500954453384
 3.573503273230265 0.33607168672470916
 3.6180293063607927 0.3373971386364176
 3.6630447947536666 0.33929684825369827
 3.7085545369898902 0.34163179393331766
 3.754568130231471 0.3442747017628775
 3.801085574478408 0.34708429266584956
 3.848111668311706 0.34973777190787564
 3.8956560088933703 0.35187133850896607
 3.9437233948044046 0.3534217985163329
 3.9923138260448097 0.3543489275849364
 4.041436899776592 0.353909390258001
 4.091097414580754 0.35132309975970877
 4.141300169038301 0.3472480889964543
 4.192054760311239 0.34356844790975366
 4.243356389818564 0.3416201260496771
 4.295219453303286 0.341500550742194
 4.347648749346409 0.34235196049917865
 4.400644277947934 0.3431199755022072
 4.4542204348508685 0.34367218521752074
 4.508372421474212 0.34490847196145574
 4.563114633560972 0.34779577586528454
 4.618451869692155 0.35210664549846005
 4.674384129867759 0.3554910474330966
 4.73092101124979 0.3553508905160399
 4.788067312419254 0.352446117053977
 4.845847026281165 0.34862893356081487
 4.904197771282481 0.34526005577766594
 4.963220317624272 0.34369774625958405
 5.022866679496506 0.34458581723173126
 5.083184842709215 0.3472194849148892
 5.144078835642332 0.349841726277099
 5.205692615725958 0.351040425945793
 5.267930211340027 0.350846135473647
 5.33083960829457 0.3501656805682952
 5.39442080658959 0.3496036071405163
 5.458673806225085 0.34880179226116903
 5.523598607201056 0.3477322811883403
 5.589243195327536 0.3465607860763914
 5.655607570604527 0.34566750577925953
 5.7225957614119585 0.34596087736088965
 5.790351725179933 0.34808796445908896
 5.858827476098419 0.35254178837654276
 5.9280230141674135 0.35942325152215576
 5.997890353576884 0.36702794224665813
 6.068573451756932 0.37340901418737826
 6.139928351277456 0.3784936264795077
 6.212099009568557 0.3826659755827624
 6.284989455010169 0.38635211943816555
 6.358647673412323 0.3907402123238496
 6.433073664775021 0.39544470320671865
 6.508267429098264 0.39776481748904824
 6.5842769521920825 0.39579695621851235
 6.661054248246446 0.388634007365992
 6.738647303071387 0.3785117069441767
 6.817056116666905 0.37033655201990656
 6.896232703222967 0.36674254053240574
 6.976273034359641 0.3669665995666604
 7.057081138456858 0.36893503102601105
 7.138800972944721 0.37055918036776825
 7.221288580393128 0.3737469874288544
 7.3046879182321796 0.3783561652286934
 7.38890301484181 0.38350977282575505
 7.47398185603205 0.38851015261803323
 7.559972427612936 0.3890332534654681
 7.646778757964401 0.38528877481425355
 7.734496818706511 0.3808269317011009
 7.823126609839266 0.374589918765962
 7.912620145552634 0.36601555386984547
 8.00307339746668 0.3605631883225472
 8.094390393961339 0.36155744160068
 8.186667106656676 0.3664032855299306
 8.27985554974266 0.3690943735588304
 8.373955723219288 0.367251358957993
 8.469063598706631 0.3636803112448771
 8.565083204584619 0.36231894165574907
 8.662062526663286 0.36276947282832217
 8.760001564942632 0.36571221410310434
 8.858948305232694 0.37611070516611095
 8.958854761723433 0.39426356461143003
 9.059768920224887 0.41028078624932773
 9.161690780737056 0.4173666518518573
 9.264620343259935 0.4165787688463906
 9.368557607793528 0.41627181696887094
 9.473502574337836 0.4178776904219553
 9.579455242892857 0.4177675944195187
 9.68651158507866 0.4144358245923582
 9.794575629275176 0.4104898698656629
 9.90369536129244 0.4065183875772239
 10.013870781130452 0.4003093545858685
 10.12510188878921 0.3965907937488597
 10.23743667007875 0.3961395520456206
 10.350875124999073 0.3965501628151284
 10.465369267740142 0.3973728414966118
 10.580967084111991 0.3994435902905813
 10.697716559924658 0.4037189247288964
 10.81552172355807 0.40325533976408234
 10.934526532442334 0.39378085383265826
 11.054587029147344 0.39021416804688774
 11.175847171103204 0.3902796429403902
 11.298210986689845 0.38135627586959636
 11.421726461717302 0.37080957444762297
 11.546441581995609 0.363005983258561
 11.672308361714729 0.3589477486729749
 11.7993747866847 0.3575105286205975
 11.927592871095488 0.35456529125059855
 12.057058586567157 0.3513533362062205
 12.187675961479643 0.3482381189483009
 12.31954096745301 0.3467427183967292
 12.45260561867723 0.3474321359637687
 12.586869915152295 0.34252670911654837
 12.722381842688247 0.3349450112448797
 12.859189387095117 0.33042339483060845
 12.997196576752835 0.321790063098991
 13.136451397471435 0.3082924310246801
 13.276953849250921 0.28843217307495117
 13.418751917901321 0.26775206263005363
 13.56184560342264 0.2545410117544715
 13.706186920004843 0.25202751040028926
 13.851871839267996 0.257945593994707
 13.998804389592035 0.26302481859729887
 14.147080542597026 0.26298598414034846
 14.296652312472931 0.2722695233811796
 14.447519699219754 0.2792550276191841
 14.599778674457564 0.27266952995711696
 14.75333326656629 0.26191262298131546
 14.908231461355967 0.26028339440199316
 15.064473258826595 0.26386569328122306
 15.222058658978177 0.2595609391836019
 15.381035647620743 0.23496932078920862
 15.541356238944259 0.21067694848468668
 15.703068418758761 0.18737234056129712
 15.866172187064251 0.16370533059904432
 16.030619558050688 0.13806245334567815
 16.19650650333815 0.11508406200803405
 16.363785037116592 0.09842292870376614
 16.53245515938602 0.08441213370097671
 16.70256485595647 0.07248463209787195
 16.874066141017902 0.06324529669572448
 17.046959014570323 0.05556152726637181
 17.221339448233792 0.04846780285463027
 17.397159456198285 0.04257646220792404
 17.57437105265376 0.03776565688617088
 17.75307020922029 0.03369021111247228
 17.933208940087844 0.03017160155678454
 18.11478724525641 0.02709467148835308
 18.297853110536032 0.024379252086908918
 18.482358550116672 0.02196714964014577
 18.66835154980837 0.0198142143072728
 18.855784123801083 0.017885724279078734
 19.044752243714882 0.016153591992224315
 19.235159937929705 0.01459458905384753
 19.427103178065614 0.01318916205523457
 19.620533978312576 0.011920616387684999
 19.815404352860554 0.01077453257971731
 20.011810273329623 0.00973833970014814
 20.209751739719778 0.008800993151703566
 20.409180766220985 0.007952730763231644
 20.610097352833247 0.007184877586005294
 20.8125494853666 0.0064896941621492964
 21.01653716382103 0.005860250682216306
 21.22201240238652 0.005290324905568469
 21.4290231868731 0.004774316726430878
 21.637569517280763 0.004307175894325266
 21.84760340779948 0.0038843406141302883
 22.059220830049316 0.00350168475053376
 22.27232581241021 0.00315547226360018
 22.487014326502223 0.0028423167306077363
 22.70319040070529 0.00255914676524895
 22.92090202082944 0.0023031748712145825
 23.14019717268472 0.0020718698371697286
 23.360979884651044 0.0018629326846207298
 23.583346128348495 0.0016742745643203774
 23.807247917967032 0.001503997323567794
 24.032685253506653 0.0013503759100367495
 24.259658134967367 0.0012118425612375212
 24.488166562349164 0.0010869724886898625
 24.718210535652048 0.0009744710094769056
 24.949838040686057 0.0008731617833523148
 25.18295310583112 0.0007819762937692199
 25.4176517027073 0.0006999440645395833
 25.653837859694534 0.0006261840172148098
 25.891607548412892 0.0005598964383002978
 26.130864797242296 0.0005003557055349735
 26.371705577802828 0.00044690369411852775
 26.614033918474412 0.0003989437008135505
 26.85794579087712 0.0003559349468852713
 27.103345223390875 0.00031738758578688566
 27.35028020182572 0.00028285806513060374
 27.598702740371618 0.0002519449562804503
 27.848708810648642 0.0002242851545357274
 28.10015445522668 0.00019955036982749792
 28.353183631535842 0.00017744394417337222
 28.607652382146018 0.00015769795845209126
 28.863656678677287 0.0001400705705965414
 29.121196521129644 0.00012434360770231006
 29.380175937883017 0.00011032035835566678
 29.640642914747442 0.00009782356393021562
 29.902597451722922 0.0000866935878325781
 30.166039548809458 0.0000767867615405675
 30.430969206007045 0.00006797384444498309
 30.69733843750565 0.000060138662538377655
 30.965195229115306 0.000053176845015370475
 31.234443609215955 0.00004699468588019005
 31.505179549427652 0.00004150810422369663
 31.77735506394037 0.00003664170481024861
 32.050970152754104 0.000032327924090106957
 32.32597683005883 0.000028506254659103556
 32.60242308166457 0.0000251225426521221
 32.8802609217613 0.000022128353646084
 33.159490350349 0.000019480393382370752
 33.440111367427704 0.000017139990533751047
 33.72212397299739 0.00001507262406042815
 34.00552816705806 0.000013247497906463862
 34.29027596379967 0.00001163715673966341
 34.57631937741221 0.00001021714055255406
 34.86375437951574 0.000008965670573922365
 35.15253298430021 0.000007863368878038037
 35.442607205955596 0.000006893005405884203
 35.733977044481904 0.000006039268882148531
 36.02664249987913 0.000005288562400340838
 36.32065155795731 0.000004628819531038645
 36.615860261286336 0.000004049338554113678
 36.91236458148628 0.000003540634599221267
 37.21011653274711 0.0000030943063652882473
 37.50906812925878 0.000002702917371412112
 37.80926735683134 0.0000023598892978609184
 38.110666229654754 0.0000020594065796861263
 38.413312733539044 0.0000017963312526131235
 38.71706291105412 0.0000015661268935746417
 39.02201273382004 0.0000013647906438746493
 39.32811421602678 0.0000011887927390322169
 39.63536735767433 0.0000010350224640955578
 39.94372417295267 9.00740088080892E-7
 40.253184661861795 7.835340970647412E-7
 40.563748824401685 6.812832192872506E-7
 40.875368674762335 5.921225350849333E-7
 41.18804421294373 5.14413539725487E-7
 41.50177543894587 4.467174700588479E-7
 41.81656235276876 3.877717079960595E-7
 42.13230898279233 3.364688837786434E-7
 42.449111300636645 2.918383006506632E-7
 42.766825348871606 2.5302961323757195E-7
 43.085547099117285 2.1929826413817454E-7
 43.4051805797536 1.899927351086572E-7
 43.725725790780565 1.645432153714079E-7
 44.04718273219818 1.4245163523684067E-7
 44.3695034181964 1.232828648711103E-7
 44.69273583458527 1.0665696560024784E-7
 45.01678400974472 9.224236894629299E-8
 45.34169592948478 7.97498593862664E-8
 45.66737562218538 6.892731094030633E-8
 45.99387107365656 5.955502365359467E-8
 46.32113429808828 5.144166331310007E-8
 46.649117309670515 4.442067587301485E-8
 46.977868094213285 3.834714979664335E-8
 47.30729068009654 3.309506444394634E-8
 47.6374330531303 2.8554879783991932E-8
 47.96824722750454 2.4631426839729043E-8
 48.299637231599185 2.124205972018227E-8
 48.63169903703431 1.831504102248169E-8
 48.96424070056976 1.578813057083258E-8
 49.2977420803059 1.360735270561841E-8
 49.631723318142384 1.1725920888865485E-8
 49.96570455597887 1.0103298983527205E-8
 50.300645510016025 8.704382169696902E-9
 50.63606632215352 7.498784073266233E-9
 50.971966992391366 6.460216257611563E-9
 51.30834752072954 5.5659487249115874E-9
 51.644728049067716 4.796338720734416E-9
 51.98206829360658 4.134423786287837E-9
 52.31940853814543 3.565564439284474E-9
 52.65770849888497 3.077142008826947E-9
 52.99552860152418 2.658289470540238E-9
 53.334308420364046 2.2996582741228942E-9
 53.67308823920393 1.9932235345145525E-9
 54.01234791614415 1.7321107104157499E-9
 54.35160759308436 1.5104478242437214E-9
 54.690867270024576 1.3232402044249745E-9
 55.03060680506514 1.1662588049784768E-9
 55.37082619820603 1.035953606566365E-9
 55.71104559134693 9.293712594786601E-10
 56.05078512638748 8.44095114884069E-10
 56.39148437762873 7.781924467403019E-10
 56.73170377076963 7.301673583548082E-10
