 0.003224613382133885 0.19231499361133433
 0.004540340195021513 0.22874084634160682
 0.0058715179044309795 0.2605405742691854
 0.007218372070895446 0.2885751091314539
 0.008581063809081461 0.313148804199284
 0.009959770345122226 0.3344312287398376
 0.011354685016617598 0.3525988502479854
 0.012766001161167433 0.3678659018185999
 0.01419392822783824 0.3804786584335851
 0.01563861121982991 0.39070276526952813
 0.01710022736327565 0.3988111170328323
 0.018579098887508548 0.4050739221647704
 0.0200753707957285 0.40975029705290683
 0.02158920420260205 0.4130820005356879
 0.023120760222795744 0.41528918464240827
 0.024670522200309228 0.4165682064000855
 0.026238329020475952 0.41709159517716704
 0.027824502912629005 0.4170099850235072
 0.029429366106101487 0.4164546198475842
 0.03105307971555994 0.41553972368908454
 0.032695965970337464 0.41436374591237146
 0.03435802487043405 0.4130098413882554
 0.0360395786451828 0.4115462180276502
 0.0377409495239168 0.41002723443702754
 0.039462298621302606 0.40849579127687724
 0.04120378705200675 0.4069855789252804
 0.04296573704536235 0.40552303018733293
 0.04474847083070248 0.40412883930494964
 0.046551988408027135 0.40281859121463487
 0.048376773121335974 0.4016032068674007
 0.050222824970628986 0.4004894032105744
 0.05209078841457236 0.3994805049742293
 0.05398050233849955 0.3985767095300206
 0.05589228897174365 0.39777565101885576
 0.057826631658304296 0.3970739727598652
 0.059783691512848035 0.39646895144414657
 0.061763629650041424 0.39595895336812365
 0.0637669294138841 0.39554191661672544
 0.06579359080437605 0.39521389343592145
 0.06784393605085037 0.39497012861709363
 0.06991844849730673 0.3948074658593757
 0.07201728925841164 0.3947259869364611
 0.07414061944883166 0.3947271029828891
 0.07628892241256643 0.39481163950504816
 0.07846235926428251 0.3949793704026644
 0.08066125223331296 0.39523098696304865
 0.0828859235489909 0.3955691658648479
 0.08513669544064943 0.3959456026959504
 0.08741372902295508 0.3965121347666478
 0.0897175076399075 0.39711230562171324
 0.09204819240617322 0.39779030478762095
 0.0944062666657519 0.3985389411453326
 0.09679189153331008 0.3993528188483176
 0.09920538923818085 0.40022925652735164
 0.10164708200969733 0.401167303330023
 0.1041174531918591 0.40216738078876635
 0.10661682501399931 0.4032300293090557
 0.10914535859078447 0.4043538955050593
 0.11170337615154771 0.405534687728786
 0.11429136104028866 0.40676709045046694
 0.11690963548634038 0.4080463162483372
 0.119558521719036 0.4093685925067211
 0.12223834196770861 0.41072877382650097
 0.12494957957635783 0.4121191346833051
 0.1276923956596502 0.41353320753142064
 0.13046727356158544 0.4149702738119271
 0.13327469662616306 0.4164326121433228
 0.13611482596804972 0.41791970532478373
 0.138988144931245 0.41942674583743345
 0.14189497574508203 0.42094740586007107
 0.14483580175356042 0.42247598688057464
 0.14781094518601326 0.42400657268994585
 0.15082088938644023 0.42553249195968645
 0.15386579546950782 0.42705078741294067
 0.15694630789388225 0.4285639505194169
 0.16006291000356318 0.4300745287727485
 0.16321560179855057 0.4315802264935551
 0.16640567219617683 0.43307488733651
 0.16963279896710887 0.4345553913202707
 0.17289698211134663 0.4360264754587142
 0.17619983277555562 0.4374966617655325
 0.1795397398130704 0.4389707315983341
 0.18291992551722186 0.4404493116157066
 0.18633877874134455 0.44193132340910307
 0.1897979106321039 0.4434144934084579
 0.1932973211895 0.44489400556349634
 0.19683862156019824 0.44636324409456213
 0.20042020059753315 0.44781443556246114
 0.20404205830150476 0.44924495494418487
 0.20770741696544404 0.4506629424765497
 0.21141627658935092 0.4520801530971608
 0.21516702602655996 0.45349706888022695
 0.21896127642373667 0.45490356747159266
 0.22280063892754642 0.45628742260108046
 0.22668350239132384 0.45764019787448634
 0.23061308910839984 0.45895599305286766
 0.2345877879321089 0.4602223697258191
 0.2386075988624511 0.4613849135298452
 0.2426741330460918 0.462540384164192
 0.2467890016296966 0.46355836605387574
 0.2509505934665999 0.4644716987058886
 0.2551621308501328 0.4652895221328853
 0.2594220026336297 0.46603888122156195
 0.2637302088170906 0.46675468277543514
 0.268088360547181 0.46746293318071813
 0.2724980689705664 0.4681799282330581
 0.2769593340872467 0.46891373472871983
 0.2814705447505566 0.4696603031332944
 0.28603653440049237 0.4704099437434199
 0.2906524695970576 0.4711588070534201
 0.2953247949269142 0.47191386429644316
 0.3000486769500658 0.4726826193059011
 0.3048289491065088 0.47345557521030446
 0.30966400024957774 0.47419769385057264
 0.314555441525938 0.47487742898964747
 0.3195032729355896 0.4754846403346575
 0.3245074944785326 0.4760145991954092
 0.32957132844809794 0.47647339854227183
 0.3346915525509546 0.47686321259545195
 0.33987300022709904 0.4771653220721504
 0.3451124491832004 0.47738030102496465
 0.3504147328592549 0.4775484576592697
 0.3557766289619318 0.47771791718468615
 0.3611997486378964 0.47791388888851255
 0.36668731418047973 0.4781429932994107
 0.37223771444301634 0.4783971192343214
 0.3778509494255062 0.4786587725469208
 0.3835302414212802 0.478921387505104
 0.38927397928367297 0.47917575130801876
 0.3950853853060153 0.47941566800284824
 0.40096284834164186 0.4796580730288673
 0.406907979537218 0.4799249543686285
 0.4129207788927439 0.48022402556089006
 0.4190044687015504 0.48055151136472135
 0.42515582667030644 0.48089776905885023
 0.4313796862390086 0.4812499980814854
 0.43767604740765675 0.4815918064730767
 0.44404329902958556 0.48189231099838736
 0.45048305225146035 0.48210941373980565
 0.4569985293666121 0.4822124129165581
 0.46358811922837545 0.4822175479607565
 0.4702534329834158 0.4821807908399559
 0.4769944706317331 0.4821132066125778
 0.4838144544666583 0.481994892780327
 0.490711773341526 0.4818281667701984
 0.4976880384030016 0.4816317049098632
 0.5047432496510851 0.48143815242278853
 0.5118806293791075 0.48131345532865566
 0.5191001775870687 0.48110255492728615
 0.5264002831283033 0.48090189193883914
 0.5337857794428078 0.48067905961637153
 0.5412550553839166 0.48046202014932476
 0.548809722098295 0.48024774733291314
 0.5564513907326089 0.4800514607130726
 0.5641800612868579 0.47988458398817063
 0.5719957337610423 0.47967719830569955
 0.5799016304484927 0.47936502150667065
 0.5878993624958749 0.478945656706186
 0.5959857076098579 0.47843204722267935
 0.6041654992304379 0.47785819200885155
 0.6124387373576151 0.47730825540610017
 0.6208054219913894 0.47682382905417503
 0.6292671642784263 0.4763770539708712
 0.6378255753653913 0.47595005903140797
 0.6464822663989498 0.4755096039239743
 0.6552356262324365 0.47493800550124676
 0.6640888771591821 0.4742133062014017
 0.673043630325852 0.47338406806582484
 0.6820998857324466 0.47243500899900326
 0.6912576433789656 0.471371082077049
 0.7005217367054055 0.4701863119987954
 0.7098889434184353 0.4689071143753573
 0.719362485811386 0.4675722359014759
 0.7289423638842576 0.46613408471893997
 0.738631799930381 0.46463074915620495
 0.7484307939497562 0.4631076776884617
 0.7583409570890487 0.46155716057007123
 0.7683639004949239 0.45999979298201776
 0.7784980130207164 0.4583778084871471
 0.7887481281064225 0.4564946697337895
 0.799112634605377 0.4541836150540368
 0.8095947548109105 0.45146474712205364
 0.8201944887230233 0.448560506276971
 0.8309134474883805 0.44580761091123844
 0.8417532422536479 0.4434769864888633
 0.8527154841654908 0.44138739557011863
 0.8638001732239093 0.43920597862733823
 0.8750105317222343 0.4369053108190258
 0.8863465596604658 0.43445008327265633
 0.8978082570386038 0.4318551247080311
 0.9094004572966446 0.42920315365337847
 0.921121549287923 0.42652176814275494
 0.9329747553057696 0.4237633741124501
 0.9449600753501846 0.42091947068497
 0.9570791205678334 0.41799110588166644
 0.9693335021053816 0.4148302220296448
 0.9817248311094945 0.4110830049157185
 0.9942547187268376 0.3789696313124426
 1.0069247761040765 0.4013224989192982
 1.0197366143878765 0.3956261885077331
 1.0326902335782375 0.3898667695130241
 1.0457872448218253 0.38438175320585216
 1.0590308704119706 0.37913095778605604
 1.0724227214953392 0.373797088387887
 1.0859611869252652 0.3680278147388728
 1.099651100141745 0.36188990024762685
 1.1134940722914444 0.35550408153031676
 1.1274884922276978 0.3486513397782225
 1.1416391933905015 0.34153303353432507
 1.1559461757798557 0.3345404254289349
 1.1704110505424257 0.32744743300974255
 1.1850354288248768 0.31956510700246843
 1.199820921773875 0.3106158991698177
 1.2147707516827508 0.30073600718902
 1.2298849185515042 0.28987679839469294
 1.245165033526801 0.278014080808417
 1.2606143189019716 0.26538070320017226
 1.2762327746770166 0.25282548947491384
 1.292022011998601 0.2410095779555078
 1.3079852531600562 0.2300496018611091
 1.3241241093080471 0.21962200762233455
 1.340438580442574 0.20862030431793632
 1.3569318888569681 0.19665065483367491
 1.3736056456978942 0.1841571213027462
 1.3904614621120184 0.17126421419040685
 1.4075025603926714 0.15845275891586547
 1.424727329393188 0.14684860906726765
 1.4421406025535637 0.1369387321986133
 1.459743991020465 0.12829819907710807
 1.4775374947938915 0.12058365953799718
 1.4955259473138396 0.11442656877731512
 1.5137077374336438 0.11079336714632572
 1.5320876985933005 0.10999505356312247
 1.5506674419394753 0.11186905876507294
 1.569446967472168 0.11550033138646583
 1.5884294974847095 0.12133595628036604
