 0.0019028581025733434 0.23751875443514064
 0.00573094529235787 0.2667969080780383
 0.009604071963440288 0.28664793852237574
 0.013522785154054983 0.3008114432633867
 0.017487516736492265 0.3102886094015384
 0.021498938512092603 0.3163715602060215
 0.025557530338956344 0.3202507438912387
 0.02966382006099385 0.32268822424974475
 0.03381838350792554 0.3240801441050896
 0.03802179650947183 0.3246506459826975
 0.042274682881163136 0.32457280030589314
 0.04657747449528979 0.32400352150449047
 0.050930699195762145 0.323080316295298
 0.0553353166987809 0.3219138431160119
 0.05979175887663633 0.32059015381717615
 0.06430050558742881 0.3191818628442357
 0.06886203668925867 0.3177594239694526
 0.0734777917564269 0.3163936460235633
 0.07814729093083321 0.31514711214077257
 0.08287149392867824 0.3140594480081525
 0.08765136046616269 0.31313732481502066
 0.09248737040138688 0.31236090994357185
 0.09738048345055152 0.31170538387190155
 0.1023306996136566 0.3111621693801457
 0.10733897860690277 0.31074240605826514
 0.11240628014649073 0.3104633502944928
 0.11753308409052082 0.31033558709364334
 0.1227198702970934 0.310363193721905
 0.12796759848240913 0.3105526320194961
 0.13327722836266867 0.310918717726547
 0.13864875993787207 0.31148079020001795
 0.14408363278232028 0.31224958284979415
 0.14958184689601337 0.31321745000031914
 0.15514532171135267 0.3143615547568029
 0.1607735773702378 0.31565526087314894
 0.16646757358886954 0.317075736204241
 0.1722287499415488 0.3186041690671528
 0.178057586286376 0.32022471417926
 0.18395456248145142 0.32192767932907956
 0.1899211181010761 0.323714483922482
 0.1959572531452501 0.32559511609904723
 0.202063927330174 0.3275780921829482
 0.20824258023014888 0.32966521580746644
 0.21449369170327506 0.33185539426451716
 0.22081774160765288 0.3341472899800328
 0.22721616951758336 0.33653193414663735
 0.2336894552911669 0.33899419109690404
 0.24023855864460403 0.3415302362226847
 0.24686443929409554 0.3441551136312055
 0.25356805695584217 0.34674744459797024
 0.26034989148794413 0.3497877178866034
 0.2672113824647025 0.35284115841861086
 0.2741530097442176 0.35604782109125227
 0.2811762129007905 0.35935975785900565
 0.28828147179252145 0.3626834163536082
 0.2954697461356112 0.36590821653517114
 0.3027419956462604 0.3689555951676165
 0.3100996598987701 0.37179271663693064
 0.31754369860934095 0.37441234711607496
 0.3250745916360733 0.3768172370602017
 0.3326932986951678 0.3790091096318647
 0.3404012593609255 0.38097971685475834
 0.34819943334954717 0.38272289318388886
 0.3560887803772333 0.3842460372845091
 0.3640702601601847 0.3855557161872585
 0.3721453122727023 0.3866543231787546
 0.38031441657288656 0.3875420919998419
 0.38857901263503847 0.38822383942317307
 0.3969405400334589 0.3886956809514607
 0.40539947862624837 0.38891603696362376
 0.4139572679877078 0.3888174301563365
 0.42261486783403795 0.38834332511169367
 0.4313737177395398 0.38747837008338515
 0.44023477742041395 0.38624343373800324
 0.4491994864509616 0.3846597823743654
 0.45826832468928286 0.38275808886851703
 0.46744321156777924 0.3806106337578607
 0.4767255866607517 0.37827467476342236
 0.48611544996820033 0.375759734660594
 0.4956166403549278 0.37306808522309165
 0.5052281981047334 0.37021075735752207
 0.5149501232176171 0.3671984395476841
 0.5247872142745824 0.3640342021277008
 0.5347346726946258 0.3607136054676421
 0.5448020956397542 0.3572621163279554
 0.5549846845289641 0.35376695075079145
 0.565287237943259 0.35031007745375414
 0.5757097558826387 0.34689846167436117
 0.5862570369281069 0.3435015654840876
 0.59692428249866 0.34012942251600214
 0.607711492594298 0.3368556501526832
 0.6186282643770278 0.3337608680757638
 0.6296745978468492 0.33089575833024604
 0.6408456944227591 0.3282642602949332
 0.6521463526857607 0.3258582941913022
 0.6635813712168573 0.32366804125754556
 0.6751459514350459 0.3216642609680331
 0.6868496905023328 0.3198289698395122
 0.698687789837715 0.3182199466600863
 0.7106602494411922 0.3172655199324318
 0.722771867893768 0.3160366613814041
 0.7350274437764458 0.31551238352242794
 0.747422178508222 0.31532968276191087
 0.7599656692511035 0.3153718863512291
 0.772653117424087 0.3152537885379219
 0.7854845230271725 0.31481726621563355
 0.7984646846413633 0.31412119628876356
 0.8115984008476628 0.31317647170218216
 0.824885671646071 0.3119043836950289
 0.8383216984555847 0.3102461045001537
 0.8519208770192137 0.3082342021658379
 0.865668811593948 0.3058490019855235
 0.8795846965038013 0.30305377876132383
 0.8936541360057634 0.29995821761080316
 0.9078915258428444 0.2967542411993809
 0.9222920674340409 0.29361540354599436
 0.9368605593603564 0.2905047840645547
 0.9515970016217906 0.2873905244291799
 0.9665013942183439 0.28428812474801646
 0.9815833343120228 0.28081519858115167
 0.9968332247408207 0.27650192550837577
 1.0122654612477477 0.2713968767691773
 1.027870446670797 0.26585896912378126
 1.0436625767529788 0.26013820623984385
 1.0596322543322865 0.2541637288511675
 1.075784277989723 0.2476036078442717
 1.0921282448872955 0.24019502153623923
 1.1086593564440006 0.23193808573847396
 1.1253776126598383 0.22299444827186102
 1.1422926106968152 0.21349314318981244
 1.159399551973928 0.20350139732772718
 1.1767080336531834 0.19293124286231234
 1.1942132571535782 0.18164946227069065
 1.2119200210561156 0.16973129487815095
 1.2298283253607958 0.1575357806573986
 1.2479477672296257 0.14555524635993367
 1.266268749500598 0.13418639028909113
 1.2848056679167232 0.12371595351968212
 1.3035585224780015 0.11442777280684376
 1.3225225146034292 0.10650045426450537
 1.3417024428740099 0.09999034653503598
 1.36110790445175 0.09500218678425419
 1.3807341007556466 0.09150508178555294
 1.4005858303667031 0.08921010250783702
 1.420663093284919 0.08777770250456052
 1.4409754866723015 0.08690782303352246
 1.461518211947847 0.0862942919706477
 1.482296067692559 0.08567888466525977
 1.5033090539064375 0.08494619962383775
 1.5245667677514894 0.08419500908849957
 1.5460692092277144 0.08332526846990326
 1.5678115797541092 0.08262668826681652
 1.5898082750736846 0.08205015265014683
 1.6120544966054362 0.08152872220301327
 1.634555042930368 0.08094998726060813
 1.6573147126294834 0.08024175477018937
 1.680333505702782 0.07943198683016804
 1.7036114221502643 0.07862839421113216
 1.7271580591339366 0.07795051513369598
 1.750978215234803 0.07772128935447352
 1.775062293290856 0.07751615791766808
 1.799424689045106 0.07815141203901195
 1.8240654024975533 0.07959752860629857
 1.8489844336481975 0.08189769330726851
 1.874186581078042 0.08497076877809033
 1.8996766433680907 0.0887268421137328
 1.9254594190993464 0.0931122593991811
 1.9515301096908062 0.09804849635554087
 1.9778983123044767 0.10336869789690353
 2.004568825521361 0.10881110921563406
 2.0315416493414595 0.11411016850654064
 2.058816783764772 0.1190623246291187
 2.0864086245343088 0.12349762474427509
 2.114307574488063 0.12725672872193217
 2.1425232307880413 0.13022832697042136
 2.171055593434244 0.13238961651144254
 2.199914259588678 0.13373472652841734
 2.229099229251343 0.1340990706112361
 2.258615301003242 0.13310112438273144
 2.288467273425379 0.130324251267903
 2.3186503479367504 0.1255153079033367
 2.3491789202803663 0.11854349822250006
 2.380048191875224 0.10932790942687388
 2.411267759883329 0.09811840050825586
 2.442837624304683 0.08579148499016245
 2.474762583720288 0.07356042702923053
 2.5070474367111477 0.06234539100282025
 2.5396969818582655 0.0524203306491598
 2.5727112191616417 0.04363246371876854
 2.6060997457832826 0.03590247140219383
 2.639862561723189 0.029228920908298796
 2.67399966698136 0.023528056466590775
 2.708525457300807 0.018929077374268462
 2.743435134100525 0.015631933261395656
 2.7787382945425216 0.013470484885996595
 2.814434938626797 0.013090736650155163
 2.8505298649343547 0.013536887793709622
 2.8870278720461977 0.013983618023153921
 2.9239337585433294 0.01485318295133857
 2.9612523230067533 0.01293481382031914
 2.998988364017473 0.010996244914323324
 3.0371466801564915 0.006354201514190908
 3.075727271423809 0.00024680687382853044
 3.114734936400428 -0.006571401466769595
 3.1541792722483577 -0.013302443983673834
 3.1940650775485993 -0.019812154672137965
 3.2343875537201505 -0.02635499233490888
 3.2751610965060203 -0.033541955757916894
 3.3163905044872135 -0.04066727117891391
 3.3580709790827257 -0.042573094956479395
 3.4002169160355677 -0.0418674810073255
 3.4428283153457393 -0.04106714652947497
 3.485909975594244 -0.037326547973347474
 3.529466695362085 -0.03365529958939844
 3.573503273230265 -0.02959759897924286
 3.6180293063607927 -0.025301966132732057
 3.6630447947536666 -0.021502379398105995
 3.7085545369898902 -0.018827520886840275
 3.754568130231471 -0.017780618641336746
 3.801085574478408 -0.01894884213818099
 3.848111668311706 -0.023056572776629595
 3.8956560088933703 -0.03022190224458519
 3.9437233948044046 -0.03921580582981488
 3.9923138260448097 -0.0475868773823675
 4.041436899776592 -0.05384581499665011
 4.091097414580754 -0.05779615870217505
 4.141300169038301 -0.06136291559057293
 4.192054760311239 -0.06721185236049959
 4.243356389818564 -0.07389218863817043
 4.295219453303286 -0.07977539472491592
 4.347648749346409 -0.0849638099619343
 4.400644277947934 -0.08767425009816153
 4.4542204348508685 -0.0874859876670638
 4.508372421474212 -0.0852312789549425
 4.563114633560972 -0.0829794075010301
 4.618451869692155 -0.07509222001712114
 4.674384129867759 -0.06647446733124565
 4.73092101124979 -0.06096714062658187
 4.788067312419254 -0.0617098711337461
 4.845847026281165 -0.06782179981041045
 4.904197771282481 -0.07261595975094817
 4.963220317624272 -0.06892736703134382
 5.022866679496506 -0.06581592934578685
 5.083184842709215 -0.06018435336186421
 5.144078835642332 -0.053898101351209794
 5.205692615725958 -0.0449074389074202
 5.267930211340027 -0.03445717569590621
 5.33083960829457 -0.025550438557739787
 5.39442080658959 -0.020926332205673977
 5.458673806225085 -0.021544282251451247
 5.523598607201056 -0.02764747609474267
 5.589243195327536 -0.03853993405011801
 5.655607570604527 -0.05007846953358795
 5.7225957614119585 -0.057495192158501546
 5.790351725179933 -0.06002498411875797
 5.858827476098419 -0.06089135703471676
 5.9280230141674135 -0.062421434873732654
 5.997890353576884 -0.06468865292123784
 6.068573451756932 -0.06808863905504738
 6.139928351277456 -0.07373676857410855
 6.212099009568557 -0.07175028956310389
 6.284989455010169 -0.06996880786759553
 6.358647673412323 -0.05793661666766373
 6.433073664775021 -0.0458187224703229
 6.508267429098264 -0.03159270126396461
 6.5842769521920825 -0.012941083830762371
 6.661054248246446 0.008575590769683407
 6.738647303071387 0.024721858369392207
 6.817056116666905 0.03461689817086654
 6.896232703222967 0.048412251388310824
 6.976273034359641 0.05983046144104575
 7.057081138456858 0.05646192574067374
 7.138800972944721 0.03982667676737445
 7.221288580393128 0.024014537151035242
 7.3046879182321796 0.012880827317176706
 7.38890301484181 0.0009015221275224658
 7.47398185603205 -0.02018547733117185
 7.559972427612936 -0.037395682243479805
 7.646778757964401 -0.043803326939370404
 7.734496818706511 -0.050536505170967284
 7.823126609839266 -0.05031510521904695
 7.912620145552634 -0.05046226532819821
 8.00307339746668 -0.06470477660111403
 8.094390393961339 -0.08494064127228503
 8.186667106656676 -0.10630040674966282
 8.27985554974266 -0.12722243607341424
 8.373955723219288 -0.14105839391443362
 8.469063598706631 -0.15390264403613343
 8.565083204584619 -0.15452668415889229
 8.662062526663286 -0.14930411071074193
 8.760001564942632 -0.14179287536009116
 8.858948305232694 -0.12957106054954592
 8.958854761723433 -0.12561541308069324
 9.059768920224887 -0.1318334358319626
 9.161690780737056 -0.12359248047372724
 9.264620343259935 -0.11489393976913095
 9.368557607793528 -0.09240231929157469
 9.473502574337836 -0.08512852756669304
 9.579455242892857 -0.08363265754749719
 9.68651158507866 -0.014415821622406665
 9.794575629275176 -0.03718806113188886
 9.90369536129244 -0.04572403255094018
 10.013870781130452 -0.04711830377390313
 10.12510188878921 -0.048740380454850886
 10.23743667007875 -0.0598045568588453
 10.350875124999073 -0.05331689615181744
 10.465369267740142 -0.04586184346410512
 10.580967084111991 -0.015406904397398027
 10.697716559924658 0.0007454736422900215
 10.81552172355807 0.01137522954711514
 10.934526532442334 0.012005835905330654
 11.054587029147344 -0.012223066719570774
 11.175847171103204 -0.018048651641561015
 11.298210986689845 -0.01724861159002763
 11.421726461717302 -0.01638203543061859
 11.546441581995609 -0.004709226084628957
 11.672308361714729 0.017269343224700886
 11.7993747866847 0.03114401075536807
 11.927592871095488 0.03304451574489706
 12.057058586567157 0.015379584701705425
 12.187675961479643 -0.02240118359094809
 12.31954096745301 -0.060081043340237006
 12.45260561867723 -0.07526430618878259
 12.586869915152295 -0.0814044620430849
 12.722381842688247 -0.08522007746656744
 12.859189387095117 -0.08758123025556877
 12.997196576752835 -0.09417007030201521
 13.136451397471435 -0.11059718222075651
 13.276953849250921 -0.12700944935284014
 13.418751917901321 -0.10792073129776947
 13.56184560342264 -0.08770405737709232
 13.706186920004843 -0.06031379590383488
 13.851871839267996 -0.034417350628668304
 13.998804389592035 -0.021385786736331364
 14.147080542597026 -0.014263348863787351
 14.296652312472931 -0.011322254496822618
 14.447519699219754 -0.00538100478319125
 14.599778674457564 0.0018251683032271587
 14.75333326656629 0.010843838097232668
 14.908231461355967 0.0012310996197335443
 15.064473258826595 -0.041574639328689905
 15.222058658978177 -0.0733903493379084
 15.381035647620743 -0.1393382689466648
 15.541356238944259 -0.18471200298819038
 15.703068418758761 -0.23528622754795375
 15.866172187064251 -0.28765418837193374
 16.030619558050688 -0.36766908045521024
 16.19650650333815 -0.4063363405222396
 16.363785037116592 -0.46030334271246326
 16.53245515938602 -0.2905362710099554
 16.70256485595647 -0.4048054419976276
 16.874066141017902 -0.5545195967971979
 17.046959014570323 -0.5524942696771019
 17.221339448233792 -0.5411090513463056
 17.397159456198285 -0.5539496452771878
 17.57437105265376 -0.5851267592097916
 17.75307020922029 -0.6132234544767694
 17.933208940087844 -0.633956144970234
 18.11478724525641 -0.6486676376018098
 18.297853110536032 -0.6587881020310011
 18.482358550116672 -0.6653518508816662
 18.66835154980837 -0.6691225407000202
 18.855784123801083 -0.6706841067295339
 19.044752243714882 -0.6704916326232286
 19.235159937929705 -0.6689029112186976
 19.427103178065614 -0.6662005681226146
 19.620533978312576 -0.6626085971064777
 19.815404352860554 -0.6583050521410392
 20.011810273329623 -0.6534319138651469
 20.209751739719778 -0.6481027820363797
 20.409180766220985 -0.6424090763880389
 20.610097352833247 -0.6364244978120762
 20.8125494853666 -0.6302090432427029
 21.01653716382103 -0.6238116435733944
 21.22201240238652 -0.6172725505672755
 21.4290231868731 -0.6106250415065622
 21.637569517280763 -0.603896802325202
 21.84760340779948 -0.5971110451369762
 22.059220830049316 -0.5902872899637439
 22.27232581241021 -0.583442145296809
 22.487014326502223 -0.5765897305576463
 22.70319040070529 -0.5697421058389265
 22.92090202082944 -0.5629096745525182
 23.14019717268472 -0.5561014872680832
 23.360979884651044 -0.5493253209752811
 23.583346128348495 -0.5425879164371832
 23.807247917967032 -0.535895200806213
 24.032685253506653 -0.5292522757062734
 24.259658134967367 -0.5226636796916462
 24.488166562349164 -0.5161332720857952
 24.718210535652048 -0.5096644781049056
 24.949838040686057 -0.5032602642614261
 25.18295310583112 -0.49692316390305924
 25.4176517027073 -0.4906554163106027
 25.653837859694534 -0.4844588471764396
 25.891607548412892 -0.47833509551974723
 26.130864797242296 -0.4722855001393791
 26.371705577802828 -0.4663111365271487
 26.614033918474412 -0.4604129342000102
 26.85794579087712 -0.2786699491485439
 27.103345223390875 -0.3512558320287382
 27.35028020182572 -0.44318134959931405
 27.598702740371618 -0.43759309357465276
 27.848708810648642 -0.432082878399192
 28.10015445522668 -0.4266507095343687
 28.353183631535842 -0.421296438070891
 28.607652382146018 -0.4160198362319073
 28.863656678677287 -0.41082055310729215
 29.121196521129644 -0.40569821873008294
 29.380175937883017 -0.40065230753757364
