 0.0019028581025733434 0.999987539869001
 0.00573094529235787 0.9994652075940953
 0.009604071963440288 0.9975083160032191
 0.013522785154054983 0.9933993361089416
 0.017487516736492265 0.9867319055180134
 0.021498938512092603 0.9774640534090977
 0.025557530338956344 0.9658383094329381
 0.02966382006099385 0.9522226760347542
 0.03381838350792554 0.937067928578098
 0.03802179650947183 0.9208388457591661
 0.042274682881163136 0.9039829592278993
 0.04657747449528979 0.8868713798845624
 0.050930699195762145 0.8697326340403629
 0.0553353166987809 0.8527849314520257
 0.05979175887663633 0.8362143756063428
 0.06430050558742881 0.8200983211201235
 0.06886203668925867 0.8043913000739699
 0.0734777917564269 0.789186033664378
 0.07814729093083321 0.7745086735315276
 0.08287149392867824 0.7602220814810982
 0.08765136046616269 0.7463602846299505
 0.09248737040138688 0.73292475105137
 0.09738048345055152 0.7199492114295487
 0.1023306996136566 0.7074171694428639
 0.10733897860690277 0.6952287067750924
 0.11240628014649073 0.6833777563404051
 0.11753308409052082 0.6718542999917259
 0.1227198702970934 0.6605883386290416
 0.12796759848240913 0.6495143621283497
 0.13327722836266867 0.6386535076046825
 0.13864875993787207 0.6279393918459663
 0.14408363278232028 0.6173481824367919
 0.14958184689601337 0.6068494673865814
 0.15514532171135267 0.5964698482012736
 0.1607735773702378 0.5862489050983039
 0.16646757358886954 0.5760562594991987
 0.1722287499415488 0.5658811147525518
 0.178057586286376 0.5557443394146594
 0.18395456248145142 0.545595765448773
 0.1899211181010761 0.5354655144846298
 0.1959572531452501 0.5253784657607645
 0.202063927330174 0.5152688667485464
 0.20824258023014888 0.5051509319326536
 0.21449369170327506 0.4950505326006512
 0.22081774160765288 0.48490816727987723
 0.22721616951758336 0.47469519045791403
 0.2336894552911669 0.4644030820294431
 0.24023855864460403 0.45400161206758116
 0.24686443929409554 0.44348380417380573
 0.25356805695584217 0.4328462351580248
 0.26034989148794413 0.42204223522368095
 0.2672113824647025 0.4110441463592849
 0.2741530097442176 0.3998435696295911
 0.2811762129007905 0.3884579330084813
 0.28828147179252145 0.3769451606173645
 0.2954697461356112 0.36534389575085563
 0.3027419956462604 0.35367639403700546
 0.3100996598987701 0.34195855014979853
 0.31754369860934095 0.33021702753743837
 0.3250745916360733 0.31845465239421217
 0.3326932986951678 0.3066640635278264
 0.3404012593609255 0.2948705856360678
 0.34819943334954717 0.2831139976821011
 0.3560887803772333 0.2714168183785303
 0.3640702601601847 0.2597931845242069
 0.3721453122727023 0.24829226396768336
 0.38031441657288656 0.2369607226934642
 0.38857901263503847 0.22580392405500394
 0.3969405400334589 0.2148304732665039
 0.40539947862624837 0.20404982546833766
 0.4139572679877078 0.19349291527930293
 0.42261486783403795 0.1831954253449797
 0.4313737177395398 0.17317511464652346
 0.44023477742041395 0.1634467525656845
 0.4491994864509616 0.15403031817504556
 0.45826832468928286 0.14491540465185604
 0.46744321156777924 0.13606737960360607
 0.4767255866607517 0.12749450137706167
 0.48611544996820033 0.11921307978413984
 0.4956166403549278 0.11127150660333338
 0.5052281981047334 0.10370387697897415
 0.5149501232176171 0.09645891784116606
 0.5247872142745824 0.08954516634332689
 0.5347346726946258 0.08294967876670374
 0.5448020956397542 0.07669389895769248
 0.5549846845289641 0.07080611891685493
 0.565287237943259 0.06527279391357137
 0.5757097558826387 0.060093750230286055
 0.5862570369281069 0.05524765308452916
 0.59692428249866 0.05069319779383316
 0.607711492594298 0.04638827712990716
 0.6186282643770278 0.04238321375052143
 0.6296745978468492 0.03874477802563626
 0.6408456944227591 0.03546650269889983
 0.6521463526857607 0.03251642267058293
 0.6635813712168573 0.029872231575046232
 0.6751459514350459 0.027499666854406506
 0.6868496905023328 0.02539315840099436
 0.698687789837715 0.023534110580798427
 0.7106602494411922 0.021861972563027365
 0.722771867893768 0.020343435556161617
 0.7350274437764458 0.01898950296499523
 0.747422178508222 0.017800691482528285
 0.7599656692511035 0.01674790191129516
 0.772653117424087 0.015818494300251458
 0.7854845230271725 0.014996292218609935
 0.7984646846413633 0.01423022102861975
 0.8115984008476628 0.013493088691726069
 0.824885671646071 0.01282299441272737
 0.8383216984555847 0.012247122392359191
 0.8519208770192137 0.011744974912419711
 0.865668811593948 0.011277184363095086
 0.8795846965038013 0.010832445968355428
 0.8936541360057634 0.010391440288291968
 0.9078915258428444 0.009920377994340163
 0.9222920674340409 0.009411402381561674
 0.9368605593603564 0.00887674145490637
 0.9515970016217906 0.008337753960236194
 0.9665013942183439 0.007806704547957161
 0.9815833343120228 0.007313480663024438
 0.9968332247408207 0.006874103347763873
 1.0122654612477477 0.006477252009386895
 1.027870446670797 0.006114341313956691
 1.0436625767529788 0.00578712113252556
 1.0596322543322865 0.0054918747791960956
 1.075784277989723 0.005212027023060143
 1.0921282448872955 0.00493527346169114
 1.1086593564440006 0.004645102290054777
 1.1253776126598383 0.004329667511124025
 1.1422926106968152 0.004007376766146242
 1.159399551973928 0.0037033613512456667
 1.1767080336531834 0.0034263844659720055
 1.1942132571535782 0.003173079633472803
 1.2119200210561156 0.002935133274293836
 1.2298283253607958 0.0027111899420048306
 1.2479477672296257 0.002511295298585506
 1.266268749500598 0.0023415880940106607
 1.2848056679167232 0.0021945612512309738
 1.3035585224780015 0.0020611815729247736
 1.3225225146034292 0.0019395208826494537
 1.3417024428740099 0.0018292537652261022
 1.36110790445175 0.0017251231774874274
 1.3807341007556466 0.0016212454157648593
 1.4005858303667031 0.0015146926111290848
 1.420663093284919 0.0014035528710686248
 1.4409754866723015 0.0012863570873973837
 1.461518211947847 0.0011620097915443603
 1.482296067692559 0.0010316386538281271
 1.5033090539064375 0.0009012421556983554
 1.5245667677514894 0.0007806176252181945
 1.5460692092277144 0.0006778140118834566
 1.5678115797541092 0.000594569147556436
 1.5898082750736846 0.000528350906711188
 1.6120544966054362 0.00047679963452766964
 1.634555042930368 0.00044004968236243855
 1.6573147126294834 0.0004196595497703891
 1.680333505702782 0.00041752986773840146
 1.7036114221502643 0.0004356705093197583
 1.7271580591339366 0.000475161180975923
 1.750978215234803 0.0005334628903615384
 1.775062293290856 0.0006007938776557629
 1.799424689045106 0.0006617361545739104
 1.8240654024975533 0.0007025065529264485
 1.8489844336481975 0.0007180753281707453
 1.874186581078042 0.0007146646023973824
 1.8996766433680907 0.0007045987577239448
 1.9254594190993464 0.0006974245279344706
 1.9515301096908062 0.0006943113566450472
 1.9778983123044767 0.0006872979123663423
 2.004568825521361 0.0006636311068336144
 2.0315416493414595 0.0006131875799652974
 2.058816783764772 0.00053437669454438
 2.0864086245343088 0.0004342875446593804
 2.114307574488063 0.0003213021871384441
 2.1425232307880413 0.00020014154691006482
 2.171055593434244 0.0000743115987031208
 2.199914259588678 -0.000047489829556261797
 2.229099229251343 -0.00014835100738669793
 2.258615301003242 -0.00020940487882830936
 2.288467273425379 -0.00022183543035288896
 2.3186503479367504 -0.00019221388173583826
 2.3491789202803663 -0.0001366780268510442
 2.380048191875224 -0.00007335046373015453
 2.411267759883329 -0.00001878442501258869
 2.442837624304683 0.000018168937126287855
 2.474762583720288 0.000040412353301293554
 2.5070474367111477 0.00005559247664283048
 2.5396969818582655 0.00006926535351001767
 2.5727112191616417 0.0000827442129788686
 2.6060997457832826 0.00009036464712840225
 2.639862561723189 0.00008112466079974686
 2.67399966698136 0.00004754315192169643
 2.708525457300807 -0.0000063505679979436325
 2.743435134100525 -0.00006451565614746105
 2.7787382945425216 -0.00011165511579770538
 2.814434938626797 -0.00015115317891880616
 2.8505298649343547 -0.00019542079392961733
 2.8870278720461977 -0.0002369651279919194
 2.9239337585433294 -0.0002459018790138521
 2.9612523230067533 -0.0002051640495445463
 2.998988364017473 -0.00012929638247717002
 3.0371466801564915 -0.00003938940061132516
 3.075727271423809 0.000042447716344620376
 3.114734936400428 0.000086815092956676
 3.1541792722483577 0.00007739626396367977
 3.1940650775485993 0.000026826525680565687
 3.2343875537201505 -0.00001873521979699743
 3.2751610965060203 -0.000024566034968029308
 3.3163905044872135 -0.00003019261880547074
 3.3580709790827257 -0.0000967238181551369
 3.4002169160355677 -0.00021233116385714734
 3.4428283153457393 -0.0003122826886038163
 3.485909975594244 -0.0003616594303745683
 3.529466695362085 -0.0003681499958946845
 3.573503273230265 -0.00033025126387841553
 3.6180293063607927 -0.0002199063285135478
 3.6630447947536666 -0.000023065921242650544
 3.7085545369898902 0.0001992060186955757
 3.754568130231471 0.0003293004584565507
 3.801085574478408 0.00032306514242284314
 3.848111668311706 0.00024611176769946344
 3.8956560088933703 0.00017589906836078077
 3.9437233948044046 0.00014839423229014262
 3.9923138260448097 0.0001583994798863665
 4.041436899776592 0.000163613200111701
 4.091097414580754 0.00013070047082872763
 4.141300169038301 0.00008997596150921232
 4.192054760311239 0.00006500161518196358
 4.243356389818564 0.000023774839690064062
 4.295219453303286 -0.000039284909144530294
 4.347648749346409 -0.00009129304296719291
 4.400644277947934 -0.00010954612820390776
 4.4542204348508685 -0.00008776928057975894
 4.508372421474212 -0.00003707048230015964
 4.563114633560972 0.000007640243813340492
 4.618451869692155 0.000002089611862939453
 4.674384129867759 -0.00007821750413463732
 4.73092101124979 -0.00019873213749237677
 4.788067312419254 -0.00028568758996140776
 4.845847026281165 -0.0002946147476983779
 4.904197771282481 -0.00025758097803073803
 4.963220317624272 -0.000257299709338951
 5.022866679496506 -0.0003279806005714472
 5.083184842709215 -0.0004217231931635712
 5.144078835642332 -0.00044990467750365387
 5.205692615725958 -0.00035587049020044116
 5.267930211340027 -0.0001940050216196759
 5.33083960829457 -0.00008877498099245119
 5.39442080658959 -0.00008487008050718102
 5.458673806225085 -0.0001458141600157453
 5.523598607201056 -0.00023510370470523144
 5.589243195327536 -0.0002651044039328912
 5.655607570604527 -0.00015642072369066807
 5.7225957614119585 -0.000017399966191624626
 5.790351725179933 -0.000007608245957308334
 5.858827476098419 -0.00009061153339041962
 5.9280230141674135 -0.00013284341459391077
 5.997890353576884 -0.00006779454559218974
 6.068573451756932 0.00007936811448786736
 6.139928351277456 0.00024360011088108314
 6.212099009568557 0.00036545717758619604
 6.284989455010169 0.00042553822579243156
 6.358647673412323 0.0004794459059304139
 6.433073664775021 0.0005545286412405928
 6.508267429098264 0.0006265379385290396
 6.5842769521920825 0.0006745898759500298
 6.661054248246446 0.0006553665854289251
 6.738647303071387 0.0005263521212890703
 6.817056116666905 0.0003033124804048791
 6.896232703222967 0.00011828627295853841
 6.976273034359641 0.00004288435886863545
 7.057081138456858 0.00008836575859667372
 7.138800972944721 0.0002671228929165669
 7.221288580393128 0.00042861453451192676
 7.3046879182321796 0.0004423405860317139
 7.38890301484181 0.0003309389713088228
 7.47398185603205 0.0001905624450022315
 7.559972427612936 0.00009747360600969252
 7.646778757964401 0.00008772390548716774
 7.734496818706511 0.00014115435693146255
 7.823126609839266 0.00016061904003828928
 7.912620145552634 0.000015470476964313693
 8.00307339746668 -0.00027201971900360456
 8.094390393961339 -0.0003990184614224151
 8.186667106656676 -0.0002096650089719446
 8.27985554974266 -0.000055243778749402806
 8.373955723219288 -0.0002782501262019266
 8.469063598706631 -0.0005820255425826509
 8.565083204584619 -0.0005493142948582008
 8.662062526663286 -0.0002532154173505968
 8.760001564942632 -0.000019634977914391797
 8.858948305232694 -0.000051507222941342064
 8.958854761723433 -0.00013443906189412693
 9.059768920224887 -0.00007336813338610445
 9.161690780737056 -0.00006792867304084456
 9.264620343259935 -0.00023207825860780754
 9.368557607793528 -0.0002927418958254481
 9.473502574337836 -0.00006796293504795783
 9.579455242892857 0.00012944811380049396
 9.68651158507866 0.00009191099771187332
 9.794575629275176 -0.00009044813381233006
 9.90369536129244 -0.00017407056207794863
 10.013870781130452 -0.00002944872359938724
 10.12510188878921 0.00008279940319073379
 10.23743667007875 0.00002946012087204173
 10.350875124999073 -0.000012884423086965499
 10.465369267740142 0.000020521753581146254
 10.580967084111991 0.00014298374866164967
 10.697716559924658 0.00024209111724377938
 10.81552172355807 0.00019110069105176942
 10.934526532442334 0.00028520200278429376
 11.054587029147344 0.0005046118049618769
 11.175847171103204 0.00039612555617264526
 11.298210986689845 0.000019849290207031145
 11.421726461717302 -0.00023681491417548245
 11.546441581995609 -0.00035240844641315917
 11.672308361714729 -0.00039567799934472794
 11.7993747866847 -0.00038376332128508525
 11.927592871095488 -0.0004045420252454053
 12.057058586567157 -0.0003264648474220937
 12.187675961479643 -0.00015799774710061585
 12.31954096745301 -0.000002438401606512059
 12.45260561867723 0.0000700861388450527
 12.586869915152295 -0.00010892477974867821
 12.722381842688247 -0.00044947723949029223
 12.859189387095117 -0.0004969035555992378
 12.997196576752835 -0.00023030294231376396
 13.136451397471435 -0.0000711824421599166
 13.276953849250921 -0.00006572569863030291
 13.418751917901321 -0.000058925508057755726
 13.56184560342264 0.000036256290366401184
 13.706186920004843 0.00008427849270868255
 13.851871839267996 0.00024791980561835765
 13.998804389592035 0.0003760912505341404
 14.147080542597026 0.000406196583250006
 14.296652312472931 0.00044062273882113464
 14.447519699219754 0.0004286939023539616
 14.599778674457564 0.0004095254453491937
 14.75333326656629 0.0005851093988347442
 14.908231461355967 0.0008659897332448038
 15.064473258826595 0.0009466808244887795
 15.222058658978177 0.0008977019092063457
 15.381035647620743 0.0007229148089689063
 15.541356238944259 0.00041817403973922954
 15.703068418758761 -0.000013409918758888404
 15.866172187064251 -0.0003488774843608992
 16.030619558050688 -0.0005098195479113937
 16.19650650333815 -0.0005075879918953396
 16.363785037116592 -0.00038787226897056006
 16.53245515938602 -0.0002496167751988394
 16.70256485595647 -0.0001468178388276331
 16.874066141017902 -0.00008557440014510964
 17.046959014570323 -0.00004800073309413677
 17.221339448233792 -0.00002008722409700709
 17.397159456198285 -7.466032217204857E-7
 17.57437105265376 0.000010126912426365354
 17.75307020922029 0.000016028310757499977
 17.933208940087844 0.000019742809840180456
 18.11478724525641 0.000022360924161004982
 18.297853110536032 0.00002426928468190199
 18.482358550116672 0.000025655652182660752
 18.66835154980837 0.000026654249003724723
 18.855784123801083 0.000027364810582312386
 19.044752243714882 0.00002786399222378798
 19.235159937929705 0.000028196612347536558
 19.427103178065614 0.000028402239648833256
 19.620533978312576 0.000028520540885412513
 19.815404352860554 0.00002855597144086385
 20.011810273329623 0.000028532508551115035
 20.209751739719778 0.000028474647281096048
 20.409180766220985 0.000028389460902148484
 20.610097352833247 0.000028283332906851683
 20.8125494853666 0.00002815059980582766
 21.01653716382103 0.00002801068429681875
 21.22201240238652 0.000027866775442041
 21.4290231868731 0.00002770952600154882
 21.637569517280763 0.000027557729399046127
 21.84760340779948 0.00002740502216414317
 22.059220830049316 0.000027248547516879705
 22.27232581241021 0.000027094323466877197
 22.487014326502223 0.000026942297889964334
 22.70319040070529 0.000026795369511070352
 22.92090202082944 0.000026650429722469733
 23.14019717268472 0.000026510410917944194
 23.360979884651044 0.000026372369730736584
 23.583346128348495 0.000026239032587743706
 23.807247917967032 0.00002611599628825072
 24.032685253506653 0.000025994627303699517
 24.259658134967367 0.0000258748919194816
 24.488166562349164 0.000025762255421305385
 24.718210535652048 0.000025653961536865022
 24.949838040686057 0.000025549735398381526
 25.18295310583112 0.000025452300111330297
 25.4176517027073 0.000025361489655528296
 25.653837859694534 0.000025271889413558135
 25.891607548412892 0.000025188694898460887
 26.130864797242296 0.000025111883676952644
 26.371705577802828 0.000025041237252447363
 26.614033918474412 0.000024971547825006697
 26.85794579087712 0.000024902672212819676
 27.103345223390875 0.00002484737413365158
 27.35028020182572 0.000024797856186954027
 27.598702740371618 0.000024746578766001345
 27.848708810648642 0.000024708316937340302
 28.10015445522668 0.000024670615826752697
 28.353183631535842 0.000024638232919677913
 28.607652382146018 0.000024613608413038103
 28.863656678677287 0.000024589516241860906
 29.121196521129644 0.000024575230628760428
 29.380175937883017 0.000024568194930956738
 29.640642914747442 0.000024563888188569718
 29.902597451722922 0.000024564377332473448
 30.166039548809458 0.000024564940155232437
 30.430969206007045 0.000024577126887813894
 30.69733843750565 0.00002462237667744882
 30.965195229115306 0.00002463179850619547
 31.234443609215955 0.000024640887545447308
 31.505179549427652 0.000024694404927781743
 31.77735506394037 0.000024749527011542702
 32.050970152754104 0.000024806234972185493
 32.32597683005883 0.00002486237330113494
 32.60242308166457 0.000024917926770333055
 32.8802609217613 0.00002497507280933528
 33.159490350349 0.000025076726432784215
 33.440111367427704 0.000025177591167044475
 33.72212397299739 0.000025232613266518397
 34.00552816705806 0.00002533363902744493
 34.29027596379967 0.00002548240454444932
 34.57631937741221 0.00002558367096797152
 34.86375437951574 0.00002572543413985038
 35.15253298430021 0.000025870532873195667
 35.442607205955596 0.0000259726706433534
 35.733977044481904 0.00002611731930796185
 36.02664249987913 0.000026301567115092542
 36.32065155795731 0.000026445798796539014
 36.615860261286336 0.0000266332657125198
 36.91236458148628 0.000026860005539135547
 37.21011653274711 0.00002700420024821127
 37.50906812925878 0.000027231503642478173
 37.80926735683134 0.000027457281588634203
 38.110666229654754 0.000027680904763603548
 38.413312733539044 0.000027949072562030152
 38.71706291105412 0.000028217268180456284
 39.02201273382004 0.000028481351660131777
 39.32811421602678 0.0000287043338991358
 39.63536735767433 0.000029009926599496363
 39.94372417295267 0.000029356746331390513
 40.253184661861795 0.000029660225418699532
 40.563748824401685 0.00003000444321668211
 40.875368674762335 0.00003034876592680102
 41.18804421294373 0.000030690636987705623
 41.50177543894587 0.000031070509889700624
 41.81656235276876 0.000031492668615550745
 42.13230898279233 0.00003191227744463593
 42.449111300636645 0.00003233151973690942
 42.766825348871606 0.000032790470812872984
 43.085547099117285 0.00003328620868554476
 43.4051805797536 0.00003378417493548089
 43.725725790780565 0.00003427920728648176
 44.04718273219818 0.00003485262318901169
 44.3695034181964 0.000035422994207659796
 44.69273583458527 0.00003599277603989429
 45.01678400974472 0.000036601259068059185
 45.34169592948478 0.0000372481678554212
 45.66737562218538 0.000037933485216262186
 45.99387107365656 0.00003865411617517575
 46.32113429808828 0.00003941568791221824
 46.649117309670515 0.000040173829297406045
 46.977868094213285 0.0000409699030572296
 47.30729068009654 0.00004184226147577002
 47.6374330531303 0.00004274923349929062
 47.96824722750454 0.00004370006304670467
 48.299637231599185 0.000044723661003614466
 48.63169903703431 0.00004575014662048335
 48.96424070056976 0.00004682863597350375
 49.2977420803059 0.000048015693197212766
 49.631723318142384 0.000049268590101195864
 49.96570455597887 0.000050597601807854456
 50.300645510016025 0.00005196083127208075
 50.63606632215352 0.00005339354434865371
 50.971966992391366 0.00005497260125221998
 51.30834752072954 0.00005670072822928784
 51.644728049067716 0.000058497856264780826
 51.98206829360658 0.00006036447182567239
 52.31940853814543 0.0000624124092258959
 52.65770849888497 0.00006464986795273744
 52.99552860152418 0.00006707175590468765
 53.334308420364046 0.0000696646775942437
 53.67308823920393 0.00007248730898313122
 54.01234791614415 0.0000756415494113129
 54.35160759308436 0.00007914662593474481
 54.690867270024576 0.00008296717283791169
 55.03060680506514 0.00008720305833023265
 55.37082619820603 0.00009204641091386619
 55.71104559134693 0.00009772841344949653
 56.05078512638748 0.00010420461530009636
 56.39148437762873 0.00011193223750274892
 56.73170377076963 0.0001211809583381828
