 0. 0.
 0.0006854022858037695 0.07043588259300002
 0.0020642648013986828 0.19422739401293104
 0.0034593503676725946 0.3037525550866193
 0.004870856025726868 0.4004350839851501
 0.006298937334325742 0.48558723597679887
 0.007743836273769133 0.5605008794489208
 0.009205725687128416 0.6264690530242645
 0.0106847957017821 0.6847487488077754
 0.012181253729415831 0.7365079013992076
 0.013695307181715258 0.7827830522668192
 0.01522718075467316 0.8244568000199239
 0.01677703000705378 0.862255166234135
 0.01834504506623562 0.8967598152586408
 0.019931571618361427 0.9284291764025202
 0.02153676522219543 0.9576217493228796
 0.023160798720809016 0.9846181068270391
 0.024803844957273547 1.0096387621494685
 0.02646642246080314 1.0328579345622404
 0.028148358388326425 1.0544137209689977
 0.02984999842598614 1.0744174639179285
 0.03157168825992504 1.092961986567712
 0.033313600733214495 1.1101278630307037
 0.03507608153199724 1.125987331481234
 0.03685913065627329 1.1406072191970396
 0.038663093792185375 1.1540507768685568
 0.04048831662587625 1.1663794878306624
 0.042334972000417276 1.17765579951447
 0.044203232758879836 1.1879472345478186
 0.046093444587406676 1.1973285160195852
 0.04800595317214053 1.2058793364702345
 0.0499407585130814 1.2136790251632061
 0.05189837913944341 1.220802359221451
 0.053878815051226554 1.2273178636320796
 0.05588275762071633 1.2332875631800138
 0.05791003400484135 1.2387663503731527
 0.059960989889744375 1.2438006989423185
 0.0620361438046395 1.2484272701585217
 0.06413566859259812 1.2526735064808612
 0.0662597370966916 1.2565601161533442
 0.06840886784613405 1.260105368638379
 0.07058306084092549 1.26332904291341
 0.07278266176720863 1.2662517983342585
 0.07500818915419762 1.268893114647329
 0.07725981584496382 1.2712715278408275
 0.07953771468257859 1.2734042895903555
 0.08184240419625605 1.275305501887911
 0.0841740572290676 1.2769832174948466
 0.08653301946715594 1.2784394288089207
 0.08891963659666385 1.279673480677897
 0.09133425430373408 1.2806844464379483
 0.09377704543143797 1.2814725369679603
 0.09624852850898966 1.2820418435990233
 0.0987488763794605 1.2824008965091094
 0.10127860757206462 1.282560750372994
 0.10383789492987341 1.282536265735827
 0.1064270841390296 1.282348012373188
 0.10904652088567593 1.2820198672041399
 0.1116967236990265 1.2815732668027677
 0.1143780382652241 1.2810237543397347
 0.11709063742734005 1.2803816002174604
 0.11983486687151712 1.2796553448508827
 0.12261124512696944 1.2788524710997122
 0.12542011787983975 1.2779729582161783
 0.12826183081627077 1.2770058816390126
 0.13113672962240527 1.2759393116237758
 0.13404533282745734 1.2747743443646031
 0.13698781327449838 1.273523774636555
 0.13996468949274252 1.272201830275947
 0.1429764800114038 1.27082333523864
 0.1460233576735537 1.2694025641485436
 0.14910584100840626 1.267948491014832
 0.15222427570210426 1.2664586303005492
 0.15537918028386177 1.2649136873912494
 0.15857090043982158 1.2632866367590927
 0.16179995469919783 1.261557064716744
 0.16506651590506183 1.2597178643964853
 0.16837127542969907 1.257774047252987
 0.1717147518023237 1.2557303231408232
 0.1750969450229357 1.2535814130594976
 0.17851923783610613 1.2513193059488152
 0.18198128455569212 1.248945646209161
 0.18548308518169374 1.246470989598439
 0.18902636814482468 1.2439057135324914
 0.19260940501437127 1.241256767723709
 0.19623565265176088 1.238532729219548
 0.19990338262627988 1.235741760912535
 0.2036143233686419 1.2328824011411341
 0.20736847487884696 1.229951676656872
 0.21116756558760885 1.226953050425466
 0.2150098670642138 1.2238901183300197
 0.21889537930866176 1.2207615086661263
 0.22282755918238029 1.2175626730677749
 0.22680640668536928 1.2142916621714892
 0.23083019338691507 1.210944367573218
 0.23490064771773136 1.2075088064350354
 0.23901949810853187 1.2039688474080394
 0.24318501612860288 1.2003115860919615
 0.24740065863937188 1.1965393807513958
 0.2516646972101251 1.1926700127572336
 0.2559771318408625 1.1887228353907016
 0.26033969096229786 1.1847206811340512
 0.26475410300514496 1.180688192342432
 0.26921863953868996 1.1766387372309313
 0.2737367574243603 1.1725746814280522
 0.2783067282314424 1.1684916607630285
 0.28292855195993616 1.1643767180906341
 0.2876039570405553 1.1602034398541523
 0.2923346719040135 1.1559428173900155
 0.2971206965503109 1.151587137501963
 0.30196030254873374 1.1471466530292191
 0.30685867519142307 1.1426223312816894
 0.31181062918623775 1.137999146944954
 0.31682307825603273 1.133261965435711
 0.3218908371086669 1.1283989675562185
 0.3270190910362813 1.1234021490628026
 0.33220611160816227 1.1182660822356552
 0.33745362725502354 1.1129819225239506
 0.34276163797686504 1.1075444111983686
 0.3481301437736869 1.1019683231844817
 0.3535626015069165 1.0962667417679008
 0.3590555543151263 1.0904237029272406
 0.3646141874904576 1.0844090446403267
 0.3702350441714829 1.0782070389214369
 0.3759233096503434 1.071829535625657
 0.3816755270656116 1.0653216366928373
 0.3874934248480012 1.058737829195336
 0.39338045985893977 1.0521164493076272
 0.3993349036677135 1.0454569990785356
 0.4053567562743224 1.038697913020606
 0.4114494745401939 1.0317377222565272
 0.41761133003461437 1.024512569769435
 0.4238457796190111 1.0170376299360457
 0.4301510948626705 1.0093676315266997
 0.4365290041963062 1.0015555055019596
 0.4429795076199182 0.9936276182249986
 0.44950606199493415 0.9855636759078179
 0.4561052104599263 0.977306120077295
 0.46278213830703596 0.9687709350127621
 0.4695368455362632 0.9598852638378411
 0.4763676037168942 0.9506745909923568
 0.4832761412796427 0.9412535751198016
 0.49026591508593614 0.931701590835183
 0.4973351967050608 0.9220612351785351
 0.5044857145677305 0.912386445421033
 0.5117174686739451 0.9027166291762421
 0.519033915885132 0.8930199692190158
 0.5264333277705777 0.8832120014515116
 0.5339174327609958 0.8732621932089792
 0.5414862308563863 0.86320011039659
 0.5491431789181765 0.8530625622869292
 0.5568882769463667 0.8428764495438337
 0.564719796510243 0.8326394204404726
 0.5726429229019466 0.8223319212531125
 0.5806559276907637 0.8119217952057146
 0.588760539307408 0.8013450666167138
 0.5969584861825935 0.7905373081324083
 0.6052497683163199 0.779444567722457
 0.6136343857085874 0.7680504709133116
 0.6221157952208233 0.7563725594370503
 0.6306957252837414 0.7445048578297175
 0.6393707190359141 0.7325572295139905
 0.6481459617694829 0.7205847886128033
 0.6570214534844475 0.7086068906165839
 0.665997194180808 0.696606110379889
 0.6750749122892781 0.6845597099915924
 0.6842563362405716 0.6724563076935495
 0.6935431944654021 0.6602881668572569
 0.7029337585330561 0.6480003424744776
 0.7124314853049608 0.6354957276466545
 0.7220381032118299 0.6227176122704556
 0.7317536122536636 0.6097216893971188
 0.7415780124304618 0.5965220168975788
 0.7515164890343659 0.5830989119790159
 0.7615655852039479 0.569580263444927
 0.7717287578006357 0.5561398532135634
 0.7820060068244291 0.542928901587995
 0.7924007891367558 0.5300215197013373
 0.8029131047376156 0.517365163440442
 0.8135446820577222 0.5048395047907582
 0.8242972495277893 0.4923156017025358
 0.8351690787171033 0.47978442096303875
 0.8461653549178053 0.467332459377449
 0.8572843496991815 0.4550135023580565
 0.8685295199226597 0.44284115295349674
 0.8799008655882394 0.43081310252012356
 0.8914001151266348 0.4188587043956666
 0.9030289969685592 0.40690440803299766
 0.9147892395447265 0.3948843565547817
 0.9266808428551367 0.3827566910936154
 0.9387072637612173 0.37056438687777093
 0.9508685022629682 0.3584575045603006
 0.9631645583603894 0.3465555519353636
 0.9756006173456223 0.3348857662196244
 0.9881749507879528 0.3234289621042752
 1.0008910155488087 0.31218885329114776
 1.0137488116281896 0.3012524021068435
 1.0267500674568097 0.2906739963760986
 1.0398965114653824 0.28046038281327523
 1.0531898720846216 0.2705781740725621
 1.0666318777452408 0.26092877328654257
 1.0802242568779539 0.2515002442770294
 1.0939687379134746 0.24244194140622066
 1.1078653208518028 0.23389925264958245
 1.1219157341236523 0.22594150478578398
 1.1361234345904505 0.21860248728249856
 1.1504901506829113 0.21192218396688195
 1.165014153970321 0.20590369281640522
 1.17970062974482 0.200492431346752
 1.1945513064371232 0.19572546511022557
 1.2095644556165162 0.19175034631586968
 1.22474526257514 0.18859566426874938
 1.240093727312995 0.18620396530492175
 1.255611578260795 0.18459992467733022
 1.2713005438492533 0.18381100004643866
 1.2871623525090838 0.18373374112780033
 1.3032004611017143 0.18409919093700033
 1.3194148696271444 0.18457034892290144
 1.3358073065160878 0.1848402516401426
 1.352381228629972 0.18465700806524152
 1.369136635968797 0.18387009149828754
 1.3860752569632768 0.1824231422244526
 1.4032005484748384 0.1803656900885179
 1.4205142389341958 0.17784368367372075
 1.4380163283413492 0.17505999443659442
 1.4557102735577256 0.17220965645528016
 1.4735978030140386 0.16933936282717318
 1.4916806451410025 0.1664006846856395
 1.5099622568000448 0.16346959294095442
 1.5284409095604512 0.16085345056726702
 1.547121788714363 0.15890033754863553
 1.566006622692494 0.15768292203034917
 1.5850954114948446 0.15692596148638502
 1.604393340413555 0.156076082374554
 1.6238986810179128 0.1546887954799365
 1.643616618600058 0.15284572186753503
 1.663548881590705 0.1510165847239399
 1.6836954699898536 0.1496713762446582
 1.704059840658931 0.14905351992063268
 1.7246437220286512 0.14916732293994253
 1.745455756252583 0.14997434562233625
 1.7664734737314474 0.1514988507177927
 1.7877331715102331 0.1536220303994848
 1.8092175652818028 0.1560836673838482
 1.8309439393532936 0.15854023859742947
 1.8528777251104311 0.1605008184061536
 1.8750707754746267 0.16187754812542507
 1.8974885218316067 0.1627866968946066
 1.9201482484885075 0.16276601664440718
 1.9430499554453295 0.16218070138121876
 1.9661936427020728 0.16151886908415042
 1.9895793102587371 0.16024118522468409
 2.0132242424224596 0.15819291926047122
 2.037128439193241 0.15639680729835767
 2.0612573319568055 0.1557725805961341
 2.0856627736345663 0.1558456255228019
 2.110327479919385 0.15585311600587778
 2.1352514508112623 0.15596471068470152
 2.160417402003061 0.15654212909716858
 2.185877186416192 0.15731659385330105
 2.2115789511292445 0.15784986148470642
 2.237574549063629 0.15769956051007503
 2.263829411605073 0.1567336672985425
 2.2903608230607118 0.15537944825922834
 2.3171687834305463 0.15379787997692052
 2.344253292714577 0.15251859686742827
 2.37163163521994 0.1529271402385322
 2.3992865266394987 0.15549996477617709
 2.4272352512803903 0.1597103356535111
 2.4554778091426144 0.16445967180285054
 2.4839969159190347 0.16789508628470534
 2.5128271402239246 0.1693015235059608
 2.54193391344301 0.17017293218403892
 2.5713690884977027 0.17214821615377124
 2.601080812466591 0.17494442918876343
 2.6311209382710867 0.1774770250816719
 2.661454897296915 0.17953026356588106
 2.6920999738512137 0.18233741725725502
 2.723073452241119 0.1860955025632824
 2.754340763852358 0.1884220291094383
 2.7859364772992032 0.1888815269976901
 2.8178605925816567 0.18836763754667557
 2.8500958253925797 0.18630626020980648
 2.8826767443462473 0.1827077284621166
 2.9155687808283846 0.17878952057551228
 2.948806503453267 0.1753036344858634
 2.9823726279137563 0.17160190324618618
 3.016267154209853 0.16799358639889173
 3.0505246509558313 0.16505546630090903
 3.0851105495374167 0.1627015374781032
 3.120042134261747 0.1609936670818194
 3.155319405128821 0.16003467749170677
 3.1909596464457777 0.1607549036580296
 3.2269455739054784 0.16105463744137136
 3.2632944718150605 0.16038178359259206
 3.3000063401745248 0.15924783786085825
 3.3370811789838704 0.15873262409970063
 3.374518988243098 0.1583723847163618
 3.4123197679522073 0.15672638599233873
 3.4504835181111986 0.15692714690328805
 3.489044807334346 0.1591187119739461
 3.527969067007374 0.16050754029037095
 3.567273581437422 0.1610107163763285
 3.606958350624489 0.1618559929456228
 3.6470233745685743 0.16367190476659846
 3.6874859375768163 0.16574107452006387
 3.7283460396492143 0.16644627320551222
 3.769586396478631 0.16610977411233993
 3.811224292372204 0.16523178329283372
 3.8532770116370703 0.1631049241261591
 3.895709985658956 0.1614321528422941
 3.9385750673592717 0.16013506050860213
 3.9818204038166063 0.15718967311191587
 4.025497847952372 0.154371810718487
 4.069572831152294 0.15321110663345655
 4.114062637723509 0.15424282982095233
 4.1589845519731545 0.1558441465045654
 4.204321289594093 0.15957490799374305
 4.250090134893463 0.16389192040357653
 4.296273803564126 0.16643769824861848
 4.342906864220357 0.16630918237658254
 4.389954748247881 0.16705542691041542
 4.437452024260972 0.1662173797870669
 4.485381407952496 0.16162166589811636
 4.533742899322449 0.15523536343760636
 4.582553782677969 0.14978575733660673
 4.631831342326197 0.14428929609061106
 4.681541009652853 0.13938522787982097
 4.731700068965076 0.13493457001789838
 4.78230852026287 0.13259965320694475
 4.833383647853367 0.133808071575751
 4.884925451736569 0.13792483715455656
 4.93691664760534 0.14049705605929258
 4.989391804073952 0.13763150541806837
 5.0423163525281325 0.13248559680235758
 5.0957248615821555 0.12920232928124076
 5.149600046928883 0.12825169030030578
 5.203941908568316 0.12667105018113797
 5.258785015114729 0.12319201157831959
 5.314094797953846 0.11886844908923509
 5.369888541392806 0.11318812200641612
 5.426166245431607 0.10830024536515337
 5.482927910070251 0.10446973682213652
 5.540190819615876 0.10314949656033096
 5.59793768976134 0.1057660417904249
 5.656185804813786 0.10973401317180165
 5.714935164773212 0.11019629761523625
 5.774168485332479 0.10772915486783792
 5.833920335105863 0.10232533922277466
 5.8941734297862265 0.09700774445221981
 5.954927769373569 0.09330512974853354
 6.016200638175029 0.09154775640049281
 6.077974751883468 0.09117456601052504
 6.1402501104988865 0.08574036408055924
 6.2030612826355584 0.07833639676273378
 6.266390983986348 0.06800820057523013
 6.330221930244117 0.05337071669704912
 6.39458869002314 0.04176304325224468
 6.4594739790162805 0.035058760366887126
 6.524877797223535 0.03148624775984996
 6.590817428952046 0.026822760777679974
 6.657275589894673 0.0221439779480109
 6.724269564358554 0.01849568035033976
 6.791782068036551 0.015668476009881017
 6.8598476695429405 0.013402120359015921
 6.928431800263446 0.011561908813616892
 6.997569028812343 0.010065849823723862
 7.067242070882494 0.008841990446747749
 7.13743364216676 0.007827148998037712
 7.208178311279419 0.006972912687608558
 7.279476078220469 0.006244057818981196
 7.351309658682773 0.005614832079787621
 7.42367905266633 0.005066048818587687
 7.496601544478279 0.004583159030183365
 7.570077134118618 0.004154973740332778
 7.644088537280212 0.003772786185593572
 7.718653038270198 0.003429748607916856
 7.793770637088573 0.0031204186921918423
 7.869424049428204 0.0028404241152594632
 7.945647843903362 0.002586211591905423
 8.022407451899776 0.0023548584151223883
 8.099737442031715 0.0021439298576440614
 8.177603245684912 0.0019513709957723923
 8.256022147166497 0.001775425252118524
 8.335011430783611 0.0016145718894345334
 8.41453652792198 0.0014674789265643766
 8.494632007195877 0.0013329670454207644
 8.575280584298165 0.0012099821735111576
 8.656482259228843 0.0010975743516839017
 8.738237031987914 0.0009948816993009422
 8.820544902575376 0.0009011176905229196
 8.903405870991229 0.0008155615134746346
 8.98683722154261 0.0007375502612312483
 9.070804385615245 0.0006664727070418751
 9.155341931823408 0.0006017644170615657
 9.240415291552825 0.0005429034532759158
 9.326059033417772 0.0004894069529076249
 9.412238588803971 0.0004408280815094495
 9.498988526325698 0.0003967534151742148
 9.58627427736868 0.00035680058865931075
 9.674130410547193 0.00032061618370642043
 9.762522357246956 0.00028787377724326797
 9.85146740177511 0.000258272155766329
 9.94094825982452 0.00023153362314842784
 10.03099950000946 0.0002074024405576113
 10.121569269408514 0.00018564335285636176
 10.212709420943098 0.00016604017325433474
 10.304368101691795 0.0001483944794337431
 10.396579880268888 0.00013252435220803107
 10.48934475667437 0.00011826320147199838
 10.582628162293968 0.00010545864905379002
 10.676447381434821 0.0000939714780165872
 10.770802414096929 0.00008367464014397931
 10.865693260280288 0.000074452323336806
 10.961119919984903 0.00006619907155842139
 11.057065108903634 0.00005881897682893099
 11.15354611134362 0.0000522248986635858
 11.250528358690584 0.000046337754418754024
 11.348046419558804 0.000041085848496734134
 11.44608300964114 0.000036404249950530006
 11.544638128937592 0.0000322342170896437
 11.643694493141021 0.00002852266251036614
 11.743269386558572 0.000025221652795844468
 11.8433455248831 0.000022287956893073972
 11.943922908114606 0.000019682619081596336
 12.045001536253094 0.000017370572597061964
 12.14658140929856 0.000015320280028969406
 12.248662527251007 0.000013503405659910905
 12.351227605803295 0.000011894514117156508
 12.454259360648287 0.00001047079418639708
 12.557792360400262 0.000009211807410301746
 12.661809320752075 0.000008099256802813428
 12.766292957396596 0.000007116777405186209
 12.871243270333819 0.00000624974569396858
 12.97666025956375 0.000005485104388274648
 13.082561209393523 0.000004811205666504666
 13.188894266901725 0.000004217667398366261
 13.295694000702635 0.000003695243413699705
 13.402943126489111 0.00000323570599132581
 13.510624359954017 0.000002831739664727258
 13.618754985404491 0.000002476845348684191
 13.727317718533397 0.0000021652536952717173
 13.836329843647869 0.0000018918474132164777
 13.945739507826499 0.0000016520909838728264
 14.055581279683558 0.0000014419675882396723
 14.165837874911912 0.0000012579225296957223
 14.276509293511557 0.0000010968124290556025
 14.387578251175361 9.55859686792305E-7
 14.49904474790332 8.326117101232977E-7
 14.610908783695432 7.249045091928988E-7
 14.723153074244566 6.308300197468065E-7
 14.83577761955072 5.487070488185151E-7
 14.948782419613892 4.770553719429342E-7
 15.062167474434082 4.1457255732398343E-7
 15.175898215397018 3.601134357492177E-7
 15.29000921111697 3.1267174045927515E-7
 15.404448608672533 2.7136388250262296E-7
 15.519250976677975 2.3541446624811802E-7
 15.634381746519026 2.0414352199302896E-7
 15.749840918195682 1.769551008476437E-7
 15.865628491707948 1.53327242185887E-7
 15.981727182748681 1.328030616826226E-7
 16.098154275625024 1.1498288501835533E-7
 16.2148752017227 9.951728832186195E-8
 16.331907245348845 8.610096742254307E-8
 16.449215837889184 7.44673162027471E-8
 16.56681826365086 6.438365657114888E-8
 16.684697238326727 5.564703848568643E-8
 16.802835477609655 4.808053468177801E-8
 16.921250265806776 4.1529990434639206E-8
 17.03990703430382 3.5861165905250305E-8
 17.158823067407923 3.095722373224687E-8
 17.277981080811948 2.6716525602864756E-8
 17.397346505901616 2.3050703920942915E-8
 17.516953911291207 1.988296468521681E-8
 17.63673415975217 1.7146605895017603E-8
 17.75686009435588 1.4783722529511271E-8
 17.87715887203096 1.2744069603604058E-8
 17.997457649706043 1.0984071700484737E-8
 18.118102113523864 9.465957026811134E-9
 18.23891942041306 8.157001287315184E-9
 18.35990957037363 7.0288690004115505E-9
 18.481072563405572 6.057039541333765E-9
 18.602235556437513 5.220305802573491E-9
 18.723744235612198 4.500340336090488E-9
 18.845252914786883 3.881316522732348E-9
 18.967107280104315 3.3495801168005817E-9
 19.088788802350376 2.8933645969096415E-9
 19.210816010739176 2.50254394645377E-9
 19.332843219127977 2.1684198384869146E-9
 19.455043270588156 1.8835369261101315E-9
 19.57724332204833 1.6415249901638906E-9
 19.6994433735085 1.4369626821010693E-9
 19.821816268040052 1.2652617744830193E-9
 19.94436200564297 1.1225687287350987E-9
 20.06690774324589 1.0056821433975354E-9
 20.189280637777436 9.119841012705493E-10
 20.311999218451728 8.393844758150505E-10
 20.434544956054648 7.862770656148276E-10
 20.55726353672894 7.5150588610239E-10
 20.67980927433186 7.343742621053866E-10
