 0.001472741666691792 1.0353817311533013
 0.0044355393132953225 0.9334096130831527
 0.007433195849620523 0.9166313961409239
 0.010466134662991946 0.9117026458941042
 0.013534690006560561 0.9105944782864297
 0.016639381829672305 0.9111082001632252
 0.019780581524717147 0.9123358357005842
 0.02295869762332403 0.9137916321104957
 0.026174175796360923 0.9151931439512706
 0.029427461714695766 0.9163947866868636
 0.032719038188435516 0.9173418589492628
 0.036049239470731125 0.9180294672727646
 0.039418474093211565 0.9184751543349902
 0.042827484840656745 0.9187041369050778
 0.046276605966217625 0.918743150505491
 0.04976620886228418 0.918619253820399
 0.053296664921246364 0.918361332762138
 0.05686908832027405 0.9179995836431136
 0.060483107666977294 0.9175605533122134
 0.064139465746136 0.91706299984727
 0.06783890534253009 0.9165196760876831
 0.07158179784854954 0.9159426715026754
 0.07536888604897427 0.9153443762813371
 0.07920016994380426 0.9147340872859231
 0.08307639231781944 0.914113405137993
 0.08699829595579972 0.9134771851191859
 0.09096625225013508 0.9128233038889092
 0.09498063259321547 0.9121551052772845
 0.09904217976982083 0.9114747871884233
 0.10315163656473104 0.9107795166790189
 0.10730900297794614 0.910064491833219
 0.11151539318663597 0.9093313487980191
 0.11577080719080057 0.9085919651631622
 0.12007673055999978 0.9078611505312478
 0.1244327919018436 0.9071453108226912
 0.12883973400111198 0.9064399209759082
 0.1332986710349748 0.9057319024778913
 0.13780997439582202 0.9050007311501068
 0.14237401547604359 0.904227013179309
 0.14699190845280938 0.9034057763707641
 0.15166365332611945 0.9025438298675061
 0.15638999288075364 0.9016451503165344
 0.1611720412938819 0.9007051150301825
 0.16601016995789414 0.8997208412396683
 0.17090475026518032 0.8986934819621789
 0.17585689639291036 0.8976137858099991
 0.1808669797334742 0.8964609651790877
 0.18593574307165175 0.8952217261420694
 0.19106392919222293 0.8939030892112615
 0.1962522808799677 0.8923555657088896
 0.201501169527276 0.8911187060820194
 0.20681170931131768 0.8896629065122589
 0.21218427162448272 0.8881239505081617
 0.217619970643941 0.8864801816070227
 0.22311917776208248 0.8847618102640986
 0.2286826357636871 0.8830216816820564
 0.2343110874335348 0.8812806217018312
 0.24000564694879536 0.8795281266983545
 0.24576705709424881 0.8777484800535907
 0.25159568926228504 0.8759188096818091
 0.257492286237684 0.8740219115660723
 0.2634579621976156 0.8720724766601697
 0.2694934599268597 0.8700932034645601
 0.2755995222101962 0.8680926002407864
 0.2817768918324051 0.8660797026970708
 0.2880266829706563 0.8640664321029745
 0.29434926701733966 0.8620540713494301
 0.3007457581496252 0.8600286980041616
 0.30721727054468256 0.8579826415272926
 0.313764175594902 0.8559378363205048
 0.3203875874774531 0.8539437912460147
 0.3270882489771161 0.8520334869095386
 0.3338672742710606 0.8501890223115407
 0.34072540614406666 0.8483604312805889
 0.3476637587733042 0.8465256868159304
 0.354682703551163 0.8446967589575604
 0.36178372604720305 0.8428603756569262
 0.3689679404385942 0.8409823642915591
 0.3762353467253365 0.8390662818417572
 0.38358891604654954 0.8371563664844853
 0.39102790561745343 0.835308065842969
 0.3985523154380482 0.8334711973484181
 0.40616585943223343 0.8315441232041454
 0.4138648236761095 0.8295395541296319
 0.42165663601747566 0.8275578904948975
 0.4295375825324323 0.825654612492627
 0.437511377144879 0.8238804107528725
 0.44557801985481565 0.8222448337351514
 0.4537412245861421 0.8207675621241887
 0.46199727741495855 0.8194329456262183
 0.470346178341265 0.8181637349077402
 0.4787953552128608 0.8168487158871959
 0.4873448080297459 0.8154353951812373
 0.49599082286802065 0.8139755812173671
 0.5047371136515847 0.8125228887692896
 0.5135873943043375 0.8110584842104466
 0.5225379509023796 0.8095456651997225
 0.5315962112935102 0.8079676142465206
 0.5407584615538298 0.8063170650812169
 0.5500247016833381 0.804908579703728
 0.5593986456059349 0.8028833460803573
 0.5688840072455199 0.8009311541536223
 0.5784770726781933 0.7986638765806157
 0.5881852697517542 0.7960957175582589
 0.5980048845423034 0.7932505968595737
 0.6079359170498407 0.7902041042516785
 0.6179820811982656 0.7870364614762563
 0.6281470909114777 0.783802259128821
 0.6384309461894772 0.7806744999301374
 0.6488299331083643 0.777845640555853
 0.659355193439838 0.7752348197001326
 0.6699955854121992 0.7726033781879058
 0.6807659647210466 0.7698580323650365
 0.6916551895946812 0.7668737980426971
 0.702674401804802 0.7636170906326483
 0.7138198874275093 0.7600691622341389
 0.7250953603867026 0.75609169600843
 0.736500820682382 0.7515481674306003
 0.7480362683145476 0.7463535712707783
 0.7597091311309984 0.7404521726540167
 0.7715119812839353 0.7338681325647248
 0.783455960545057 0.7266986125624242
 0.7955336410665645 0.7189156498316389
 0.8077561646201564 0.7103458449195846
 0.8201161033580338 0.7011967907997901
 0.832617171204096 0.6918359805496833
 0.8452667960061422 0.6823621150491548
 0.858061263840273 0.6727703699553332
 0.8710005747064883 0.6631688442038703
 0.8840921564525873 0.6535618314709245
 0.8973322951546704 0.6437006104103213
 0.9107284186605367 0.6330243063941267
 0.9242768130462868 0.6209874902667432
 0.9379811922358202 0.6076223963855795
 0.9518415562291369 0.5937240986056148
 0.9658653328740362 0.5802315076127925
 0.9800450943227187 0.5675423271840303
 0.9943919823468833 0.5557615733544076
 1.0089059969465302 0.5448328608526548
 1.0235834241977595 0.5341334206090149
 1.0384279780244707 0.5227568220030508
 1.0534470862744634 0.5104158273265899
 1.068637035023838 0.49702683551546273
 1.0840015381964936 0.48186921734989135
 1.0995405957924307 0.46433311403952116
 1.1152616356594482 0.4448362803836844
 1.1311609438736467 0.4241221580818348
 1.1472422343589257 0.40251305533113996
 1.1635055071152853 0.37968788442667917
 1.1799581899905247 0.33216843039338495
 1.1966002829846436 0.3285900212473089
 1.2134280721737427 0.3010993118304785
 1.230452699329521 0.27338470759786554
 1.2476704505280785 0.24586670872877836
 1.2650850396933147 0.21852447759526533
 1.2827001807491296 0.19107445614494312
 1.300515873695523 0.16368041144128417
 1.318532118532495 0.13726943298873254
 1.3367563431078446 0.11287302187566826
 1.3551922613454717 0.09119253375391462
 1.3738324453975768 0.07297844336540858
 1.392688037035859 0.05907039774151136
 1.411759036260318 0.04992959399552506
 1.431045443070954 0.044905892883506826
 1.4505509713916667 0.04255846396895731
 1.4702793351463554 0.041369802640392875
 1.4902342482589197 0.038954488893300714
 1.5104119968054606 0.032473985832398564
 1.5308200086337767 0.02121290372255488
 1.5514619976677675 0.007750277302751565
 1.5723379639074335 -0.004438441480616144
 1.593447907352774 -0.01358145921122792
 1.614802969775489 -0.017494874714304765
 1.6363957233277782 -0.020463390816846175
 1.658233595857441 -0.023566827822971478
 1.6803165873644779 -0.02358477594993422
 1.7026521256966876 -0.02275104672875618
 1.7252402108540703 -0.02061916234174895
 1.7480845567605257 -0.016742485461143635
 1.771188877339953 -0.011016720649478477
 1.7945494586684532 -0.003618247789492395
 1.8181774425177244 0.0049274751073157185
 1.8420691149638675 0.01385440637766836
 1.8662319038546817 0.022791492417682135
 1.8906658091901671 0.031926360377136254
 1.9153745448942228 0.04142056700674134
 1.9403618248907488 0.05080368720235218
 1.9656313631036444 0.05892784165716429
 1.99118315953291 0.06468400199470707
 2.0170246420263442 0.06777969281334914
 2.043155810583948 0.06859980553023154
 2.0695766652057204 0.06762544388435023
 2.0962983476633608 0.06519474945827299
 2.1233171440329697 0.06140753717726954
 2.1506404821623453 0.05646852306940631
 2.178268362051489 0.05084508709484325
 2.206204497624299 0.04468381488866217
 2.234452602804676 0.03791535847241664
 2.263016391516519 0.0308822077354247
 2.2918995776837283 0.019355829249564707
 2.3211058752302027 0.019325632328932165
 2.3506389980798423 0.0161519075253906
 2.3804989462326467 0.014808377197705816
 2.4106894336125158 0.013975398879589793
 2.4412178880672486 0.012579732789429587
 2.472088023520745 0.010546741314681841
 2.5032961260491056 0.008242770680835258
 2.5348533374240283 0.006342812264630393
 2.5667633715694134 0.005320006828718157
 2.599022514561361 0.005025007494792033
 2.63164190817157 0.004571574802346055
 2.6646215524000407 0.0032606436325578365
 2.6979651611706723 0.0019395538024242233
 2.731676448407365 0.0013933636378190895
 2.7657591280340172 -0.0010083079972761225
 2.8002206278984296 -0.009306216648718188
 2.835060948000601 -0.019733924718363167
 2.8702838022644315 -0.026717097511212894
 2.9058966185377204 -0.03243319011220468
 2.9418993968204674 -0.0359292571274495
 2.9782958510365725 -0.038045440244328384
 3.0150934090338346 -0.042301480697342284
 3.052295784736153 -0.04243931812386168
 3.0899029781435288 -0.03827991938181172
 3.12792241710376 -0.027387711524780547
 3.1663578155407466 -0.00870652218215673
 3.205212887378388 0.015043152456459482
 3.2444950604644847 0.04050657740465044
 3.2842006208751355 0.07251373977378726
 3.3243407103820397 0.10201831823418159
 3.364919042909097 0.10774063211393091
