 0. 0.
 0.0005593197229443525 0.06992670110310337
 0.0016845348209600908 0.1934598552806491
 0.002822988672914983 0.3033234014575853
 0.003974842073391286 0.40083954826674556
 0.005140221965480255 0.4872228484058945
 0.006319325816212733 0.5636628024561029
 0.007512294673467891 0.6313481616414003
 0.008719283689912819 0.6914385690027736
 0.009940462123002527 0.7450206370696595
 0.011175999230192019 0.7930713909979086
 0.012426078373724222 0.836437493886048
 0.01369082649669039 0.875830168293042
 0.014970398751757614 0.9118319151491788
 0.016265077234684237 0.9449107685121523
 0.017574988888561516 0.9754378729250411
 0.01890027476126863 1.0037054633436113
 0.02024107590068474 1.029943307473078
 0.02159781545044737 1.054333178696573
 0.022970352362677353 1.0770209195641731
 0.024358968733133025 1.0981263245769257
 0.025763946657572735 1.1177504433014906
 0.027185427183875656 1.1359808060167518
 0.028623692407800133 1.1528961108066613
 0.03007874232934617 1.1685707743919629
 0.03155085904427211 1.1830781135761474
 0.03304032464833629 1.1964906081603954
 0.0345472801894179 1.2088777810489277
 0.0360718667153961 1.2203041635572613
 0.03761436632202923 1.2308286105814552
 0.039175061105075654 1.240505963134412
 0.04075395106453536 1.2493895236989643
 0.04235145934404587 1.2575329869400862
 0.043967585943607175 1.2649906938828936
 0.045602895054735984 1.2718165809817155
 0.0472572456295531 1.2780629331244446
 0.048930919763816895 1.283778011111144
 0.050624340601164865 1.28900332894871
 0.05233764918947619 1.2937728806245945
 0.05407098657663006 1.2981153964388608
 0.05582477590626396 1.3020575173086697
 0.057599017178377926 1.3056256972103972
 0.05939399248873027 1.3088451540659165
 0.06121012498095854 1.3117397712681695
 0.06304755570294189 1.3143331901248025
 0.06490642570255949 1.3166485556382572
 0.06678715812344886 1.3187067701088058
 0.0686898940134892 1.3205272347991797
 0.07061491546843882 1.3221302457821607
 0.07256250458405607 1.3235362897310199
 0.07453294345609932 1.324761297122691
 0.07652637313244771 1.3258145310738718
 0.0785432167567388 1.326701226225303
 0.08058361537685171 1.3274257536678422
 0.08264799213642401 1.3279950622686794
 0.08473648808333484 1.3284204140892295
 0.08684938531334256 1.328715325300033
 0.08898696592220551 1.3288927844136238
 0.0911496530535612 1.3289654109886386
 0.093337728803168 1.328943440956033
 0.09555133421890505 1.3288307019685377
 0.09779075139653072 1.3286254917320803
 0.10005640347968252 1.3283274570351802
 0.10234857256411879 1.3279425799290099
 0.10466754074559789 1.3274801745608593
 0.10701359011987815 1.326944052500057
 0.1093871438305971 1.3263283101619503
 0.11178834292563392 1.3256231960164389
 0.1142176105486261 1.3248223621707655
 0.11667536984321117 1.3239242977938188
 0.11916176185726833 1.3229310778705248
 0.12167720973443504 1.3218471293612133
 0.12422199557046971 1.3206764153904087
 0.12679654250900982 1.3194228771188146
 0.12940113264581374 1.3180924231570563
 0.13203618912451895 1.3166916716655572
 0.13470185299300466 1.3152245834752216
 0.13739868844278752 1.3136935391318385
 0.1401271186175051 1.3121054857296488
 0.14288714351715737 1.310471207971644
 0.14567989152477773 1.3087982035430583
 0.1485050805446078 1.3070867875598828
 0.1513627105766476 1.3053283189068818
 0.15425419209968885 1.303513193731795
 0.15717811463493989 1.3016448638349867
 0.16013729913998406 1.299740843344358
 0.1631303351360297 1.2978210246286144
 0.16615863310186854 1.2959004015007425
 0.16922219303750055 1.2939817814890342
 0.1723224254217175 1.2920516038102574
 0.1754579197757276 1.2900888578080405
 0.1786286760995309 1.2880766013579947
 0.18183751535071083 1.2860032313384073
 0.18508443752926743 1.2838626340434587
 0.1883680321564089 1.2816592974653587
 0.19168970971092708 1.2794004602492677
 0.19505088067161355 1.2770822960012278
 0.19845013455967672 1.2746981840443548
 0.20189029233269995 1.272250955854497
 0.20536994351189158 1.2697428629840941
 0.20888908809725157 1.2671736014398027
 0.21244913656757164 1.2645584275415127
 0.21605149940164356 1.2619349131802162
 0.21969476612067554 1.2593447927858612
 0.22338175768225108 1.2568120444440045
 0.22711106360757846 1.2543390843235764
 0.23088268389665767 1.2519141215132197
 0.2346980290282804 1.24951193400922
 0.2385585094812384 1.247089777078293
 0.2424641252555317 1.2446014352205743
 0.24641346587236862 1.242019000542467
 0.2504107627681242 1.2393246071175141
 0.2544517845064233 1.2364970091146814
 0.2585421730024329 1.2335316339206945
 0.26267769681977776 1.2304545057414242
 0.2668625873948331 1.2273155648540768
 0.2710954342488072 1.224165841594735
 0.27537764786049174 1.2210322033304601
 0.2797092282298867 1.2179152122653887
 0.28409017535699216 1.2147969307916837
 0.28852331019939154 1.211648068554649
 0.29300581179950136 1.2084254226345257
 0.2975419115936968 1.2050798044039548
 0.3021287886243945 1.2015711552870856
 0.3067706743279695 1.197889135375502
 0.31146474774683847 1.194052917199593
 0.31621241935979305 1.1900850748253586
 0.32101651012441673 1.1860126267432793
 0.3258756095619178 1.1818639976330292
 0.3307897176722962 1.1776426655405394
 0.3357616554131355 1.1733345978501535
 0.3407900123056438 1.1689308070723317
 0.34587760930740474 1.1644277288862483
 0.35102303593962647 1.1598189169732946
 0.3562277026811007 1.1551106635017414
 0.3614916095318276 1.1503457226827114
 0.3668175774493905 1.1455790615220636
 0.37220278547620583 1.140817907048705
 0.37765146504864894 1.1360077460119662
 0.3831636161667198 1.131080934404282
 0.38873782835162674 1.1259982311547054
 0.3943755120821613 1.1207448574514904
 0.4000794883159071 1.115310008869212
 0.40584834657407237 1.1097037811371515
 0.41168349733544884 1.1039498357283104
 0.4175849406000365 1.0980598742185061
 0.42355549732541875 1.092025389119461
 0.42959375703280395 1.0858142006171199
 0.4357011302009838 1.0793973549532414
 0.4418776168299583 1.0727791638717965
 0.44812603787731087 1.0660054702285335
 0.4544463933430416 1.0591333487757093
 0.4608372727483586 1.0521529884645056
 0.4673029075296373 1.0449855963366994
 0.4738418872080858 1.037591024582601
 0.4804556222624957 1.0299681708239439
 0.48714552317165905 1.0221081551645443
 0.4939115899355756 1.0139866411347658
 0.5007538225542455 1.005568306085937
 0.507675041985252 0.9968813899799558
 0.5146766587073871 0.9880140935031466
 0.5217558517630672 0.9790209891561308
 0.5289168525886674 0.9698767247340071
 0.5361596611841878 0.9604822074382134
 0.5434842775496285 0.9507785762234983
 0.550892112163781 0.9407819397001891
 0.5583845755054372 0.9305190013552835
 0.5659630780533887 0.920050092499323
 0.573626209328844 0.9094162856233017
 0.5813767902893864 0.8986155317877307
 0.5892162314138074 0.8876400156762849
 0.5971445327021074 0.8765306206437007
 0.6051616941542862 0.8653425273117273
 0.6132719472067192 0.8540726429141988
 0.6214724709018224 0.8426601030395794
 0.6297660861971799 0.8310397383002381
 0.6381527930927913 0.8191670630394421
 0.6466354125462401 0.8070472579183279
 0.6552139445575266 0.7947238512101212
 0.663889799605442 0.7821718420738231
 0.6726643881687785 0.7693485853505969
 0.6815362997687442 0.756260452559471
 0.6905097658417141 0.742948347455864
 0.6995833759088967 0.7295290261779205
 0.7087599509278756 0.7161284021494826
 0.7180394908986505 0.7027275992939135
 0.7274234063000132 0.6892222745755688
 0.7369131076107555 0.6755697409301045
 0.746510005309669 0.6617047853760398
 0.7562140993967539 0.647611390604386
 0.7660282108295934 0.6333386192973213
 0.7759523396081878 0.6189336691706614
 0.7859864857325368 0.6045052254538966
 0.7961348806390158 0.5901889281432774
 0.806396113848833 0.5760285625549212
 0.8167730063195718 0.5619170409786423
 0.8272655580512323 0.5476716546784376
 0.8378751795226062 0.5332427539803235
 0.8486032812124852 0.5186797048666141
 0.859451273599661 0.5040009799802257
 0.8704205671629254 0.48929821852582667
 0.88151257238107 0.47468655720558167
 0.8927286997328867 0.46010741634282687
 0.9040689492183753 0.4454635777717696
 0.9155347313163277 0.43082019979186076
 0.9271288669843273 0.4162735333023898
 0.9388527667011659 0.401826743042993
 0.9507050199880517 0.3875005001048888
 0.9626898582813598 0.37337865814341864
 0.9748086920598821 0.35950511183400785
 0.9870601108448266 0.34597984327241704
 0.9994483460725687 0.33280212707499207
 1.0119733977431085 0.3199665055232337
 1.0246366763352377 0.30767868053312886
 1.0374395923277475 0.2960599706384826
 1.0503835561994304 0.285014184012312
 1.0634713889078695 0.2743327205735823
 1.0767030904530646 0.2638022083501752
 1.0900800713138077 0.25344650660966994
 1.1036051524476822 0.24332600268592505
 1.1172783338546879 0.23349452907037072
 1.1311010260136172 0.22427886501727234
 1.1450760498820527 0.21583903447319283
 1.1592048159387864 0.20800863660620955
 1.1734873241838186 0.20069401743565085
 1.1879263955747326 0.19382152476101333
 1.2025234405903198 0.18737605670321103
 1.2172798697093723 0.1814115814726277
 1.2321985038894736 0.1758632272534809
 1.2472779326518317 0.17058512654513766
 1.262522387432822 0.16570552321083026
 1.277933278711236 0.1614118058260258
 1.293510606487074 0.15767779286613368
 1.309258602196711 0.15447532526830374
 1.3251758553613553 0.151808421745487
 1.3412665974173819 0.14960356802660055
 1.3575322388435829 0.14770704288645323
 1.3739727796399581 0.14597091113792388
 1.3905910407640907 0.14424407594401656
 1.407388432694773 0.14239737055269974
 1.4243720078259632 0.14045598466815365
 1.441523429933369 0.1386166040159032
 1.4588723190716164 0.13712921886594975
 1.4764045704527888 0.13618655940800795
 1.4941342888648026 0.13574251801398582
 1.512033264731824 0.1355405651046934
 1.5301438124176043 0.1354266902130117
 1.5484377223463095 0.13551263728629562
 1.5669290993058562 0.13602484035628729
 1.585617943296245 0.13700341444117242
 1.6045042543174755 0.13824949826275207
 1.623588032369548 0.13948611616933057
 1.6428833822403792 0.14039356710971423
 1.6623903039299701 0.14075115281329637
 1.6820805878624852 0.14059956028350487
 1.7019965484016766 0.14013937073688304
 1.7221240807596274 0.1395095844112195
 1.742463184936337 0.13863649721991111
 1.7629997561438888 0.13733633489285504
 1.783776108746034 0.13565478952642968
 1.8047499283790214 0.1339318103888213
 1.825963529406602 0.1324973017521641
 1.847388702252942 0.1313263380513276
 1.8690395517059581 0.13003618463233188
 1.8909160777656508 0.1286299628976892
 1.9130182804320202 0.1276488665960696
 1.935360264492983 0.12778293970671262
 1.957927925160622 0.12976754394844486
 1.980735367222855 0.13356404197708308
 2.0037825906796813 0.1383308463521413
 2.0270554907431846 0.14337268147348317
 2.050582276989198 0.1482534878556848
 2.0743347398418885 0.15279362693330964
 2.098355193665007 0.1570929279381222
 2.1226013240948016 0.1610226762775425
 2.1471154454950248 0.16376485303440755
 2.1718693482898415 0.1645140510984888
 2.196877137267169 0.1634612746767229
 2.222152917214925 0.16115861292121675
 2.2476684785572743 0.15810014805223732
 2.273452030870052 0.15507182395564317
 2.2995035741532583 0.15259769863535166
 2.3258090036189754 0.1509209751312261
 2.3523965288430375 0.1498107777562242
 2.379237940249611 0.14887392084515053
 2.40636144741453 0.14798516335403836
 2.4337529455498768 0.14727040006122497
 2.4614124346556516 0.14632976099073416
 2.48936812430769 0.1446315887683844
 2.517591804930156 0.14262143049584927
 2.546097581310968 0.1406705889290809
 2.574885453450125 0.138323677929023
 2.603969526135545 0.13629584784171217
 2.6333356945793107 0.13573652602446584
 2.6629980635693387 0.13637738683492154
 2.69295663310563 0.13693192160019177
 2.7232114031881833 0.13694671720053114
 2.753762373817 0.13730150815061606
 2.784609544992079 0.13838736553483366
 2.8157529167134214 0.13912101201660648
 2.847220698556861 0.1389798296988922
 2.8789846809465627 0.13879890699120098
 2.911058968670445 0.13898258481783374
 2.943443561728507 0.1386380819760431
 2.9761384601207492 0.13687068215766132
 3.009157768635089 0.13372612018438618
 3.042501487271526 0.13042168368590826
 3.076155511242143 0.12828897571016862
 3.110133945334857 0.12669487769157292
 3.1444508943375857 0.1250772991718857
 3.1790781486744946 0.12473986093600262
 3.214058022709335 0.12559730702269453
 3.2493482020783557 0.12592987119555352
 3.2849910011453085 0.12614075753938925
 3.3209582103343585 0.12799640939055718
 3.357263934433423 0.1321466347270572
 3.3939222782304195 0.13726339010731958
 3.43091913693743 0.1409964759510618
 3.468268615342373 0.14394786588154734
 3.5059566086573306 0.14768811038909446
 3.544011326458137 0.15165542866721962
 3.5824045591689586 0.15206786186593443
 3.6211645163656283 0.14845620980902252
 3.660277093260231 0.1426653479844391
 3.6997422898527645 0.13529079068891212
 3.7395742109311474 0.1298095015266517
 3.7797869612832975 0.1272628075412729
 3.8203523313333787 0.12588900535265604
 3.8612844258693086 0.12361395685119268
 3.902583244891089 0.12051752654026122
 3.944262893186635 0.11840381344008775
 3.9863233707559473 0.11832683355755337
 4.028750572811109 0.11842538603384221
 4.071572708927954 0.11937088111137464
 4.114761569530649 0.12117588219666488
 4.158345364195028 0.12266929688103831
 4.202309988133171 0.12139795189214214
 4.246655441345083 0.11686076085540356
 4.2914099334065945 0.11234418886504705
 4.336545254741873 0.1071025981611687
 4.382075510138835 0.1032085099512807
 4.42800069959748 0.10364445994752944
 4.47432082311781 0.10460966058365555
 4.521049985487741 0.10165825421306146
 4.568174081919354 0.09707822225077034
 4.615707217200569 0.09072128231382022
 4.6636493913313855 0.0862090565989365
 4.711986499523885 0.08650497977509895
 4.760746751353903 0.08799941796855221
 4.809916042033522 0.09045584625244082
 4.859494371562741 0.09228402223631409
 4.90949584472948 0.0907634904562844
 4.959906356745818 0.08597727612268735
 5.010725907611758 0.08171784673444359
 5.061982706903134 0.0788931952468573
 5.113662649832027 0.0758853406303447
 5.165751631610521 0.07305450888063691
 5.218277861814452 0.07109082809782985
 5.271227235655901 0.06791474570919122
 5.3245997531348666 0.06142320429722535
 5.378409519039269 0.05253534527852474
 5.43264242858119 0.04316796137960893
 5.487312586548546 0.035385942236931006
 5.54240588815342 0.030372972957133964
 5.597950542971646 0.02609664449893132
 5.653918341427392 0.021698095502855664
 5.71033749309649 0.017909987434631926
 5.767193893191023 0.014985715980172008
 5.824473436923075 0.012722148732158428
 5.882204333868479 0.01092707339941466
 5.9403865840272365 0.009476112227962423
 5.999006082611429 0.008284339208104832
 6.058062829621058 0.00729131457364461
 6.117570929844039 0.006453368574697643
 6.177530383280372 0.00573844108208677
 6.237927085142141 0.005122557763565269
 6.298775140217264 0.004587475630015206
 6.360074548505739 0.004119104199732344
 6.421811205219649 0.003706422956282287
 6.484013319934829 0.0033407181656899257
 6.546652683075445 0.0030150310061983934
 6.609757504217331 0.0027237517190477323
 6.673299573784653 0.0024623148745820203
 6.737292996565326 0.0022269691045510155
 6.801751877347272 0.0020146017527118026
 6.866648006554652 0.0018226036726773274
 6.9320095937633015 0.0016487655616412192
 6.997822534185304 0.0014911977041816892
 7.064086827820659 0.0013482678033895647
 7.130802474669368 0.0012185528406364607
 7.197969474731429 0.0011008014491251975
 7.265587828006843 0.000993904697023002
 7.333671639283526 0.0008968730490052876
 7.402192698985647 0.0008088182959595774
 7.471179216689036 0.0007289391620471721
 7.540602982817861 0.0006565098856694097
 7.610492206947956 0.0005908707764806771
 7.680818679503486 0.0005314207808701047
 7.751610610060286 0.00047761111173741686
 7.822839789042522 0.00042894003575335806
 7.89453442602603 0.00038494838116742426
 7.96666631143497 0.00034521570624481427
 8.039249550057265 0.00030935692154437884
 8.112270037104995 0.00027701933697309443
 8.185755982153996 0.0002478800072945666
 8.259665070840514 0.00022164336098189102
 8.334039617528301 0.00019803898339828562
 8.408837307853608 0.00017681969315667793
 8.484086351392268 0.00015775967849980047
 8.55978674814428 0.00014065282650983337
 8.635910288533811 0.000125311166933507
 8.712471077348777 0.00011156342797473096
 8.789469114589178 0.00009925370049791524
 8.866904400255015 0.00008824018896104208
 8.944776934346287 0.00007839406746425209
 9.023072612075078 0.00006959839759079763
 9.101805538229303 0.00006174713428392018
 9.18094750323313 0.00005474421370856712
 9.260526716662394 0.00004850269135588084
 9.340529073729174 0.00004294395485967848
 9.420954574433473 0.00003799699323904
 9.501789113987373 0.00003359772460301157
 9.58304679717879 0.00002968837276494542
 9.664713519219811 0.000026216898704432312
 9.74678928011043 0.000023136472185919274
 9.829274079850652 0.000020404990891768323
 9.912167918440474 0.000017984636904872364
 9.995470795879896 0.000015841471854257093
 10.079168607381003 0.000013945066294472403
 10.163247248155876 0.000012268161019522335
 10.247734927780352 0.000010786358132820679
 10.33261754146651 0.000009477840473968174
 10.417880984426432 0.000008323113846991358
 10.503525256660122 0.00000730477601092608
 10.589550358167582 0.0000064073046528610064
 10.675970393736721 0.000005616865747159032
 10.762743049003793 0.0000049211401690938204
 10.849896533544634 0.0000043091668967298954
 10.93741674257132 0.0000037712008824147188
 11.025289571295941 0.0000032985851844376197
 11.11352912450641 0.0000028836357416680936
 11.202121297414811 0.0000025195369835802356
 11.29108019480906 0.000002200248414258434
 11.380363502325409 0.0000019204208394036054
 11.469999429539689 0.0000016753205023125936
 11.559973871663983 0.0000014607615142304948
 11.65028682869829 0.0000012730451628226395
 11.740924195854696 0.0000011089056043838119
 11.8318859731332 9.654612629822757E-7
 11.923172160533799 8.401714117207724E-7
 12.01476865326858 7.307974236765477E-7
 12.10667545133754 6.35368280424181E-7
 12.19889255474068 5.521496902683105E-7
 12.291419963478003 4.796167418569181E-7
 12.384229467973668 4.164294885012313E-7
 12.477349277803514 3.6141132001305275E-7
 12.570737078603788 3.1352969424809217E-7
 12.664421079950326 2.718791049878952E-7
 12.75837307226729 2.3566592681079313E-7
 12.852593055554683 2.0419506704021407E-7
 12.947081029812505 1.7685805700613652E-7
 13.041822890252838 1.5312261707391993E-7
 13.1368327416636 1.3252338554890426E-7
 13.232082374468956 1.1465373801769661E-7
 13.32758589345682 9.91585905825403E-8
 13.423315089051362 8.572803416772337E-8
 13.519284066040498 7.409175249161389E-8
 13.61547871963631 6.401407811133501E-8
 13.71188494505088 5.528967870939714E-8
 13.808516847072127 4.7739739243337765E-8
 13.905346216124217 4.1208622833853E-8
 14.002387156995065 3.556093786958059E-8
 14.099625564896757 3.0678962325193327E-8
 14.197033230253453 2.6460393152233754E-8
 14.294638362640994 2.2816367919101953E-8
 14.392384542907703 1.9669741866505775E-8
 14.49041281893276 1.695357065337431E-8
 14.588582142836993 1.4609793864762435E-8
 14.686751466741224 1.2588080477782636E-8
 14.7852028864038 1.0844820997709877E-8
 14.883795353945546 9.342250358512684E-9
 14.982528869366469 8.047682056745574E-9
 15.081403432666562 6.932841310139011E-9
 15.180277995966655 5.9732846995519276E-9
 15.279434655025097 5.147895989113362E-9
 15.378591314083534 4.4384474249093515E-9
 15.478030068900319 3.829219078910245E-9
 15.577327775837935 3.3066694042024397E-9
 15.67690757853389 2.859148977735198E-9
 15.776487381229849 2.476654413512853E-9
 15.87620823180498 2.1506146064020637E-9
 15.97592908238011 1.8737084878428427E-9
 16.07564993295524 1.639707459794517E-9
 16.175511831409544 1.4433417629992298E-9
 16.27551477774302 1.2801869168404497E-9
 16.375517724076495 1.1465683444790885E-9
 16.4753796225308 1.039482305499014E-9
 16.57552361674345 9.565314229917253E-10
 16.675526563076925 8.958741485154599E-10
 16.775670557289573 8.561867078403981E-10
 16.875673503623048 8.366494578187268E-10
