 0.0006388937656045964 2.0722621651884268
 0.0019241924625682002 2.0695631447496496
 0.003224613382133885 2.0687973397683823
 0.004540340195021513 2.0700138136185244
 0.0058715179044309795 2.0731607516367543
 0.007218372070895446 2.0781396350201926
 0.008581063809081461 2.084816620318534
 0.009959770345122226 2.093032063261329
 0.011354685016617598 2.1026094431365383
 0.012766001161167433 2.1133639034366336
 0.01419392822783824 2.125109763267549
 0.01563861121982991 2.1376663790927193
 0.01710022736327565 2.1508614713748777
 0.018579098887508548 2.1645330260832956
 0.0200753707957285 2.178530179204718
 0.02158920420260205 2.192713245392664
 0.023120760222795744 2.2069541041313707
 0.024670522200309228 2.2211363804302984
 0.026238329020475952 2.235155546824636
 0.027824502912629005 2.248920053437133
 0.029429366106101487 2.2623520130581025
 0.03105307971555994 2.2753868292197117
 0.032695965970337464 2.2879699768126205
 0.03435802487043405 2.30005339753696
 0.0360395786451828 2.3115930288572435
 0.0377409495239168 2.3225482825954544
 0.039462298621302606 2.332883539083562
 0.04120378705200675 2.342569068840393
 0.04296573704536235 2.351581633040187
 0.04474847083070248 2.3599049579613784
 0.046551988408027135 2.3675300026929595
 0.048376773121335974 2.3744544942019576
 0.050222824970628986 2.380681523582233
 0.05209078841457236 2.3862163737528
 0.05398050233849955 2.391062966586254
 0.05589228897174365 2.3952222115280613
 0.057826631658304296 2.3986937587391095
 0.059783691512848035 2.401478960608303
 0.061763629650041424 2.4035823158258998
 0.0637669294138841 2.405013751366563
 0.06579359080437605 2.4057904295497585
 0.06784393605085037 2.4059375650760404
 0.06991844849730673 2.405486059992028
 0.07201728925841164 2.4044663326404683
 0.07414061944883166 2.4029037241577713
 0.07628892241256643 2.400818899126839
 0.07846235926428251 2.3982305673571678
 0.08066125223331296 2.3951591374663206
 0.0828859235489909 2.391629466449031
 0.08513669544064943 2.387671158599392
 0.08741372902295508 2.3833167023108937
 0.0897175076399075 2.378598837071274
 0.09204819240617322 2.373549627544235
 0.0944062666657519 2.368199163739369
 0.09679189153331008 2.362572445770608
 0.09920538923818085 2.3566874266604327
 0.10164708200969733 2.350557019056339
 0.1041174531918591 2.3441923856275064
 0.10661682501399931 2.3376036064758123
 0.10914535859078447 2.330798766495222
 0.11170337615154771 2.3237847087337284
 0.11429136104028866 2.3165706302711153
 0.11690963548634038 2.309174127822857
 0.119558521719036 2.3016241475487518
 0.12223834196770861 2.2939554236628323
 0.12494957957635783 2.2861983211626895
 0.1276923956596502 2.278372647086082
 0.13046727356158544 2.2704904129733383
 0.13327469662616306 2.2625615016657785
 0.13611482596804972 2.254596635534271
 0.138988144931245 2.246607911243832
 0.14189497574508203 2.238607691564768
 0.14483580175356042 2.230603251684224
 0.14781094518601326 2.2225905952439162
 0.15082088938644023 2.2145586932444905
 0.15386579546950782 2.2064983215501464
 0.15694630789388225 2.198401900402708
 0.16006291000356318 2.190258596767841
 0.16321560179855057 2.1820559102903734
 0.16640567219617683 2.1737865985324207
 0.16963279896710887 2.165454295219735
 0.17289698211134663 2.1570749458479876
 0.17619983277555562 2.1486750805458334
 0.1795397398130704 2.1402834734148857
 0.18291992551722186 2.1319254806742065
 0.18633877874134455 2.1236227715632987
 0.1897979106321039 2.1153889501307495
 0.1932973211895 2.1072298444468243
 0.19683862156019824 2.0991466281351903
 0.20042020059753315 2.091136336262701
 0.20404205830150476 2.083194122174442
 0.20770741696544404 2.0753182695750327
 0.21141627658935092 2.0675085646159364
 0.21516702602655996 2.0597591339503114
 0.21896127642373667 2.052061071193846
 0.22280063892754642 2.0444124209565584
 0.22668350239132384 2.0368193495347096
 0.23061308910839984 2.0292858695151774
 0.2345877879321089 2.0218030189281166
 0.2386075988624511 2.0143426859776974
 0.2426741330460918 2.006859628049011
 0.2467890016296966 1.9993048553144412
 0.2509505934665999 1.9916402623429859
 0.2551621308501328 1.9838413253787828
 0.2594220026336297 1.9758919436557343
 0.2637302088170906 1.9677856165062424
 0.268088360547181 1.9595301142979706
 0.2724980689705664 1.951137044789674
 0.2769593340872467 1.9426051694945017
 0.2814705447505566 1.9339272355850874
 0.28603653440049237 1.9251051147248446
 0.2906524695970576 1.916148409910119
 0.2953247949269142 1.9070626585461683
 0.3000486769500658 1.897854090170349
 0.3048289491065088 1.888540122852974
 0.30966400024957774 1.879144467873823
 0.314555441525938 1.8696862074963203
 0.3195032729355896 1.860164102375125
 0.3245074944785326 1.8505575581351208
 0.32957132844809794 1.8408527818241966
 0.3346915525509546 1.8310541626473607
 0.33987300022709904 1.8211689576958865
 0.3451124491832004 1.8111983193559584
 0.3504147328592549 1.801147113713424
 0.3557766289619318 1.7910236717139352
 0.3611997486378964 1.7808313358035877
 0.36668731418047973 1.7705878573822147
 0.37223771444301634 1.7603339326612333
 0.3778509494255062 1.7500927726134838
 0.3835302414212802 1.7398427123067353
 0.38927397928367297 1.72955362114171
 0.3950853853060153 1.7192068912510972
 0.40096284834164186 1.7087779491159034
 0.406907979537218 1.6982384928501957
 0.4129207788927439 1.6875718451000818
 0.4190044687015504 1.6767714143117443
 0.42515582667030644 1.6658393614612954
 0.4313796862390086 1.6547691780063745
 0.43767604740765675 1.6435365090142513
 0.44404329902958556 1.6321090251413823
 0.45048305225146035 1.6204601464978021
 0.4569985293666121 1.6085650694908733
 0.46358811922837545 1.5963904572023413
 0.4702534329834158 1.583926257050481
 0.4769944706317331 1.5712095461953797
 0.4838144544666583 1.5583186000175862
 0.490711773341526 1.545355790111709
 0.4976880384030016 1.5324092517592285
 0.5047432496510851 1.5195111497422025
 0.5118806293791075 1.5066305679566365
 0.5191001775870687 1.4936838185212236
 0.5264002831283033 1.4805476236418174
 0.5337857794428078 1.4670972670402673
 0.5412550553839166 1.4532543817110033
 0.548809722098295 1.4390001847750256
 0.5564513907326089 1.4243515625611503
 0.5641800612868579 1.4093304918906102
 0.5719957337610423 1.3939548124313579
 0.5799016304484927 1.3782404742046652
 0.5878993624958749 1.3622006328628393
 0.5959857076098579 1.34584178525753
 0.6041654992304379 1.3291742004544642
 0.6124387373576151 1.312207607953957
 0.6208054219913894 1.2949202302283491
 0.6292671642784263 1.2772846554414075
 0.6378255753653913 1.259287288123251
 0.6464822663989498 1.2409281589162136
 0.6552356262324365 1.222208831436707
 0.6640888771591821 1.2031296133503713
 0.673043630325852 1.1837109350543247
 0.6820998857324466 1.1639870511084063
 0.6912576433789656 1.1439701685767412
 0.7005217367054055 1.12365724533907
 0.7098889434184353 1.103055568417183
 0.719362485811386 1.0821882005742842
 0.7289423638842576 1.0610633159159426
 0.738631799930381 1.0396655834915502
 0.7484307939497562 1.0179856026113987
 0.7583409570890487 0.9960534088263524
 0.7683639004949239 0.9739705624309907
 0.7784980130207164 0.9519132747141952
 0.7887481281064225 0.9300697948261033
 0.799112634605377 0.9085408334978005
 0.8095947548109105 0.8872975145769241
 0.8201944887230233 0.8662467643309018
 0.8309134474883805 0.8452889444406988
 0.8417532422536479 0.8243374216376299
 0.8527154841654908 0.8033514044177105
 0.8638001732239093 0.7823293609560134
 0.8750105317222343 0.7612538952644105
 0.8863465596604658 0.7400981872208913
 0.8978082570386038 0.718893798311288
 0.9094004572966446 0.697713731429058
 0.921121549287923 0.6765887297407958
 0.9329747553057696 0.6554866251378321
 0.9449600753501846 0.6343434784707962
 0.9570791205678334 0.6131476074865172
 0.9693335021053816 0.5919478429931855
 0.9817248311094945 0.5708047876852433
 0.9942547187268376 0.5497685152987021
 1.0069247761040765 0.5288681520522696
 1.0197366143878765 0.5080927143558015
 1.0326902335782375 0.4873883943968628
 1.0457872448218253 0.46668831245345604
 1.0590308704119706 0.4459538340868673
 1.0724227214953392 0.4252604062111082
 1.0859611869252652 0.40484829335401484
 1.099651100141745 0.38499957885626057
 1.1134940722914444 0.3658856558887471
 1.1274884922276978 0.3475561551673825
 1.1416391933905015 0.3299703598570419
 1.1559461757798557 0.3130083799828218
 1.1704110505424257 0.296549486364378
 1.1850354288248768 0.28051649703375614
 1.199820921773875 0.26495223019715447
 1.2147707516827508 0.2500697163077271
 1.2298849185515042 0.23601148872394992
 1.245165033526801 0.22274588428782127
 1.2606143189019716 0.21024501877117696
 1.2762327746770166 0.1985543839612023
 1.292022011998601 0.1876995310376298
 1.3079852531600562 0.17766988021196775
 1.3241241093080471 0.16843810891220232
 1.340438580442574 0.15996033559598244
 1.3569318888569681 0.1521670882213453
 1.3736056456978942 0.14495893176449143
 1.3904614621120184 0.13823233959304213
 1.4075025603926714 0.13191587676433014
 1.424727329393188 0.12597221481003648
 1.4421406025535637 0.12039000789312244
 1.459743991020465 0.11518558219699969
 1.4775374947938915 0.11038946658845519
 1.4955259473138396 0.10601005465257654
 1.5137077374336438 0.10201261036545012
 1.5320876985933005 0.09835466254116614
 1.5506674419394753 0.0950227218949035
 1.569446967472168 0.09201118710703786
 1.5884294974847095 0.08929007248642626
 1.6076166431237657 0.08681773876665319
 1.6270164601226638 0.08456039952128634
 1.6466080035747521 0.08248553622939188
 1.666425107560006 0.08056655487211677
 1.686451660611771 0.0787802837147451
 1.7067037741967013 0.07709563823125215
 1.7271492253814877 0.07552871408932404
 1.7478363485660944 0.07414062633970883
 1.7687329208172118 0.0729507587323661
 1.7898550536014946 0.07192143062372067
 1.8112027469189431 0.07102044331760093
 1.832776000769557 0.07024822603420684
 1.8545748151533366 0.06960346062390708
 1.876615301536936 0.06904382513829763
 1.8988974599203559 0.06846021728876768
 1.9213890673702865 0.0677215195197589
 1.9441384582866919 0.06676680143207629
 1.9671295212029174 0.0656216916664728
 1.9903622561189631 0.06435226424060593
 2.0138205515681746 0.0630587429917206
 2.037552741950515 0.06186642026849856
 2.0615104928660215 0.06091521217496922
 2.085742138714657 0.06031309811511775
 2.1102154565631133 0.0600748875653729
 2.134946557878044 0.060117192270499394
 2.1599354426594495 0.06026795383236415
 2.18518211090733 0.060336856047873186
 2.21070267408834 0.0602375935539269
 2.236481020735825 0.06003724758901085
 2.2625332623164396 0.05988229419370578
 2.2888593988301835 0.05993614391019448
 2.315443318810402 0.06039065605862011
 2.3423172451904053 0.061407010548508036
 2.369448955036883 0.0629307244238651
 2.3968867827498 0.06448368203516766
 2.4245823939291915 0.06536415542557747
 2.452584122975022 0.06533824720112319
 2.480859746953982 0.06477472417090631
 2.509425377332726 0.06415387587475124
 2.538297125577909 0.06349618559390614
 2.5674427687562216 0.06269657886429339
 2.596894529800973 0.061902795925249915
 2.6266524087121637 0.06120332258179137
 2.6567002940231386 0.06062787722021639
 2.6870704086672066 0.060041652792612914
 2.7177305297110586 0.0594340355935752
 2.7487128800880045 0.058968812331699635
 2.7800013483313895 0.05872638675302969
 2.811595934441213 0.05871743992270691
 2.843528861350785 0.05903234931301738
 2.875767906126796 0.05970843823013376
 2.9083291802359 0.060643400315279365
 2.941212683678098 0.06163786775307767
 2.974434527920044 0.06225322554480811
 3.007978601495084 0.06218856810834927
 3.0418610158698716 0.06182710237613578
 3.076081771044408 0.06166249469523989
 3.1106408670186925 0.062113415280174666
 3.145538303792725 0.0633795760571786
 3.180774081366506 0.0650809369305728
 3.216348199740035 0.06629445528110152
 3.252292881846622 0.06636947728494567
 3.288575904752957 0.0659628623791221
 3.3252133799256947 0.06603241186410345
 3.3622053073648357 0.06672373569971533
 3.3995516870703795 0.06770320964988898
 3.4372686305089806 0.06857892484629577
 3.47535613768064 0.0687202956324169
 3.5137980971187015 0.06778518351890753
 3.552610620289821 0.06611222643047042
 3.5918098186606526 0.06430987975967645
 3.6313634692978876 0.06346954820674118
 3.6713199066014885 0.06403666981133661
 3.711630796171493 0.06585851690115524
 3.7523444724078647 0.06827715866944553
 3.7934287123772936 0.07045874570874407
 3.8348996275464353 0.0713211386714274
 3.8767733293819435 0.07026463809985652
 3.9190337064171636 0.06832394481974043
 3.9616968701187516 0.06723669946190128
 4.0047467090200515 0.06742756643849153
 4.048215446054373 0.06776793056944934
 4.092070858288406 0.06762762727643433
 4.1363451686554615 0.0671734684762387
 4.181022265688884 0.06575126253301478
 4.226102149388673 0.06340174108070187
 4.271600931221483 0.06112203258826999
 4.3175347226539715 0.05921150678922189
 4.363871300752825 0.0572476889760413
 4.4106267769847 0.05499205944522172
 4.4578011513495985 0.05288474275774784
 4.505410535314172 0.051316378969401374
 4.553454928878422 0.04985251649103675
 4.601918220575693 0.048727935102732295
 4.650832633339296 0.04864427935209329
 4.70016594423592 0.04918798058628923
 4.749950376198876 0.04949993326490352
 4.800169817761507 0.049232306182755925
 4.850824268923814 0.04892570529740945
 4.9019459526191085 0.048671370539105294
 4.953502645914078 0.04777252965509834
 5.005510460275379 0.04690161851159926
 5.057969395703011 0.04646105683573462
 5.110879452196973 0.04628375260697933
 5.164256741223922 0.04557783165982222
 5.218085151317201 0.043344587852453896
 5.272380793943466 0.04045723853638867
 5.327143669102717 0.03776293150743092
 5.382357665328298 0.036515573611496446
 5.438055005553521 0.037078549422404725
 5.4942195783117285 0.03835608578626036
 5.550851383602922 0.038263338388290616
 5.607966532893756 0.036586377555110135
 5.665548914717575 0.03530380028439547
 5.72359852907438 0.03496402185898489
 5.782147598897479 0.034298913346076404
 5.84118001272022 0.031161913678253255
 5.900679659075946 0.026877865783566164
 5.960678760897967 0.02353200800714437
 6.021161206719629 0.020946038075725662
 6.08212699654093 0.018544623071675315
 6.143592241828527 0.015418592322681345
 6.205540831115764 0.012234745921377277
 6.267988875869297 0.009900423286286174
 6.330920264622469 0.008219139430269586
 6.394367220308591 0.006944814969882724
 6.458297519994354 0.005952300079832895
 6.522743386613066 0.005156162969885226
 6.5876887086980735 0.004499814227692072
 6.653117374782721 0.003947867178810312
 6.7190616078003185 0.0034774764305206254
 6.785521407750865 0.0030728005297954017
 6.852480663167707 0.0027221738042028055
 6.919939374050844 0.0024166514170068805
 6.987913651866931 0.0021491853618730225
 7.0564034966159666 0.0019141128766696186
 7.1253927968312984 0.0017068158738614487
 7.19489766397958 0.0015234832275064772
 7.264918098060811 0.0013609393937946915
 7.335437987608337 0.0012165160079846786
 7.406489555555466 0.0010879548146990115
 7.478040578968892 0.0009733321242820555
 7.550123280781921 0.000870999553989358
 7.622705438061247 0.0007795367997016632
 7.695803162273521 0.0006977138678961321
 7.769432564885399 0.0006244604566336779
 7.843561422963574 0.000558841084373567
 7.918221959441351 0.0005000347186264117
 7.993398062852079 0.0004473180291194459
 8.069089733195757 0.00040005162282402945
 8.145296970472383 0.0003576684774967195
 8.22201977468196 0.00031966439001387194
 8.299258145824487 0.0002855899211109114
 8.377028195366618 0.00025504358936596385
 8.455297700375045 0.00022766610433725543
 8.534098883783075 0.00020313545273155373
 8.6133995226574 0.00018116263066033847
 8.69323183993133 0.0001614880348944502
 8.773563612671554 0.0001438782499482488
 8.854427063811384 0.00012812328580895084
 8.935789970417508 0.00011403414154078063
 9.017684555423237 0.00010144065898906899
 9.10007859589526 0.00009018961528918293
 9.182988203300233 0.00008014303255187425
 9.2663972661715 0.00007117666806847092
 9.350338007442375 0.00006317866253814872
 9.434762092712887 0.00005604833051032297
 9.519717856383005 0.00004969506764667032
 9.605156964052762 0.000044037366831926806
 9.691111638655471 0.00003900194016039363
 9.777581880191129 0.00003452291297958939
 9.864535465726425 0.000030541104435844634
 9.951988506728018 0.000027003373384414884
 10.039941003195905 0.00002386202674004496
 10.128392955130087 0.000021074283976065467
 10.217344362530564 0.00001860179344462231
 10.306779113930682 0.000016410193891667814
 10.396713320797096 0.000014468718352232382
 10.487114760196494 0.000012749832054969879
 10.578015655062188 0.000011228911154041808
 10.669399893927523 0.000009883947282703015
 10.761267476792495 0.000008695282177501458
 10.853602292190455 0.000007645368282257379
 10.946420451588056 0.000006718551571181087
 11.039705843518643 0.000005900877075753451
 11.133458467982212 0.000005179911471914258
 11.227678324978772 0.00000454458529663748
 11.322365414508315 0.0000039850491618140765
 11.417519736570842 0.0000034925451494029287
 11.513125179699703 0.0000030592909658064133
 11.609165632428239 0.000002678375814380379
 11.70567331768976 0.000002343666602331023
 11.802632124017613 0.000002049724187301844
 11.900025939945142 0.0000017917278748493867
 11.997854765472345 0.0000015654078520171338
 12.096118600599228 0.0000013669848197921008
 12.19483355679244 0.0000011931156086374032
 12.293951299652019 0.000001040844901626784
 12.393504052111275 9.075618245780138E-7
 12.493475702703552 7.909613287067422E-7
 12.593850139962196 6.890096240486921E-7
 12.694643475353862 5.999134022913455E-7
 12.795839597411895 5.220924055871788E-7
 12.89745461760295 4.541549743396417E-7
 12.999440201527062 3.948762902933396E-7
 13.101828572117542 3.4317906340984284E-7
 13.204603617907733 2.9811634042175537E-7
 13.307765338897635 2.5885622415024E-7
 13.411297623620598 2.2466834905901316E-7
 13.515200472076616 1.949118837050761E-7
 13.619473884265693 1.6902486671024794E-7
 13.724101748721171 1.465148171971582E-7
 13.829084065443055 1.2695036550577267E-7
 13.93442083443134 1.0995392339696288E-7
 14.040112055686027 9.519514389776613E-8
 14.14612550627381 8.238518888155184E-8
 14.252493409127993 7.127164723845398E-8
 14.359167429848616 6.163406755633374E-8
 14.466179791368988 5.328002097599497E-8
 14.573498270755799 4.604162680090876E-8
 14.681122868009048 3.9772496354129314E-8
 14.789053583128737 3.434505824307315E-8
 14.897274304648208 2.964819171141674E-8
 15.005801144034121 2.558515895618342E-8
 15.114601878353163 2.207178437130699E-8
 15.223692619071986 1.9034860455805283E-8
 15.333041143257287 1.6410753470518277E-8
 15.442663562375717 1.4144174837249497E-8
 15.55254376496062 1.2187112259419922E-8
 15.662665639545345 1.0497891749866182E-8
 15.773045297596543 9.040357876209922E-9
 15.883650516180909 7.783157434121394E-9
 15.994497406765094 6.699114500387367E-9
 16.105569857882447 5.764683922971628E-9
 16.21683564659965 4.959476257726548E-9
 16.328326995850023 4.265842076184451E-9
 16.439979459766942 3.6685107272929736E-9
 16.551954153016954 3.154276132313121E-9
 16.664089960933513 2.711720319383512E-9
 16.776225768850075 2.330980318471788E-9
 16.888683806099728 2.00353542585275E-9
 17.001302958015923 1.7220311389049347E-9
 17.114083224598673 1.4801215400888928E-9
 17.227024605847966 1.2723338320562734E-9
 17.33996598709726 1.0939513556873688E-9
 17.453229597679645 9.409122136659747E-10
 17.56649320826203 8.097198149877632E-10
 17.68007904817751 6.973693703125901E-10
 17.793503773426448 6.012779766627599E-10
 17.90725072800847 5.192320106968206E-10
 18.0209976825905 4.493368323220648E-10
 18.134905751839074 3.899734918410177E-10
 18.248813821087648 3.397638929107606E-10
 18.36272189033622 2.9754032730560935E-10
 18.476791074251345 2.623193667228031E-10
 18.59102137283301 2.332794199449987E-10
 18.705251671414675 2.097424602333716E-10
 18.819320855329796 1.91159900576045E-10
 18.933712268578013 1.7709679524673444E-10
 19.04794256715968 1.6722637799136715E-10
