 0. 0.
 0.0006388937656045964 0.012944779999999989
 0.0019241924625682002 0.03898214
 0.003224613382133885 0.06529211000000001
 0.004540340195021513 0.09181527
 0.0058715179044309795 0.11845671000000002
 0.007218372070895446 0.14508920999999997
 0.008581063809081461 0.17156148000000004
 0.009959770345122226 0.19770971000000004
 0.011354685016617598 0.22336990999999995
 0.012766001161167433 0.24838906000000005
 0.01419392822783824 0.27263355
 0.01563861121982991 0.29599452000000004
 0.01710022736327565 0.31839013000000005
 0.018579098887508548 0.33976536
 0.0200753707957285 0.36009002999999995
 0.02158920420260205 0.37935565000000004
 0.023120760222795744 0.39757178000000004
 0.024670522200309228 0.41476232999999996
 0.026238329020475952 0.43096206000000004
 0.027824502912629005 0.44621351
 0.029429366106101487 0.46056428000000005
 0.03105307971555994 0.47406484000000004
 0.032695965970337464 0.48676668
 0.03435802487043405 0.49872103999999995
 0.0360395786451828 0.50997789
 0.0377409495239168 0.52058541
 0.039462298621302606 0.5305895700000001
 0.04120378705200675 0.54003393
 0.04296573704536235 0.54895945
 0.04474847083070248 0.5574043799999999
 0.046551988408027135 0.56540424
 0.048376773121335974 0.57299199
 0.050222824970628986 0.58019811
 0.05209078841457236 0.58705082
 0.05398050233849955 0.5935762099999999
 0.05589228897174365 0.5997984000000001
 0.057826631658304296 0.60573978
 0.059783691512848035 0.61142116
 0.061763629650041424 0.61686184
 0.0637669294138841 0.62207967
 0.06579359080437605 0.62709121
 0.06784393605085037 0.63191196
 0.06991844849730673 0.6365564100000001
 0.07201728925841164 0.64103787
 0.07414061944883166 0.64536829
 0.07628892241256643 0.64955832
 0.07846235926428251 0.65361748
 0.08066125223331296 0.65755454
 0.0828859235489909 0.66137758
 0.08513669544064943 0.66509391
 0.08741372902295508 0.66870971
 0.0897175076399075 0.67223012
 0.09204819240617322 0.6756597200000001
 0.0944062666657519 0.6790031999999999
 0.09679189153331008 0.68226539
 0.09920538923818085 0.6854511999999999
 0.10164708200969733 0.68856535
 0.1041174531918591 0.69161238
 0.10661682501399931 0.69459664
 0.10914535859078447 0.69752242
 0.11170337615154771 0.70039389
 0.11429136104028866 0.70321498
 0.11690963548634038 0.7059892400000001
 0.119558521719036 0.70871993
 0.12223834196770861 0.7114102
 0.12494957957635783 0.7140632499999999
 0.1276923956596502 0.71668229
 0.13046727356158544 0.71927016
 0.13327469662616306 0.7218290199999999
 0.13611482596804972 0.72436022
 0.138988144931245 0.72686458
 0.14189497574508203 0.72934258
 0.14483580175356042 0.73179436
 0.14781094518601326 0.73422011
 0.15082088938644023 0.73662034
 0.15386579546950782 0.73899593
 0.15694630789388225 0.7413480299999999
 0.16006291000356318 0.7436781
 0.16321560179855057 0.74598784
 0.16640567219617683 0.7482788499999999
 0.16963279896710887 0.75055225
 0.17289698211134663 0.75280872
 0.17619983277555562 0.75504891
 0.1795397398130704 0.75727379
 0.18291992551722186 0.75948447
 0.18633877874134455 0.76168172
 0.1897979106321039 0.76386592
 0.1932973211895 0.76603745
 0.19683862156019824 0.7681969200000001
 0.20042020059753315 0.77034507
 0.20404205830150476 0.77248272
 0.20770741696544404 0.77461063
 0.21141627658935092 0.77672976
 0.21516702602655996 0.77884155
 0.21896127642373667 0.78094743
 0.22280063892754642 0.78304822
 0.22668350239132384 0.7851438
 0.23061308910839984 0.78723315
 0.2345877879321089 0.78931542
 0.2386075988624511 0.79139087
 0.2426741330460918 0.79346081
 0.2467890016296966 0.7955276
 0.2509505934665999 0.79759416
 0.2551621308501328 0.79966292
 0.2594220026336297 0.80173488
 0.2637302088170906 0.80380959
 0.268088360547181 0.80588581
 0.2724980689705664 0.80796186
 0.2769593340872467 0.81003577
 0.2814705447505566 0.81210636
 0.28603653440049237 0.81417454
 0.2906524695970576 0.81624271
 0.2953247949269142 0.81831253
 0.3000486769500658 0.82038316
 0.3048289491065088 0.82245173
 0.30966400024957774 0.82451598
 0.314555441525938 0.82657568
 0.3195032729355896 0.82863225
 0.3245074944785326 0.8306882
 0.32957132844809794 0.83274624
 0.3346915525509546 0.83480867
 0.33987300022709904 0.83687697
 0.3451124491832004 0.83895047
 0.3504147328592549 0.84102595
 0.3557766289619318 0.84309973
 0.3611997486378964 0.84517035
 0.36668731418047973 0.84724044
 0.37223771444301634 0.84931488
 0.3778509494255062 0.85139766
 0.3835302414212802 0.85349043
 0.38927397928367297 0.85559205
 0.3950853853060153 0.85769885
 0.40096284834164186 0.85980619
 0.406907979537218 0.86191057
 0.4129207788927439 0.86401083
 0.4190044687015504 0.86610677
 0.42515582667030644 0.86819791
 0.4313796862390086 0.87028477
 0.43767604740765675 0.87236986
 0.44404329902958556 0.87445634
 0.45048305225146035 0.87654721
 0.4569985293666121 0.8786436
 0.46358811922837545 0.88074371
 0.4702534329834158 0.88284423
 0.4769944706317331 0.88494195
 0.4838144544666583 0.887036
 0.490711773341526 0.88912677
 0.4976880384030016 0.8912134899999999
 0.5047432496510851 0.8932975
 0.5118806293791075 0.89538311
 0.5191001775870687 0.89747285
 0.5264002831283033 0.89956666
 0.5337857794428078 0.901663538
 0.5412550553839166 0.903761796
 0.548809722098295 0.905859926
 0.5564513907326089 0.907957671
 0.5641800612868579 0.910057807
 0.5719957337610423 0.9121651120000001
 0.5799016304484927 0.914280451
 0.5878993624958749 0.916397446
 0.5959857076098579 0.9185091320000001
 0.6041654992304379 0.920612559
 0.6124387373576151 0.922706317
 0.6208054219913894 0.924788844
 0.6292671642784263 0.926860464
 0.6378255753653913 0.928924534
 0.6464822663989498 0.930984755
 0.6552356262324365 0.933042326
 0.6640888771591821 0.935093494
 0.673043630325852 0.937132711
 0.6820998857324466 0.939159776
 0.6912576433789656 0.941175536
 0.7005217367054055 0.943177037
 0.7098889434184353 0.945160747
 0.719362485811386 0.9471261559999999
 0.7289423638842576 0.949076742
 0.738631799930381 0.951014295
 0.7484307939497562 0.9529351189999999
 0.7583409570890487 0.9548336550000001
 0.7683639004949239 0.956706673
 0.7784980130207164 0.958555735
 0.7887481281064225 0.960382257
 0.799112634605377 0.962181984
 0.8095947548109105 0.963947482
 0.8201944887230233 0.965673113
 0.8309134474883805 0.967357104
 0.8417532422536479 0.968999233
 0.8527154841654908 0.97059964
 0.8638001732239093 0.972157971
 0.8750105317222343 0.973674236
 0.8863465596604658 0.975152885
 0.8978082570386038 0.976597423
 0.9094004572966446 0.978007229
 0.921121549287923 0.979381105
 0.9329747553057696 0.980719224
 0.9449600753501846 0.982021854
 0.9570791205678334 0.983285851
 0.9693335021053816 0.984507841
 0.9817248311094945 0.985688597
 0.9942547187268376 0.986828293
 1.0069247761040765 0.987922769
 1.0197366143878765 0.988965523
 1.0326902335782375 0.989950216
 1.0457872448218253 0.9908739219
 1.0590308704119706 0.9917382197
 1.0724227214953392 0.9925449778
 1.0859611869252652 0.993295126
 1.099651100141745 0.9939891921
 1.1134940722914444 0.9946290566
 1.1274884922276978 0.995217334
 1.1416391933905015 0.9957555927
 1.1559461757798557 0.9962463673
 1.1704110505424257 0.9966940149
 1.1850354288248768 0.9971028281
 1.199820921773875 0.9974746779
 1.2147707516827508 0.9978089844
 1.2298849185515042 0.9981068271
 1.245165033526801 0.9983707898
 1.2606143189019716 0.9986017989
 1.2762327746770166 0.9988018873
 1.292022011998601 0.9989761958
 1.3079852531600562 0.99912964014
 1.3241241093080471 0.99926362198
 1.340438580442574 0.99937845315
 1.3569318888569681 0.99947532805
 1.3736056456978942 0.99955626806
 1.3904614621120184 0.99962416118
 1.4075025603926714 0.9996812773
 1.424727329393188 0.99972860276
 1.4421406025535637 0.99976734244
 1.459743991020465 0.99979989501
 1.4775374947938915 0.99982907164
 1.4955259473138396 0.99985612472
 1.5137077374336438 0.99988050194
 1.5320876985933005 0.999901201777
 1.5506674419394753 0.999917467053
 1.569446967472168 0.99992928668
 1.5884294974847095 0.999937595423
 1.6076166431237657 0.999943653629
 1.6270164601226638 0.999948393521
 1.6466080035747521 0.99995231742
 1.666425107560006 0.99995561986
 1.686451660611771 0.999958408747
 1.7067037741967013 0.99996079064
 1.7271492253814877 0.999962804283
 1.7478363485660944 0.999964457549
 1.7687329208172118 0.999965803238
 1.7898550536014946 0.999966926016
 1.8112027469189431 0.99996794493
 1.832776000769557 0.999969183055
 1.8545748151533366 0.999971089723
 1.876615301536936 0.99997358869
 1.8988974599203559 0.999976009895
 1.9213890673702865 0.999978213251
 1.9441384582866919 0.999980996026
 1.9671295212029174 0.999984883347
 1.9903622561189631 0.999989211506
 2.0138205515681746 0.9999928509034
 2.037552741950515 0.9999953194209
 2.0615104928660215 0.9999968041355
 2.085742138714657 0.9999976620842
 2.1102154565631133 0.9999981699843
 2.134946557878044 0.9999984765172
 2.1599354426594495 0.9999986648592
 2.18518211090733 0.9999987989021
 2.21070267408834 0.9999988966226
 2.236481020735825 0.999998953237
 2.2625332623164396 0.9999989832551
 2.2888593988301835 0.9999989975608
 2.315443318810402 0.9999989872523
 2.3423172451904053 0.9999989695024
 2.369448955036883 0.9999989720951
 2.3968867827498 0.9999989925131
 2.4245823939291915 0.99999902252292
 2.452584122975022 0.99999905144705
 2.480859746953982 0.99999904724637
 2.509425377332726 0.99999907795208
 2.538297125577909 0.99999920527219
 2.5674427687562216 0.99999938713237
 2.596894529800973 0.99999957196925
 2.6266524087121637 0.99999970013217
 2.6567002940231386 0.99999976261132
 2.6870704086672066 0.99999979888539
 2.7177305297110586 0.99999983368888
 2.7487128800880045 0.99999987436025
 2.7800013483313895 0.99999991683676
 2.811595934441213 0.999999951701241
 2.843528861350785 0.999999972801886
 2.875767906126796 0.999999981633792
 2.9083291802359 0.999999983600649
 2.941212683678098 0.999999984283355
 2.974434527920044 0.999999986963318
 3.007978601495084 0.9999999907782424
 3.0418610158698716 0.9999999940796129
 3.076081771044408 0.9999999964716595
 3.1106408670186925 0.999999998030153
 3.145538303792725 0.9999999989120681
 3.180774081366506 0.9999999993724653
 3.216348199740035 0.9999999996358185
 3.252292881846622 0.9999999997976081
 3.288575904752957 0.9999999998907695
 3.3252133799256947 0.9999999999407809
 3.3622053073648357 0.9999999999676358
 3.3995516870703795 0.999999999982655
 3.4372686305089806 0.9999999999909259
 3.47535613768064 0.9999999999954214
 3.5137980971187015 0.9999999999978645
 3.552610620289821 0.9999999999990856
 3.5918098186606526 0.9999999999996292
 3.6313634692978876 0.9999999999998558
 3.6713199066014885 0.9999999999999472
 3.711630796171493 0.9999999999999819
 3.7523444724078647 0.9999999999999942
 3.7934287123772936 0.9999999999999983
 3.8348996275464353 0.9999999999999996
 3.8767733293819435 0.9999999999999999
 3.9190337064171636 1.
 3.9616968701187516 1.
 4.0047467090200515 1.
 4.048215446054373 1.
 4.092070858288406 1.
 4.1363451686554615 1.
 4.181022265688884 1.
 4.226102149388673 1.
 4.271600931221483 1.
 4.3175347226539715 1.
 4.363871300752825 1.
 4.4106267769847 1.
 4.4578011513495985 1.
 4.505410535314172 1.
 4.553454928878422 1.
 4.601918220575693 1.
 4.650832633339296 1.
 4.70016594423592 1.
 4.749950376198876 1.
 4.800169817761507 1.
 4.850824268923814 1.
 4.9019459526191085 1.
 4.953502645914078 1.
 5.005510460275379 1.
 5.057969395703011 1.
 5.110879452196973 1.
 5.164256741223922 1.
 5.218085151317201 1.
 5.272380793943466 1.
 5.327143669102717 1.
 5.382357665328298 1.
 5.438055005553521 1.
 5.4942195783117285 1.
 5.550851383602922 1.
 5.607966532893756 1.
 5.665548914717575 1.
 5.72359852907438 1.
 5.782147598897479 1.
 5.84118001272022 1.
 5.900679659075946 1.
 5.960678760897967 1.
 6.021161206719629 1.
 6.08212699654093 1.
 6.143592241828527 1.
 6.205540831115764 1.
 6.267988875869297 1.
 6.330920264622469 1.
 6.394367220308591 1.
 6.458297519994354 1.
 6.522743386613066 1.
 6.5876887086980735 1.
 6.653117374782721 1.
 6.7190616078003185 1.
 6.785521407750865 1.
 6.852480663167707 1.
 6.919939374050844 1.
 6.987913651866931 1.
 7.0564034966159666 1.
 7.1253927968312984 1.
 7.19489766397958 1.
 7.264918098060811 1.
 7.335437987608337 1.
 7.406489555555466 1.
 7.478040578968892 1.
 7.550123280781921 1.
 7.622705438061247 1.
 7.695803162273521 1.
 7.769432564885399 1.
 7.843561422963574 1.
 7.918221959441351 1.
 7.993398062852079 1.
 8.069089733195757 1.
 8.145296970472383 1.
 8.22201977468196 1.
 8.299258145824487 1.
 8.377028195366618 1.
 8.455297700375045 1.
 8.534098883783075 1.
 8.6133995226574 1.
 8.69323183993133 1.
 8.773563612671554 1.
 8.854427063811384 1.
 8.935789970417508 1.
 9.017684555423237 1.
