 0.0006854022858037695 2.0604997757663606
 0.0020642648013986828 2.0577762591914293
 0.0034593503676725946 2.0570514834364437
 0.004870856025726868 2.058373416536599
 0.006298937334325742 2.0616822043723366
 0.007743836273769133 2.066867799427408
 0.009205725687128416 2.073782825663649
 0.0106847957017821 2.082253607369121
 0.012181253729415831 2.092090093186171
 0.013695307181715258 2.1030952048965115
 0.01522718075467316 2.115071672298374
 0.01677703000705378 2.1278273893631754
 0.01834504506623562 2.141178866176293
 0.019931571618361427 2.154954069965038
 0.02153676522219543 2.1689948310685736
 0.023160798720809016 2.1831588080365405
 0.024803844957273547 2.1973198088101835
 0.02646642246080314 2.2113675429201356
 0.028148358388326425 2.2252062660969307
 0.02984999842598614 2.238751162006018
 0.03157168825992504 2.251925197973509
 0.033313600733214495 2.2646574752059565
 0.03507608153199724 2.2768848508068897
 0.03685913065627329 2.288554932998766
 0.038663093792185375 2.299627448543279
 0.04048831662587625 2.3100739694015773
 0.042334972000417276 2.3198746558672965
 0.044203232758879836 2.3290146401605663
 0.046093444587406676 2.3374824853588514
 0.04800595317214053 2.3452713900123108
 0.0499407585130814 2.352379735219351
 0.05189837913944341 2.3588098276543854
 0.053878815051226554 2.3645649589266355
 0.05588275762071633 2.3696472078089825
 0.05791003400484135 2.3740564733215455
 0.059960989889744375 2.3777913551077594
 0.0620361438046395 2.3808519443636396
 0.06413566859259812 2.383242806331666
 0.0662597370966916 2.3849737764603063
 0.06840886784613405 2.386058636980566
 0.07058306084092549 2.3865130473174117
 0.07278266176720863 2.3863530012071967
 0.07500818915419762 2.3855958935743145
 0.07725981584496382 2.384261078169482
 0.07953771468257859 2.382369319316512
 0.08184240419625605 2.3799438303848968
 0.0841740572290676 2.377015139501851
 0.08653301946715594 2.373623941530984
 0.08891963659666385 2.3698184471206627
 0.09133425430373408 2.365649052931359
 0.09377704543143797 2.361163045790428
 0.09624852850898966 2.3564005775692696
 0.0987488763794605 2.3513935646274873
 0.10127860757206462 2.3461681166581076
 0.10383789492987341 2.3407471135376223
 0.1064270841390296 2.3351508880468645
 0.10904652088567593 2.3293965123824822
 0.1116967236990265 2.32349649902541
 0.1143780382652241 2.317455937451669
 0.11709063742734005 2.311269756491859
 0.11983486687151712 2.304922941719162
 0.12261124512696944 2.298395846267552
 0.12542011787983975 2.2916736304606804
 0.12826183081627077 2.2847517613635873
 0.13113672962240527 2.2776326702832272
 0.13404533282745734 2.2703189018923124
 0.13698781327449838 2.262809244204867
 0.13996468949274252 2.2551003842241832
 0.1429764800114038 2.2471914966077993
 0.1460233576735537 2.2390888381530774
 0.14910584100840626 2.230805604604577
 0.15222427570210426 2.222358857398434
 0.15537918028386177 2.213767905444722
 0.15857090043982158 2.2050543615481843
 0.16179995469919783 2.1962419684225125
 0.16506651590506183 2.187351992956059
 0.16837127542969907 2.178399488288986
 0.1717147518023237 2.1693976352789366
 0.1750969450229357 2.1603650205210783
 0.17851923783610613 2.151326937197524
 0.18198128455569212 2.1423087717903075
 0.18548308518169374 2.1333304148572845
 0.18902636814482468 2.1244059978973096
 0.19260940501437127 2.115543912751653
 0.19623565265176088 2.1067450911733188
 0.19990338262627988 2.0980008064232334
 0.2036143233686419 2.089295301842271
 0.20736847487884696 2.080610447556611
 0.21116756558760885 2.071931547523195
 0.2150098670642138 2.0632541811640266
 0.21889537930866176 2.054586256226478
 0.22282755918238029 2.045942889050581
 0.22680640668536928 2.0373445551143554
 0.23083019338691507 2.028814787787228
 0.23490064771773136 2.020370701172221
 0.23901949810853187 2.0120193521053884
 0.24318501612860288 2.0037565587395694
 0.24740065863937188 1.9955625808160007
 0.2516646972101251 1.987402880350724
 0.2559771318408625 1.9792345696340576
 0.26033969096229786 1.9710098603789432
 0.26475410300514496 1.9626829644771533
 0.26921863953868996 1.9542219580801719
 0.2737367574243603 1.9456072263555708
 0.2783067282314424 1.9368273502453666
 0.28292855195993616 1.927887792852678
 0.2876039570405553 1.9188211176981056
 0.2923346719040135 1.9096706714346463
 0.2971206965503109 1.900456161992547
 0.30196030254873374 1.8911698617008426
 0.30685867519142307 1.881799061806133
 0.31181062918623775 1.8723407514744714
 0.31682307825603273 1.862799835774486
 0.3218908371086669 1.8531874697075752
 0.3270190910362813 1.8435085071976152
 0.33220611160816227 1.8337512211168985
 0.33745362725502354 1.8238906584637924
 0.34276163797686504 1.8139006341665016
 0.3481301437736869 1.8037561669085276
 0.3535626015069165 1.793444632836221
 0.3590555543151263 1.7829728522010448
 0.3646141874904576 1.7723529378280378
 0.3702350441714829 1.7615989331821875
 0.3759233096503434 1.7507193714232865
 0.3816755270656116 1.7397012919166837
 0.3874934248480012 1.728519578147713
 0.39338045985893977 1.7171446179045708
 0.3993349036677135 1.7055556911771463
 0.4053567562743224 1.6937606829281524
 0.4114494745401939 1.6817887137631495
 0.41761133003461437 1.6696642431613966
 0.4238457796190111 1.6573943180522226
 0.4301510948626705 1.6449829335578974
 0.4365290041963062 1.6324362293995116
 0.4429795076199182 1.619759367821718
 0.44950606199493415 1.60697324560276
 0.4561052104599263 1.5941238305272478
 0.46278213830703596 1.5812478710864015
 0.4695368455362632 1.5683428936844541
 0.4763676037168942 1.5553702314329834
 0.4832761412796427 1.5422634732331841
 0.49026591508593614 1.5289619710536582
 0.4973351967050608 1.5154147912626796
 0.5044857145677305 1.5015579235194232
 0.5117174686739451 1.4873352195961376
 0.519033915885132 1.4727367726514238
 0.5264333277705777 1.4577931782196927
 0.5339174327609958 1.4425381564379527
 0.5414862308563863 1.4269939709371482
 0.5491431789181765 1.411180840348077
 0.5568882769463667 1.3951103184666716
 0.564719796510243 1.378778188352243
 0.5726429229019466 1.3621855238813598
 0.5806559276907637 1.3453501809376325
 0.588760539307408 1.3282871971541783
 0.5969584861825935 1.3110153790767192
 0.6052497683163199 1.2935536579579532
 0.6136343857085874 1.2758855926587718
 0.6221157952208233 1.257983309970896
 0.6306957252837414 1.239818157654196
 0.6393707190359141 1.2213584273867282
 0.6481459617694829 1.2025552592159472
 0.6570214534844475 1.1833822131070275
 0.665997194180808 1.1638637227539874
 0.6750749122892781 1.1440445658760177
 0.6842563362405716 1.123977825579382
 0.6935431944654021 1.103753499043051
 0.7029337585330561 1.0835044300712455
 0.7124314853049608 1.063366491912403
 0.7220381032118299 1.0434216074175446
 0.7317536122536636 1.023684446239825
 0.7415780124304618 1.0041357481234185
 0.7515164890343659 0.9847654449390921
 0.7615655852039479 0.9655310349679525
 0.7717287578006357 0.9463203437057867
 0.7820060068244291 0.9269816712291529
 0.7924007891367558 0.9073812411148021
 0.8029131047376156 0.8874636937380489
 0.8135446820577222 0.8672275135200648
 0.8242972495277893 0.8466737152489421
 0.8351690787171033 0.8257893708955583
 0.8461653549178053 0.8045732804705766
 0.8572843496991815 0.7830688505460052
 0.8685295199226597 0.7613388904112136
 0.8799008655882394 0.739439033627882
 0.8914001151266348 0.7174705123943763
 0.9030289969685592 0.6955736425282751
 0.9147892395447265 0.673852031609058
 0.9266808428551367 0.6523546576430866
 0.9387072637612173 0.6310818233367962
 0.9508685022629682 0.6099926367362296
 0.9631645583603894 0.5890249731765181
 0.9756006173456223 0.5681311803673814
 0.9881749507879528 0.5473192713935568
 1.0008910155488087 0.5266291503695096
 1.0137488116281896 0.5060956946945168
 1.0267500674568097 0.4857456557585421
 1.0398965114653824 0.46564167871143647
 1.0531898720846216 0.4459081868665936
 1.0666318777452408 0.4266732213491036
 1.0802242568779539 0.40800181156744536
 1.0939687379134746 0.3898930864521819
 1.1078653208518028 0.37234573774234697
 1.1219157341236523 0.35538623384125984
 1.1361234345904505 0.3390431276501096
 1.1504901506829113 0.3233150279942003
 1.165014153970321 0.30814806272961653
 1.17970062974482 0.2934759839216824
 1.1945513064371232 0.2792407141716932
 1.2095644556165162 0.2653825822829901
 1.22474526257514 0.251877446038252
 1.240093727312995 0.23875163478364572
 1.255611578260795 0.22604724576288693
 1.2713005438492533 0.21381561117635473
 1.2871623525090838 0.20214761079392177
 1.3032004611017143 0.1911963534827915
 1.3194148696271444 0.1811051448592379
 1.3358073065160878 0.17189793282921975
 1.352381228629972 0.16349155908927815
 1.369136635968797 0.15578655271969558
 1.3860752569632768 0.14870620892075603
 1.4032005484748384 0.1421822947600184
 1.4205142389341958 0.13617720416040055
 1.4380163283413492 0.1306757404342227
 1.4557102735577256 0.12561307611071312
 1.4735978030140386 0.12092653286683624
 1.4916806451410025 0.11661564124455462
 1.5099622568000448 0.11268756461757978
 1.5284409095604512 0.1090911679929185
 1.547121788714363 0.1057369248117872
 1.566006622692494 0.10257289723548162
 1.5850954114948446 0.09961305728589535
 1.604393340413555 0.09689556165604582
 1.6238986810179128 0.09441725433348772
 1.643616618600058 0.09210901736826708
 1.663548881590705 0.08987573014030807
 1.6836954699898536 0.0876483912531592
 1.704059840658931 0.08542018715035123
 1.7246437220286512 0.08325956450938177
 1.745455756252583 0.08128685460252703
 1.7664734737314474 0.07961052878934922
 1.7877331715102331 0.0782490304762982
 1.8092175652818028 0.07710317850769628
 1.8309439393532936 0.0760390553018925
 1.8528777251104311 0.07499509018926435
 1.8750707754746267 0.07397509372852908
 1.8974885218316067 0.0730826821371878
 1.9201482484885075 0.07250924767084785
 1.9430499554453295 0.07232233608325081
 1.9661936427020728 0.07241692898193099
 1.9895793102587371 0.07262614805017945
 2.0132242424224596 0.07273867206469502
 2.037128439193241 0.07255721387984156
 2.0612573319568055 0.07212041231657672
 2.0856627736345663 0.07164084957347351
 2.110327479919385 0.07116150138552223
 2.1352514508112623 0.07058590530101128
 2.160417402003061 0.06989117851570516
 2.185877186416192 0.06916780913410792
 2.2115789511292445 0.06860706146852387
 2.237574549063629 0.06835996189917616
 2.263829411605073 0.06828287441638546
 2.2903608230607118 0.0680437240746657
 2.3171687834305463 0.06746448885037752
 2.344253292714577 0.0665941847657752
 2.37163163521994 0.06561668607271327
 2.3992865266394987 0.06484194449429836
 2.4272352512803903 0.06452113887924583
 2.4554778091426144 0.06472540902879119
 2.4839969159190347 0.06565418488444122
 2.5128271402239246 0.06751280369950219
 2.54193391344301 0.06960140139068315
 2.5713690884977027 0.07081494966080908
 2.601080812466591 0.07095562636552107
 2.6311209382710867 0.0704588211883439
 2.661454897296915 0.06991407517687707
 2.6920999738512137 0.06961041340915372
 2.723073452241119 0.06945260030096725
 2.754340763852358 0.06940513646164488
 2.7859364772992032 0.0694395002991804
 2.8178605925816567 0.06942411620092313
 2.8500958253925797 0.06922888290551799
 2.8826767443462473 0.06909859056515535
 2.9155687808283846 0.06936118486642334
 2.948806503453267 0.06991741820273004
 2.9823726279137563 0.07043673111803782
 3.016267154209853 0.07067303525577705
 3.0505246509558313 0.07071602016320658
 3.0851105495374167 0.0706006392043761
 3.120042134261747 0.07020055938567539
 3.155319405128821 0.06975178774439146
 3.1909596464457777 0.06932032282601701
 3.2269455739054784 0.06929003965677431
 3.2632944718150605 0.0700210630948117
 3.3000063401745248 0.07143483207981294
 3.3370811789838704 0.07335154577706911
 3.374518988243098 0.07535419366780083
 3.4123197679522073 0.07691921661893675
 3.4504835181111986 0.07749570669148423
 3.489044807334346 0.07726640358290555
 3.527969067007374 0.07680372503624906
 3.567273581437422 0.0762613869566143
 3.606958350624489 0.07545888527740346
 3.6470233745685743 0.07467313315655798
 3.6874859375768163 0.07429659086729637
 3.7283460396492143 0.0741154701693238
 3.769586396478631 0.07363593124898846
 3.811224292372204 0.07302571649938054
 3.8532770116370703 0.07308198057484025
 3.895709985658956 0.07398988563803542
 3.9385750673592717 0.07556421827850279
 3.9818204038166063 0.07762006426921844
 4.025497847952372 0.07893893877646117
 4.069572831152294 0.07858763737007159
 4.114062637723509 0.07706501553311541
 4.1589845519731545 0.0755934672044129
 4.204321289594093 0.07469512758406055
 4.250090134893463 0.07428520820615823
 4.296273803564126 0.07405091095118348
 4.342906864220357 0.07307499666353584
 4.389954748247881 0.0715225853369256
 4.437452024260972 0.0699242029020468
 4.485381407952496 0.06807464702271114
 4.533742899322449 0.06588438608584418
 4.582553782677969 0.06345036249804535
 4.631831342326197 0.06106610029040876
 4.681541009652853 0.05905574675243494
 4.731700068965076 0.0572210564935002
 4.78230852026287 0.055448185346780136
 4.833383647853367 0.05406595134239757
 4.884925451736569 0.053712885161236915
 4.93691664760534 0.05429676385299174
 4.989391804073952 0.055123438368592306
 5.0423163525281325 0.056032133159813154
 5.0957248615821555 0.0561469816076974
 5.149600046928883 0.054332681870283034
 5.203941908568316 0.05162053517099284
 5.258785015114729 0.0495791053054118
 5.314094797953846 0.04880528946039245
 5.369888541392806 0.04901164628763546
 5.426166245431607 0.04931133313776025
 5.482927910070251 0.049155920496949335
 5.540190819615876 0.04775307037844629
 5.59793768976134 0.04572594944564451
 5.656185804813786 0.04431603317178872
 5.714935164773212 0.04379445642320137
 5.774168485332479 0.04299035737355606
 5.833920335105863 0.04264414330137537
 5.8941734297862265 0.04241733060551305
 5.954927769373569 0.040759200569974
 6.016200638175029 0.037771531654081536
 6.077974751883468 0.03552187026965201
 6.1402501104988865 0.035116959634145434
 6.2030612826355584 0.032888647125251726
 6.266390983986348 0.028375183298330265
 6.330221930244117 0.024650862340033865
 6.39458869002314 0.021902406308930488
 6.4594739790162805 0.018904662958947098
 6.524877797223535 0.015298517229375436
 6.590817428952046 0.012263703161832755
 6.657275589894673 0.010041813362188425
 6.724269564358554 0.00839081943385769
 6.791782068036551 0.007140089035144333
 6.8598476695429405 0.00616365749331906
 6.928431800263446 0.005375779870654923
 6.997569028812343 0.004720994748825091
 7.067242070882494 0.004165411787717393
 7.13743364216676 0.0036877439273696406
 7.208178311279419 0.003273418591223509
 7.279476078220469 0.0029117126482029383
 7.351309658682773 0.002594359909945501
 7.42367905266633 0.002314793700765896
 7.496601544478279 0.0020676874359138904
 7.570077134118618 0.0018486541915059347
 7.644088537280212 0.0016540374946142082
 7.718653038270198 0.0014807608851170172
 7.793770637088573 0.0013262148431669452
 7.869424049428204 0.0011881705952354225
 7.945647843903362 0.0010647127780473902
 8.022407451899776 0.0009541861657381511
 8.099737442031715 0.0008551529521905819
 8.177603245684912 0.0007663583165338114
 8.256022147166497 0.0006867023859236189
 8.335011430783611 0.0006152172186678693
 8.41453652792198 0.0005510479568800433
 8.494632007195877 0.0004934370175121252
 8.575280584298165 0.00044171115687563847
 8.656482259228843 0.0003952704688059407
 8.738237031987914 0.00035357916821106815
 8.820544902575376 0.0003161577977747107
 8.903405870991229 0.00028257657583600625
 8.98683722154261 0.00025244969800492233
 9.070804385615245 0.0002254304305242587
 9.155341931823408 0.0002012068493214907
 9.240415291552825 0.0001794981328621707
 9.326059033417772 0.00016005131266805847
 9.412238588803971 0.0001426384324585838
 9.498988526325698 0.00012705399067710629
 9.58627427736868 0.00011311272447350529
 9.674130410547193 0.00010064760038542433
 9.762522357246956 0.00008950802903720706
 9.85146740177511 0.00007955826685440008
 9.94094825982452 0.00007067598326454284
 10.03099950000946 0.00006275095614342363
 10.121569269408514 0.00005568391327958848
 10.212709420943098 0.000049385476370889684
 10.304368101691795 0.00004377520927274862
 10.396579880268888 0.000038780754067767603
 10.48934475667437 0.000034337052485049984
 10.582628162293968 0.000030385639569932965
 10.676447381434821 0.00002687400175978945
 10.770802414096929 0.00002375499836956556
 10.865693260280288 0.000020986334376089793
 10.961119919984903 0.000018530085892803944
 11.057065108903634 0.000016352266726728647
 11.15354611134362 0.000014422438209107554
 11.250528358690584 0.000012713357373354783
 11.348046419558804 0.000011200652915027487
 11.44608300964114 0.000009862539069105821
 11.544638128937592 0.000008679551904732205
 11.643694493141021 0.000007634313322306976
 11.743269386558572 0.000006711317549809631
 11.8433455248831 0.0000058967376904548355
 11.943922908114606 0.000005178252344548927
 12.045001536253094 0.000004544888386984694
 12.14658140929856 0.000003986879767961308
 12.248662527251007 0.000003495540507079839
 12.351227605803295 0.000003063149906512698
 12.454259360648287 0.000002682849929413432
 12.557792360400262 0.0000023485526213124707
 12.661809320752075 0.0000020548570700165387
 12.766292957396596 0.0000017969751002127152
 12.871243270333819 0.0000015706642369995623
 12.97666025956375 0.0000013721682175129134
 13.082561209393523 0.0000011981630483851353
 13.188894266901725 0.0000010457093769723478
 13.295694000702635 9.122095365321541E-7
 13.402943126489111 7.953692390981423E-7
 13.510624359954017 6.931635102822357E-7
 13.618754985404491 6.038060662513219E-7
 13.727317718533397 5.257222970021537E-7
 13.836329843647869 4.5752491448018353E-7
 13.945739507826499 3.9799249849510996E-7
 14.055581279683558 3.4605029823501223E-7
 14.165837874911912 3.007531826586266E-7
 14.276509293511557 2.612705331589161E-7
 14.387578251175361 2.268727844375079E-7
 14.49904474790332 1.9691952024658762E-7
 14.610908783695432 1.7084891693207832E-7
 14.723153074244566 1.481683778627236E-7
 14.83577761955072 1.2844624768172497E-7
 14.948782419613892 1.1130451556339108E-7
 15.062167474434082 9.641231277339525E-8
 15.175898215397018 8.348020603056244E-8
 15.29000921111697 7.225515199190214E-8
 15.404448608672533 6.251604058920485E-8
 15.519250976677975 5.406977276644556E-8
 15.634381746519026 4.674780550484605E-8
 15.749840918195682 4.0403098621209284E-8
 15.865628491707948 3.4907453454364214E-8
 15.981727182748681 3.0149145640580694E-8
 16.098154275625024 2.6030864018119874E-8
 16.2148752017227 2.246789119651386E-8
 16.331907245348845 1.9386513794536767E-8
 16.449215837889184 1.6722623165499067E-8
 16.56681826365086 1.442049095371072E-8
 16.684697238326727 1.2431699517879915E-8
 16.802835477609655 1.0714199280630457E-8
 16.921250265806776 9.231491877291094E-9
 17.03990703430382 7.951909144552136E-9
 17.158823067407923 6.8479881898101315E-9
 17.277981080811948 5.895923628345613E-9
 17.397346505901616 5.075089392477399E-9
 17.516953911291207 4.367621524209829E-9
 17.63673415975217 3.758056137892784E-9
 17.75686009435588 3.233011904295234E-9
 17.87715887203096 2.780915661218648E-9
 17.997457649706043 2.3917619248752134E-9
 18.118102113523864 2.0569047532679487E-9
 18.23891942041306 1.768876592895581E-9
 18.35990957037363 1.5212307981105565E-9
 18.481072563405572 1.3084049836232143E-9
 18.602235556437513 1.125602725747646E-9
 18.723744235612198 9.686909236971827E-10
 18.845252914786883 8.341109140993624E-10
 18.967107280104315 7.188008856763395E-10
 19.088788802350376 6.201300013228577E-10
 19.210816010739176 5.358416797435266E-10
 19.332843219127977 4.6400235683355517E-10
 19.455043270588156 4.0296030940120924E-10
 19.57724332204833 3.5130908132022874E-10
 19.6994433735085 3.07856936619438E-10
 19.821816268040052 2.7159747054516245E-10
 19.94436200564297 2.416917982925291E-10
 20.06690774324589 2.1744553153552352E-10
 20.189280637777436 1.982982231964281E-10
 20.311999218451728 1.838055854877344E-10
 20.434544956054648 1.7363154404805497E-10
