 0.0004903553893676018 0.00010222394092725488
 0.0014768310398332774 0.0012744334283871647
 0.0024749131008657077 0.004891778015004685
 0.003484742541014286 0.012283042120670017
 0.0045064306512390614 0.02450339032537544
 0.005540150550811218 0.04216798339230018
 0.006586025896353031 0.06540240112417628
 0.007644192710149004 0.09389381620761346
 0.008714799380145867 0.12699677519065608
 0.00979799429429035 0.16385385745081968
 0.010893938206191412 0.20350689568307448
 0.012002742406809097 0.24498777960914614
 0.013124542918427913 0.28738586862698745
 0.014259587054292408 0.32989327463340046
 0.015407986105362627 0.37183012213996697
 0.01656986372826085 0.4126525715382647
 0.01774534357960935 0.45194727777906735
 0.018934796629274952 0.48941750161399744
 0.020138099220635385 0.5248664096552365
 0.02135549866693519 0.5581807391291093
 0.02258724228141893 0.5893155161897479
 0.023833453720708872 0.6182798581839888
 0.025094380298049567 0.6451239105194339
 0.02637002201344102 0.6699264875942934
 0.027660626180127774 0.6927851956716466
 0.028966440111354384 0.7138092909577533
 0.030287587463743125 0.7331154248401955
 0.03162419189391627 0.7508236930375836
 0.03297650071511837 0.7670529249703553
 0.034344761240593984 0.7819169861701153
 0.0357289734703431 0.795523258721829
 0.03712950837423255 0.8079714762695042
 0.03854636595226234 0.8193525083699464
 0.039980040830921555 0.8297482085369784
 0.041430409353587924 0.8392331870588801
 0.04289771883350601 0.8478774955505133
 0.04438234024054263 0.8557478932514935
 0.045884397231320054 0.8629087081089457
 0.047404013462460565 0.8694214315620911
 0.048941559903830985 0.8753439587633421
 0.05049703655543133 0.8807299301032548
 0.052070690730506124 0.885627110348868
 0.05366289339892221 0.8900767808205808
 0.05527376821730186 0.8941133848286655
 0.05690343884226733 0.8977660472310723
 0.05855227624368548 0.9010604485547247
 0.060220404078178566 0.9040186730397379
 0.061908069658991136 0.9066606268933725
 0.06361552029936775 0.9090090528307928
 0.06534300331255295 0.9109596754227539
 0.06709064235516903 0.9129330576054444
 0.06885880839708279 0.9145557427346653
 0.07064762509491651 0.9159780994931137
 0.07245746341853702 0.917218261270609
 0.0742884470245666 0.9182941081973369
 0.07614082322624982 0.9192242801823853
 0.07801483933683119 0.9200280249579652
 0.07991086632617755 0.9207232733061886
 0.08182915150753346 0.9213243090704331
 0.08376981853752119 0.9218412626360726
 0.08573311472938529 0.9222811746209422
 0.0877194110529926 0.9226480465272647
 0.08972895482158763 0.9229437018244073
 0.09176199334841496 0.9231678872527358
 0.09381877394671916 0.9233177156524186
 0.09589966758636702 0.9233899959520626
 0.09800479792398083 0.9233849814113024
 0.10013453592942742 0.9233038370244561
 0.10228925257257358 0.923140889775714
 0.10446907151004166 0.9228923914224876
 0.1066743637116984 0.9225676112673945
 0.10890537649078842 0.9221800227229819
 0.11116248081717851 0.9217330701202774
 0.11344592400411321 0.9212194089298844
 0.1157560770214594 0.9206292126779902
 0.11809306352583929 0.9199563524814436
 0.12045737814374201 0.9192044246270521
 0.12284939184503438 0.9183857881849723
 0.12526910462971644 0.9175102189770902
 0.12771750575076632 0.9165794898208461
 0.13019434789493953 0.9155944617989971
 0.13269963106223603 0.9145580220713744
 0.1352345918188786 0.913474628007543
 0.13779799359864447 0.9123472680711879
 0.14039230953397916 0.9111697120753043
 0.14301630305865992 0.9099221551164859
 0.14567121073890948 0.9085767386349537
 0.14835703257472782 0.9071104666559087
 0.15107500513233776 0.905513107490123
 0.1538238918455165 0.9037896756783568
 0.15660369271426405 0.9019608372067733
 0.15941688087102593 0.9000506517406359
 0.16226345631580213 0.898076948758203
 0.1651421824823699 0.8960507703795324
 0.16805429593695198 0.8939793598301664
 0.1710010332457711 0.8918721890204299
 0.17398115784260457 0.8897414144127719
 0.17699714285989784 0.8875954442270526
 0.1800477517314282 0.8854370643192502
 0.1831329844571956 0.8832891916132485
 0.18625407760342283 0.8811163536533493
 0.18941226773633266 0.8789552385414958
 0.1926063182897023 0.8767788771996543
 0.19583870239597725 0.8745678699398336
 0.1991081834889348 0.8723097563880231
 0.2024147615685749 0.8700068158809325
 0.20575967320112035 0.8676702931463268
 0.20914415495279384 0.8653139148563879
 0.21256820682359545 0.8629415305575577
 0.2160305922473024 0.8605524817747875
 0.2195350209225829 0.858147832198541
 0.2230777831507687 0.8557242894535718
 0.22666382519675085 0.8532716725025791
 0.2302894373618611 0.8507819783411172
 0.2339583293447677 0.8482564732673579
 0.2376692645792479 0.845714354361585
 0.2414234796315244 0.8431682339535894
 0.24522097450159722 0.8406104129504869
 0.2490617491894664 0.838020276018041
 0.2529482768275774 0.8353709776350103
 0.2568780842834848 0.8326203753982389
 0.2608548812558567 0.8297274412469615
 0.26487619461224776 0.8266894906290542
 0.26894573405132616 0.8235187813108193
 0.2730610264406464 0.8201968253389496
 0.2772233083464312 0.8167091869142865
 0.28143505290112614 0.8130806348290701
 0.2856950235385084 0.8093403445931774
 0.290003220258578 0.8054893798970729
 0.2943621161937805 0.8015295642101238
 0.29877047477789304 0.7974697109676057
 0.30323076914336117 0.7933029821593909
 0.30774176272396225 0.7890212228252533
 0.3123046920859188 0.7846318787984432
 0.31691955722923104 0.780169038825744
 0.3215888312863444 0.7756808728896094
 0.3263100411248133 0.7712013684329698
 0.33108689644330613 0.766739541498808
 0.3359193972418228 0.7622984312027361
 0.3408063069541406 0.7578642602206456
 0.3457488621464822 0.7534118545448816
 0.3507495359512932 0.7489328566075107
 0.3558070918023508 0.7444116656150567
 0.3609227662658778 0.7398158136823958
 0.36609655934187413 0.7351324858720296
 0.37133094416278534 0.7303679630228901
 0.37662468416238865 0.7255218905714892
 0.38197901590690686 0.720589608540555
 0.38739393939634 0.7155656971739119
 0.3928719277631334 0.7103742277723416
 0.3984129810072872 0.7051229920187443
 0.40401586256257865 0.6995832920807799
 0.40968428212767605 0.6937678430529328
 0.41541700313635654 0.6876863194532356
 0.4212152621548428 0.6813603496544615
 0.4270802957493578 0.6748162726585833
 0.4330121039199014 0.6680909630683629
 0.4390106866664737 0.6612334519490107
 0.44507851712152 0.6542965186083257
 0.4512168318512633 0.6472955612320764
 0.457423157723258 0.6402170051038616
 0.46370120443617224 0.633042615530008
 0.47005097199000623 0.6257730509855649
 0.4764724603847598 0.618392356113568
 0.4829669061866557 0.6108722671388238
 0.4895355459619169 0.6032012354220057
 0.4961796162767659 0.595385035282777
 0.5028978805649801 0.5874190573957924
 0.509692811959005 0.5793065941362985
 0.5165656470250631 0.5710407061903141
 0.5235163857631548 0.5625911543574976
 0.5305450281732799 0.5539137701576179
 0.5376552839541067 0.5449935099683946
 0.5448446799731894 0.5358584856092407
 0.552115689362974 0.5265319463145897
 0.5594683121234602 0.5170255420276217
 0.5669050213870935 0.5073752862683418
 0.5744258171538742 0.49762800674314167
 0.5820319359900246 0.4877944163345543
 0.5897246144617676 0.4778432476081226
 0.5975026160028808 0.4677104410719335
 0.6053696503120319 0.45735718721961904
 0.6133244808229986 0.4468008292709395
 0.6213695806682262 0.4360878859555328
 0.6295049498477148 0.4252679252490342
 0.637731824927687 0.4143813724542791
 0.6460514424743656 0.4034439955161022
 0.6544650390539734 0.39248449381626827
 0.6629726146665104 0.38151132622656475
 0.6715766424444221 0.37047952396631595
 0.6802771223877084 0.35932261651188996
 0.6890740544963695 0.34802175121610557
 0.6979711484690736 0.33661185258253984
 0.7069671677395979 0.3251535661632348
 0.7160645854403878 0.31374148949681363
 0.7252634015714434 0.3024783953428965
 0.7345648526989875 0.29141533577857603
 0.7439701753892428 0.2805125034545248
 0.753480606208432 0.26961720307199916
 0.7630973817227781 0.25866797358293453
 0.7728217384985036 0.24772474634720412
 0.7826549131018312 0.23677302478333748
 0.7925969055327611 0.2257347086852932
 0.8026489523575158 0.214620759130046
 0.8128135267085411 0.20348158998041005
 0.8230918651520598 0.1923595259864782
 0.8334827311218488 0.18137193272800195
 0.8439898343165765 0.17064384448646097
 0.8546144113024657 0.16024931944413243
 0.8653552255132937 0.15021222985415042
 0.8762159866477287 0.14051901113049903
 0.8871966947057707 0.13111948240922774
 0.8982985862536423 0.12196100620793279
 0.9095228978575666 0.11304483869440056
 0.9208708660837659 0.10443440621145822
 0.9323449640646861 0.09617179544514239
 0.9439451918003271 0.08827608697630514
 0.9556727858569115 0.08076699453488446
 0.967530219366885 0.0736676407254967
 0.9795174923302474 0.06704006909336542
 0.9916358413132217 0.06087338440902083
 1.0038877394482533 0.05507633722620583
 1.0162744233015646 0.049602955856092826
 1.0287958928731562 0.04445056587694308
 1.0414546212954734 0.03965467226341566
 1.0542518451347385 0.035236824877797605
 1.0671888009571748 0.03117569470020305
 1.0802679618952278 0.027446403530230302
 1.0934880913826746 0.024046090040530464
 1.1068528991181832 0.020934441882065166
 1.1203636216679767 0.01805610612263114
 1.1340202590320552 0.01539276094724082
 1.1478265209090863 0.012953335784082195
 1.161781170732848 0.01078799478196992
 1.1758879182020083 0.008899924960142684
 1.1901479998827897 0.007249861957929076
 1.2045614157751927 0.005845798142869976
 1.219130639011662 0.004697050886261274
 1.2338569061584215 0.0037570076004446802
 1.248746400046584 0.0029654154377672646
 1.2637830453152539 0.00229874683145735
 1.2789928098551093 0.0017655359220656265
 1.2943633280039226 0.0013487825553323543
 1.3099069654239213 0.0010297686155941298
 1.32559899079065 0.0008003681661789119
 1.3414765010907919 0.0006317994146369003
 1.3575147649998913 0.0004885213626586132
 1.3737261481801761 0.00035645831589487247
 1.3901106506316465 0.00024190949992706457
 1.406668272354302 0.00023813621502600849
 1.4233990133481431 0.00006608692139428855
 1.4403152392753968 -0.000009324292881694314
 1.4574169501360636 -0.00006603251615963703
 1.474679414605688 -0.00009476287664289274
 1.4921397296709529 -0.00008515353667515809
 1.5097855296696308 -0.00007544211448397017
 1.5276168146017213 -0.000042050636047242394
 1.5456212188049976 -0.000012647897067264512
 1.5638358392661413 0.0000034123223524338415
 1.5822235789984707 0.000012812353743427402
 1.6008215349886676 0.00003208389691849072
 1.619604975912278 0.00007624893383151107
 1.6385862674315281 0.0001500165158739158
 1.657765409546419 0.0002427978536812888
 1.6771424022569503 0.00034254889662603197
 1.6967296112253496 0.0004512817367859534
 1.716514670789389 0.0005737108731672154
 1.7365099466112965 0.0006988181947254022
 1.756715438691072 0.0008077828484938387
 1.7771187813664877 0.0008905443994094486
 1.797744705961999 0.0009462199843868804
 1.8185684811531506 0.0009877727991143008
 1.8396272039266253 0.0010401145249170482
 1.8608837772957403 0.0011154961407395642
 1.8823752982471782 0.0012043419504589223
 1.9040770354564842 0.0012903053616277924
 1.9260013545858854 0.0013507194850158792
 1.9481606212976095 0.0013503014546634177
 1.9705301042672019 0.0012745561580059718
 1.993134534819117 0.0011630131692040501
 2.0159739129533554 0.001044391016450791
 2.039035873007689 0.0008664509493107751
 2.062345146306573 0.0005744349424618281
 2.0858770015255526 0.00019371402435849823
 2.1096561699890826 -0.0002241254108603442
 2.1336702860349357 -0.0006121099976238294
 2.1579193496631115 -0.0008950907137576303
 2.1824280921980654 -0.0010724389131321654
 2.2071717823153425 -0.0012210952778790225
 2.23216278567717 -0.001400396615553681
 2.2574011022835476 -0.0016073704684796775
 2.282899097796704 -0.0018205475109337138
 2.3086444065544103 -0.0019941312084513123
 2.3346493942188946 -0.002086451183182786
 2.3609140607901575 -0.002133107027586621
 2.3874384062681977 -0.002217611460653915
 2.4142224306530164 -0.0023393048423410354
 2.441266133944613 -0.002439039853950924
 2.4685695161429875 -0.0022725173308148217
 2.496157308572595 -0.002104260198062719
 2.5240047799089806 -0.002680313115024569
 2.5521242958143717 -0.0027831183931817088
 2.580515856288769 -0.002868467497781494
 2.6091794613321713 -0.003034506844051377
 2.6381274766068064 -0.003345513473930291
 2.667359902112675 -0.0037184833150767692
 2.696864372187549 -0.004007868359540213
 2.726653252493656 -0.004254081145870335
 2.7567389086932237 -0.004563004765908629
 2.787096609461797 -0.004659680146131062
 2.817763451786058 -0.0045512790444954924
 2.848702338679325 -0.004441916320184122
 2.87995036712828 -0.003921128353028566
 2.911482805808468 -0.003353603650341962
 2.9433120203821166 -0.0028012658135850633
 2.9754503765114535 -0.0023056003410744795
 3.0078855085342506 -0.00206759828274198
 3.040629782112736 -0.0021913273147180956
 3.0736708315846824 -0.002404379905387811
 3.107033388274544 -0.002314378497880972
 3.1406927208578663 -0.0022235764848218104
 3.174673560659104 -0.0018756434859119673
 3.2089635420160305 -0.0017143929247641944
 3.243562664928644 -0.0016826206623550483
 3.278483295059174 -0.0016505531609099342
 3.3137377980698473 -0.0013496452082988844
 3.349301442636208 -0.0010629887324840237
 3.3851865944204844 -0.0008640760324156015
 3.4213932534226776 -0.0006995892690081505
 3.4579337853050127 -0.0006388686508105709
 3.4948081900674914 -0.0006030051711316919
 3.532004102047886 -0.0005668289984710384
 3.569546252570651 -0.00028081319861839103
 3.6074099103113317 0.00006515271751586121
 3.6456198065943832 0.00034331915541275783
 3.684163575757578 0.0006583005534274326
 3.7230412178009153 0.0013834958403744614
 3.7622774640488514 0.0023963330363736147
 3.8018475831769303 0.0031254129715481173
 3.8417639408473803 0.003405984378128399
 3.8820265370602005 0.003499695710639077
 3.922635371815392 0.0035802497492778197
 3.9636028107751815 0.003432574107139028
 4.004916488277341 0.003162434211638075
 4.046588769984099 0.002906616908238637
 4.088619655895457 0.002619297297397189
 4.130996780349183 0.00238917080326221
 4.173744874669737 0.0022261348123441818
 4.216851573194888 0.0018900563397471655
 4.260316875924637 0.0014439545919843495
 4.304153148521213 0.0009940454324340801
 4.348348025322386 0.0005970428728492459
 4.392901506328157 0.0003109152993895735
 4.437838322862982 0.00013586445867978794
 4.4831461092646325 -0.000056358236191442494
 4.528812499870881 -0.00035745399601694246
 4.574862226006183 -0.0006441741868906134
 4.621282922008311 -0.0007851785650451556
 4.668074587877264 -0.0007976370390914377
 4.715249589275271 -0.0007664995167188987
 4.762795560540104 -0.0007351171383381879
 4.81072486733399 -0.0006554876999725374
 4.859025143994701 -0.0005908683016598875
 4.907721121846693 -0.000510049758659027
 4.956788069565512 -0.0003979787640410226
 5.006250718475611 -0.00023860359048562726
 5.056096702914763 -0.00007661820663916722
 5.106313657220741 0.000023475454043235845
 5.156926312717999 0.000054542602677194114
 5.207934669406539 0.000052095471329881417
 5.259326361624131 0.00004255577150530452
 5.311101389370777 0.00003384347951698356
 5.363272118308704 0.000026898859239876643
 5.415838548437912 0.000021431610805069116
 5.468788314096173 0.00001710833208647595
 5.5221337809457145 0.000013673712046706771
 5.575874948986537 0.000010936084301003171
 5.6299994525564125 0.000008749187864891917
 5.684532022979797 0.000006999717923598761
 5.7394479289322335 0.000005598939899035745
 5.794771901738179 0.000004476819246040432
 5.850479210073178 0.000003577773528528905
 5.906582219599458 0.000002857511688607129
 5.963093295979246 0.0000022806367415240987
 6.019987707888087 0.0000018188003740201722
 6.077290186650437 0.000001449266202421388
 6.134988366604067 0.0000011537807411895242
 6.193082247748978 9.176812705341316E-7
 6.25157183008517 7.291861016132225E-7
 6.310457113612643 5.788282879908611E-7
 6.369738098331396 4.5900254415130707E-7
 6.429427149903659 3.636011797094419E-7
 6.489499537004974 2.877217618148359E-7
 6.549979990959797 2.274317356475818E-7
 6.610843780443673 1.7957883425601823E-7
 6.672115636781059 1.4163830221490359E-7
 6.733770828647496 1.1158975572600122E-7
 6.795834087367443 8.781795042814752E-8
 6.858280681616443 6.903280200472355E-8
 6.9211353427189515 5.0700208287116056E-8
 6.984373339350513 4.251418931245952E-8
 7.048007037173354 3.33072128781476E-8
 7.1120240705252495 2.6064671643209103E-8
 7.176449170730654 2.037397527212832E-8
 7.2412452408028845 1.590776340065731E-8
 7.3064493777286215 1.240660141803919E-8
 7.372024484521185 9.665128178047586E-9
 7.43799529250503 7.520979942137896E-9
 7.504361801680155 5.84594098130375E-9
 7.571099280722106 4.538882292255858E-9
 7.63822009529311 3.5201352320371716E-9
 7.705724245393167 2.7270137357317577E-9
 7.773611731022278 2.1102533847019543E-9
 7.841882552180442 1.6311845225497338E-9
 7.910524343205432 1.2594900969218527E-9
 7.979549469759474 9.71430613384608E-10
 8.048933200518116 7.484389496685971E-10
 8.11870026680581 5.760112304260356E-10
 8.188838302960331 4.4283094904612127E-10
 8.259347308981678 3.4007916438894977E-10
 8.33021491920762 2.608914462819582E-10
 8.40145349930039 1.9993104692776668E-10
 8.473050683597759 1.5305381308196654E-10
 8.545006472099724 1.1704546970402183E-10
 8.61732086480629 8.941590728667027E-11
 8.689993861717452 6.823826574944872E-11
 8.763025462833214 5.202325181254957E-11
 8.836403302491345 3.962113663567329E-11
 8.91011501502962 3.014531496911123E-11
 8.984185331772494 2.2912892976122906E-11
 9.058601887057737 1.7398470882263153E-11
 9.133352315223124 1.3198277359003649E-11
 9.208436616268653 1.0002361109361834E-11
 9.283854790194328 7.57305468163411E-12
 9.35961920266237 5.7283206223601346E-12
 9.435692756686104 4.3288802645338414E-12
 9.512100183589979 3.268289292964009E-12
 9.58882911771177 2.465282819870198E-12
 9.665867193389248 1.857886439909003E-12
 9.743226776284644 1.3988872387848693E-12
 9.820895500735725 1.0523554747799695E-12
 9.898885732404723 7.909765898101592E-13
 9.977160374304956 5.940069989603402E-13
 10.055744157760875 4.45709376485543E-13
 10.134624717110256 3.3415645990595457E-13
 10.213802052353095 2.5031773498313284E-13
 10.293263797827171 1.8736261716204988E-13
 10.373009953532478 1.401296041819119E-13
 10.453040519469017 1.0472218006877984E-13
 10.533343129974563 6.052929573940467E-14
 10.613917785049114 5.83535574162637E-14
 10.69476448469267 4.351113623922052E-14
 10.775883228905233 3.242065321517312E-14
 10.857249286362345 2.4140055949625594E-14
 10.938887388388464 1.7962106783264277E-14
 11.020760437996904 1.335629921437692E-14
 11.102893166512125 9.925037397359252E-15
 11.185260842609665 7.370608553799134E-15
 11.267863466289532 5.470253613628748E-15
 11.350701037551719 4.057447174687959E-15
 11.433761190734002 3.0077936762949653E-15
 11.51705629149861 2.2284381074147607E-15
 11.600561608521085 1.6501394866231834E-15
 11.684289507463653 1.2212814743621982E-15
 11.768215257001863 9.034356187095326E-16
 11.852351222797942 6.679931035456493E-16
 11.93668503918966 4.93690761554806E-16
 12.021204340514792 3.647121790734178E-16
 12.105921492435563 2.693186960713737E-16
 12.19081176362752 1.988059004806159E-16
 12.27588751975289 1.4670011641842365E-16
 12.361136395149448 1.0821355154045318E-16
 12.446533658492733 7.979966429628387E-17
 12.532104041107203 5.883052128563904E-17
 12.617798080343949 4.336199518618544E-17
 12.703739432825246 3.195331726405731E-17
 12.789804441928819 2.3539438063777832E-17
 12.875869451032392 1.7340649681663488E-17
 12.962181773380514 1.2770076099626464E-17
 13.048617752350909 9.401054357308636E-18
 13.135177387943584 6.922992917371786E-18
 13.221860680158532 5.095631455975829E-18
 13.30854397237348 3.746544279955276E-18
 13.39547457783298 2.757897937710168E-18
 13.482405183292476 2.02847012510192E-18
 13.569583101996527 1.490338229058954E-18
 13.656637364078302 1.0937726436472308E-18
 13.743938939404625 8.0575727793829055E-19
 13.83124051473095 5.873316828219409E-19
 13.918665746679551 4.2691013669606363E-19
 14.00609097862815 3.1435247836468817E-19
 14.093516210576748 2.259888040764387E-19
 14.181065099147625 1.6510294916302237E-19
 14.268737644340774 1.1274923911437747E-19
 14.356410189533925 8.158098619527022E-20
 14.4439590781048 4.871329021696266E-20
 14.531755279920226 3.2563734271677424E-20
 14.619427825113377 1.811653184531048E-20
