 0.002822988672914983 0.1888762352860429
 0.003974842073391286 0.22461453384448657
 0.005140221965480255 0.25580556246895536
 0.006319325816212733 0.2833490615379556
 0.007512294673467891 0.3075652837466111
 0.008719283689912819 0.3286205387190162
 0.009940462123002527 0.34667764661171646
 0.011175999230192019 0.36193466076954467
 0.012426078373724222 0.3746227461576385
 0.01369082649669039 0.38499313855627304
 0.014970398751757614 0.39330399130465843
 0.016265077234684237 0.3998095615307727
 0.017574988888561516 0.4047524168817337
 0.01890027476126863 0.4083588792106716
 0.02024107590068474 0.410836408035674
 0.02159781545044737 0.4123725223593582
 0.022970352362677353 0.4131345961536513
 0.024358968733133025 0.4132700159894918
 0.025763946657572735 0.41290715454991544
 0.027185427183875656 0.4121566018444338
 0.028623692407800133 0.411112658925134
 0.03007874232934617 0.4098548471055665
 0.03155085904427211 0.4084495764336005
 0.03304032464833629 0.40695225697075804
 0.0345472801894179 0.40540931217923826
 0.0360718667153961 0.40385954833937443
 0.03761436632202923 0.4023342845082397
 0.039175061105075654 0.40085714877909556
 0.04075395106453536 0.39944484820589227
 0.04235145934404587 0.39810929082309743
 0.043967585943607175 0.3968600014909997
 0.045602895054735984 0.3957053754357727
 0.0472572456295531 0.3946524190597362
 0.048930919763816895 0.39370627054504154
 0.050624340601164865 0.39287029447622207
 0.05233764918947619 0.3921469075599387
 0.05407098657663006 0.39153811454405985
 0.05582477590626396 0.3910445234676286
 0.057599017178377926 0.3906643980091819
 0.05939399248873027 0.39039359559681064
 0.06121012498095854 0.39022654137087326
 0.06304755570294189 0.39015705110161675
 0.06490642570255949 0.3901787949803526
 0.06678715812344886 0.3902858767802759
 0.0686898940134892 0.39047445345979576
 0.07061491546843882 0.3907427801955229
 0.07256250458405607 0.3910902621978722
 0.07453294345609932 0.39146265307951295
 0.07652637313244771 0.392021111565144
 0.0785432167567388 0.39260206388455265
 0.08058361537685171 0.39325384508104494
 0.08264799213642401 0.3939683335797719
 0.08473648808333484 0.3947380884179945
 0.08684938531334256 0.3955585304832401
 0.08898696592220551 0.3964265664708862
 0.0911496530535612 0.39733806371060454
 0.093337728803168 0.3982877748646066
 0.09555133421890505 0.3992718189453273
 0.09779075139653072 0.40028846235770665
 0.10005640347968252 0.40133721490828206
 0.10234857256411879 0.40241760358259826
 0.10466754074559789 0.4035295439769854
 0.10701359011987815 0.4046760353280434
 0.1093871438305971 0.40586489611499516
 0.11178834292563392 0.4071059707709858
 0.1142176105486261 0.4084048791319088
 0.11667536984321117 0.4097596284883509
 0.11916176185726833 0.4111621937184344
 0.12167720973443504 0.41260273476191894
 0.12422199557046971 0.41407321298067884
 0.12679654250900982 0.4155661819314134
 0.12940113264581374 0.41707325282629687
 0.13203618912451895 0.4185879999173424
 0.13470185299300466 0.42010954314386095
 0.13739868844278752 0.42164262043877554
 0.1401271186175051 0.4231948537481856
 0.14288714351715737 0.4247736649646796
 0.14567989152477773 0.4263830212727695
 0.1485050805446078 0.4280211890498305
 0.1513627105766476 0.42968206735338454
 0.15425419209968885 0.4313571972736845
 0.15717811463493989 0.4330344833120091
 0.16013729913998406 0.43469937362467126
 0.1631303351360297 0.43634060875078706
 0.16615863310186854 0.4379543021777964
 0.16922219303750055 0.4395437786636409
 0.1723224254217175 0.4411174678380974
 0.1754579197757276 0.4426850823548007
 0.1786286760995309 0.44425219265175064
 0.18183751535071083 0.4458185405062597
 0.18508443752926743 0.4473808464919383
 0.1883680321564089 0.44893365343730396
 0.19168970971092708 0.4504728807724197
 0.19505088067161355 0.45200034629182406
 0.19845013455967672 0.4535150301978678
 0.20189029233269995 0.4550045236658278
 0.20536994351189158 0.4564606511598524
 0.20888908809725157 0.4578805741290661
 0.21244913656757164 0.45930095454449327
 0.21605149940164356 0.46068354020956703
 0.21969476612067554 0.4620206523147058
 0.22338175768225108 0.46329233965588557
 0.22711106360757846 0.4644914408187383
 0.23088268389665767 0.4656252182428561
 0.2346980290282804 0.4667000341253983
 0.2385585094812384 0.46771779238749245
 0.2424641252555317 0.4686874599704399
 0.24641346587236862 0.46961645262974333
 0.2504107627681242 0.47051114176948367
 0.2544517845064233 0.4713831578073714
 0.2585421730024329 0.47224220131963907
 0.26267769681977776 0.47308873680030095
 0.2668625873948331 0.4739149771816402
 0.2710954342488072 0.47470879888373185
 0.27537764786049174 0.4754559317175245
 0.2797092282298867 0.4761484558425645
 0.28409017535699216 0.4767830279839005
 0.28852331019939154 0.47736345200608865
 0.29300581179950136 0.4778995278818783
 0.2975419115936968 0.4783867897552843
 0.3021287886243945 0.47881570378874216
 0.3067706743279695 0.4792029742607256
 0.31146474774683847 0.479583828140557
 0.31621241935979305 0.4799767319975621
 0.32101651012441673 0.48037378449564233
 0.3258756095619178 0.48075569875211904
 0.3307897176722962 0.4811219532267923
 0.3357616554131355 0.4814952701811488
 0.3407900123056438 0.4818817307245722
 0.34587760930740474 0.4822579844063785
 0.35102303593962647 0.4825868934399889
 0.3562277026811007 0.4828558148597652
 0.3614916095318276 0.4830935941645584
 0.3668175774493905 0.48332648566529546
 0.37220278547620583 0.4835541878557186
 0.37765146504864894 0.48376877019851655
 0.3831636161667198 0.483962564564268
 0.38873782835162674 0.4841032945034188
 0.3943755120821613 0.4841693817132967
 0.4000794883159071 0.48416235698586463
 0.40584834657407237 0.4840612589690937
 0.41168349733544884 0.48385509623737394
 0.4175849406000365 0.483582926966588
 0.42355549732541875 0.483297464237465
 0.42959375703280395 0.48303455034548454
 0.4357011302009838 0.4828461239690109
 0.4418776168299583 0.4827549938829615
 0.44812603787731087 0.4827648805629146
 0.4544463933430416 0.4827543884537022
 0.4608372727483586 0.4828076463063281
 0.4673029075296373 0.4828841967429338
 0.4738418872080858 0.4829677487813811
 0.4804556222624957 0.48303673159047966
 0.48714552317165905 0.48307591209879697
 0.4939115899355756 0.48309636437427406
 0.5007538225542455 0.48310929098698746
 0.507675041985252 0.48312373777408685
 0.5146766587073871 0.48313287825677725
 0.5217558517630672 0.4830912139824522
 0.5289168525886674 0.4829411475358131
 0.5361596611841878 0.4826886593782538
 0.5434842775496285 0.4823843030268198
 0.550892112163781 0.48211524371854036
 0.5583845755054372 0.48191054576316383
 0.5659630780533887 0.4816572933895713
 0.573626209328844 0.4812237423550039
 0.5813767902893864 0.48060891641345854
 0.5892162314138074 0.47992039835101274
 0.5971445327021074 0.4792994189120534
 0.6051616941542862 0.47883010278931837
 0.6132719472067192 0.47842330656354637
 0.6214724709018224 0.4779386841077044
 0.6297660861971799 0.47733394122903094
 0.6381527930927913 0.47666422663515834
 0.6466354125462401 0.47595597730333283
 0.6552139445575266 0.47522372337297497
 0.663889799605442 0.4744821113724944
 0.6726643881687785 0.47368918009745664
 0.6815362997687442 0.4728587462014803
 0.6905097658417141 0.4720614690443593
 0.6995833759088967 0.4713176015808192
 0.7087599509278756 0.47060476687458463
 0.7180394908986505 0.46993170880241153
 0.7274234063000132 0.4693395561091292
 0.7369131076107555 0.4687789479855189
 0.746510005309669 0.46813681187694794
 0.7562140993967539 0.4673942691669521
 0.7660282108295934 0.46661501358215274
 0.7759523396081878 0.4658765339620937
 0.7859864857325368 0.46525783540976884
 0.7961348806390158 0.4646492253359348
 0.806396113848833 0.4638595307846106
 0.8167730063195718 0.462821535096359
 0.8272655580512323 0.4615425698944707
 0.8378751795226062 0.46011107991866906
 0.8486032812124852 0.4586212549490481
 0.859451273599661 0.45729503438280666
 0.8704205671629254 0.45650296529441187
 0.88151257238107 0.4551613900251128
 0.8927286997328867 0.45409961662541376
 0.9040689492183753 0.4530614231927308
 0.9155347313163277 0.45195416185369225
 0.9271288669843273 0.4508074795330404
 0.9388527667011659 0.44984298803403633
 0.9507050199880517 0.4488322499541027
 0.9626898582813598 0.4474228189560196
 0.9748086920598821 0.44548664848091357
 0.9870601108448266 0.44322320222101663
 0.9994483460725687 0.44070811901482043
 1.0119733977431085 0.4378562349260409
 1.0246366763352377 0.4346508987226995
 1.0374395923277475 0.431011587430052
 1.0503835561994304 0.4271120437720436
 1.0634713889078695 0.4228873323940655
 1.0767030904530646 0.41805047168888976
 1.0900800713138077 0.412631703277438
 1.1036051524476822 0.40672215243063675
 1.1172783338546879 0.4006337012929056
 1.1311010260136172 0.3944157812566967
 1.1450760498820527 0.3874516261373907
 1.1592048159387864 0.37981972362411565
 1.1734873241838186 0.3721507024876489
 1.1879263955747326 0.36397797813379856
 1.2025234405903198 0.3547982343148236
 1.2172798697093723 0.3450090297472817
 1.2321985038894736 0.3342122160164221
 1.2472779326518317 0.3220316251621424
 1.262522387432822 0.3097869907565217
 1.277933278711236 0.2988537555259284
 1.293510606487074 0.2884147337785049
 1.309258602196711 0.27826241525588863
 1.3251758553613553 0.2693591582242643
 1.3412665974173819 0.2613958443340303
 1.3575322388435829 0.2529888531726295
 1.3739727796399581 0.24371796061689907
 1.3905910407640907 0.23428582445129642
 1.407388432694773 0.22495550906773276
 1.4243720078259632 0.21567466093921406
 1.441523429933369 0.20645520715983354
 1.4588723190716164 0.19727964176483598
 1.4764045704527888 0.188936807131207
 1.4941342888648026 0.181893915519897
 1.512033264731824 0.17582852655499284
 1.5301438124176043 0.1717955843088406
 1.5484377223463095 0.16950093156735124
 1.5669290993058562 0.16936674714525046
 1.585617943296245 0.16990158275132683
