 0. 0.5285869620080937
 0.000980709884813917 0.5348049446248387
 0.0019729562573850734 0.5410956487111325
 0.002976874040950611 0.5474599147258196
 0.00399259971808673 0.5538985926078402
 0.005020271348297519 0.5604125418664188
 0.006060028585771103 0.567002631692677
 0.0071120126973428874 0.5736697410542787
 0.008176366580634387 0.5804147588097351
 0.00925323478240414 0.5872385838021438
 0.010342763517072534 0.5941421249735006
 0.011445100685458717 0.6011263014655814
 0.012560395893704696 0.6081920427324682
 0.013688800472408185 0.6153402886485693
 0.014830467495955884 0.6225719896131188
 0.01598555180205064 0.629888106668905
 0.01715421001145887 0.6372896116076614
 0.018336600547953576 0.6447774870861198
 0.019532883658472586 0.6523527267385432
 0.020743221433485667 0.660016335292789
 0.021967777827576945 0.6677693286810295
 0.023206718680232732 0.6756127341674548
 0.024460211736866307 0.6835475904527254
 0.025728426670036483 0.6915749478016698
 0.02701153510090312 0.6996958681611393
 0.028309710620901242 0.7079114252761238
 0.029623128813630658 0.7162227048227199
 0.03095196727699224 0.7246308045180532
 0.03229640564552815 0.7331368342523636
 0.033656625613007154 0.7417419162095648
 0.035032810955233584 0.7504471850002997
 0.03642514755310317 0.7592537877789115
 0.03783382341587594 0.7681628843773767
 0.03925902870469751 0.7771756474392285
 0.04070095575636898 0.7862932625347696
 0.042159799107330455 0.7955169283101722
 0.04363575551792131 0.8048478566071392
 0.04512902399686239 0.814287272600391
 0.046639805825993357 0.8238364149343198
 0.0481683045852635 0.8334965358542088
 0.049714726177966094 0.8432689013437773
 0.05127927885622786 0.853154791266211
 0.05286217324676017 0.8631554994981793
 0.05446362237685884 0.8732723340726176
 0.05608384170066884 0.8835066173171707
 0.05772304912570591 0.8938596859952864
 0.0593814650396399 0.9043328914562115
 0.061059312337356404 0.9149275997653108
 0.06275681644826024 0.9256451918648905
 0.06447420536387725 0.9364870637062738
 0.06621170966570118 0.9474546264042835
 0.06796956255332713 0.9585493063855156
 0.0697479998728602 0.9697725455329073
 0.07154726014559223 0.9811258013367217
 0.07336758459695879 0.9926105470534529
 0.0752092171857909 1.0042282718451216
 0.0770724046338253 1.0159804809417758
 0.078957396455516 1.0278686957914984
 0.08086444498812448 1.0398944542203175
 0.08279380542210625 1.052059310578481
 0.08474573583176898 1.064364835909407
 0.08672049720624403 1.0768126181004383
 0.08871835348073777 1.0894042620427644
 0.09073957156807945 1.1021413897929855
 0.09278442139056897 1.1150256407338839
 0.09485317591212289 1.1280586717368897
 0.09694611117072181 1.141242157321917
 0.09906350631115439 1.1545777898244478
 0.10120564361807137 1.1680672795595706
 0.10337280854934379 1.181712354986659
 0.10556528976972698 1.1955147628776837
 0.10778337918483662 1.2094762684810525
 0.11002737197542886 1.223598655694517
 0.1122975666320013 1.2378837272305054
 0.1145942649897006 1.2523333047893404
 0.11691777226355156 1.26694922922618
 0.11926839708399589 1.281733360726015
 0.12164645153275568 1.2966875789743681
 0.12405225117901353 1.311813783331979
 0.1264861151159169 1.3271138930066475
 0.12894836599740114 1.342589847227064
 0.13143933007533506 1.3582436054250346
 0.13395933723700476 1.374077147399854
 0.13650872104290218 1.3900924735066007
 0.13908781876486315 1.406291604826776
 0.1416969714245221 1.4226765833486337
 0.144336523832101 1.4392494721430915
 0.14700682462552528 1.4560123555467184
 0.1497082263098786 1.4729673393404572
 0.1524410852971896 1.4901165509271423
 0.155205761946548 1.5074621395156225
 0.1580026206045621 1.5250062763000929
 0.1608320296461492 1.5427511546395813
 0.163694361515659 1.5606989902473867
 0.16658999276834827 1.5788520213641357
 0.16951930411217692 1.597212508948077
 0.17248268044995696 1.615782736850902
 0.17548051092182754 1.6345650120107433
 0.17851318894808837 1.6535616646234752
 0.1815811122723507 1.672775048338384
 0.18468468300505148 1.692207540431236
 0.1878243076672885 1.7118615419991505
 0.19100039723501727 1.731739478133633
 0.1942133671835688 1.7518437981126396
 0.19746363753252363 1.7721769755809855
 0.20075163289092085 1.7927415087349754
 0.20407778250280947 1.8135399205049514
 0.2074425202931385 1.8345747587431835
 0.21084628491399574 1.8558485963994231
 0.21428951979117206 1.8773640317132665
 0.21777267317108293 1.899123688388669
 0.22129619816801335 1.921130215783049
 0.22486055281171394 1.9433862890840887
 0.22846620009532478 1.9658946094927818
 0.23211360802363923 1.9886579044066857
 0.2358032496617073 2.0116789275981573
 0.2395356031837701 2.0349604593895387
 0.243311151922519 2.0585053068426515
 0.2471303844187068 2.0823163039262127
 0.2509937944710689 2.1063963116967295
 0.2549018811865807 2.1307482184765725
 0.2588551490310449 2.15537494002671
 0.2628541078799997 2.1802794197215656
 0.2668992730699511 2.205464628718469
 0.27099116544991964 2.23093356613677
 0.2751303114333198 2.2566892592161656
 0.27931724305013256 2.282734763498356
 0.28355249799941545 2.309073162985005
 0.2878366197021056 2.3357075703045957
 0.2921701573541322 2.362641126878737
 0.29655366597983757 2.389877003084442
 0.30098770648569945 2.417418398408734
 0.3054728457143401 2.445268541612892
 0.3100096564988398 2.473430690883446
 0.31459871771733117 2.501908133990043
 0.31924061434788564 2.5307041884348234
 0.3239359375236775 2.5598222015985614
 0.3286852845884191 2.589265550890877
 0.3334892591520746 2.6190376438940155
 0.3383484711468406 2.6491419185002023
 0.3432635368833811 2.679581843053599
 0.3482350791073271 2.7103609164819673
 0.3532637270560188 2.741482668429998
 0.35835011651549653 2.7729506593873716
 0.3634948898777287 2.8047684808183417
 0.3686986961980801 2.8369397552719855
 0.37396219125298497 2.8694681365148664
 0.3792860375978663 2.9023573096334463
 0.38467090462524456 2.935610991148361
 0.39011746862305935 2.9692329291225956
 0.39562641283319094 3.0032269032596624
 0.40119842751016427 3.0375967250034965
 0.4068342099800385 3.0723462376269275
 0.41253446469946053 3.1074793163293974
 0.41829990331489947 3.142999868304713
 0.4241312447220076 3.1789118328332635
 0.4300292151251515 3.215219181350047
 0.4359945480970704 3.251925917505628
 0.4420279846386465 3.289036077238511
 0.44813027323881066 3.3265537288231917
 0.4543021699345365 3.364482972924869
 0.46054443837093617 3.4028279426356987
 0.46685784986142376 3.4415928035251615
 0.4732431834479716 3.480781753655968
 0.4797012259613964 3.5203990236197633
 0.4862327720817116 3.560448876546977
 0.49283862439849796 3.6009356081210204
 0.4995195934713004 3.641863546577733
 0.5062764978900242 3.683237052702053
 0.5131101643353242 3.7250605198145563
 0.5200214276389701 3.767338373747504
 0.5270111308441664 3.8100750728230586
 0.5340801252658326 3.853275107804447
 0.5412292705507921 3.896943001857715
 0.5484594347378909 3.941083310492299
 0.5557714943180055 3.9857006214972057
 0.5631663342939326 4.030799554864843
 0.5706448482401372 4.076384762704493
 0.578207938362341 4.1224609291567536
 0.5858565155569508 4.169032770273526
 0.5935914994702653 4.216105033917527
 0.601413818557495 4.2636824996277465
 0.6093244101415323 4.311769978479373
 0.6173242204714621 4.360372312942459
 0.6254142047808104 4.409494376714834
 0.6335953273454821 4.459141074549553
 0.6418685615413787 4.509317342074349
 0.6502348899016825 4.560028145584726
 0.6586953041737548 4.611278481843062
 0.667250805375663 4.663073377843394
 0.6759024038522701 4.715417890581667
 0.6846511193308994 4.768317106803128
 0.6934979809765287 4.821776142724662
 0.7024440274464709 4.87580014377336
 0.7114903069445688 4.930394284268011
 0.7206378772747988 4.985563767127794
 0.729887805894335 5.041313823529867
 0.7392411699659768 5.097649712574122
 0.7486990564099555 5.154576720921716
 0.75826256195507 5.212100162418808
 0.767932793189124 5.270225377700128
 0.7777108666086279 5.328957733779556
 0.7875979086677416 5.388302623622888
 0.797595055826424 5.448265465696649
 0.8077034545977451 5.508851703503967
 0.8179242615943384 5.570066805098553
 0.8282586435739498 5.631916262576174
 0.8387077774840446 5.694405591558722
 0.8492728505054555 5.757540330636195
 0.8599550600949974 5.821326040814051
 0.8707556140270553 5.885768304912635
 0.8816757304340579 5.950872726967274
 0.8927166378458397 6.016644931595886
 0.9038795752278277 6.0830905633395975
 0.9151657920180066 6.1502152859932675
 0.9265765481626406 6.2180247819009615
 0.9381131141506885 6.286524751234594
 0.949776771046881 6.355720911241208
 0.9615688105234 6.425618995477499
 0.9734905348901399 6.496224753004187
 0.9855432571234712 6.567543947568283
 0.9977283008934904 6.639582356744927
 1.0100470005896742 6.712345771070255
 1.0225007013449279 6.785839993130428
 1.035090759057942 6.860070836633364
 1.047818540413826 6.935044125448831
 1.0606854229029634 7.010765692617192
 1.073692794838026 7.087241379338908
 1.0868420553691123 7.164477033920104
 1.100134614496933 7.242478510701492
 1.1135718930840062 7.321251668948348
 1.1271553228637934 7.4008023717137625
 1.1408863464477288 7.481136484664984
 1.1547664173300687 7.562259874890338
 1.1687969998905274 7.644178409651484
 1.1829795693946 7.726897955130862
 1.1973156119915591 7.810424375119201
 1.2118066247100183 7.894763529685921
 1.2264541154510267 7.979921273809757
 1.2412596029786254 8.065903455971833
 1.2562246169077909 8.15271591672201
 1.27135069768972 8.24036448719129
 1.286639396594356 8.328854987593438
 1.302092275690132 8.41819322566579
 1.3177109078208231 8.508384995084839
 1.3334968765794593 8.599436073846384
 1.3494517762792315 8.691352222595283
 1.3655772119213012 8.784139182925955
 1.3818747991594533 8.877802675646556
 1.3983461642615322 8.972348398987922
 1.4149929440675522 9.067782026789018
 1.4318167859444424 9.16410920663624
 1.4488193477373397 9.26133555795055
 1.466002297717331 9.359466670055458
 1.483367314525614 9.45850810017785
 1.5009160871139453 9.558465371427749
 1.5186503146813426 9.659343970718114
 1.5365717066069269 9.761149346658938
 1.554681982378857 9.863886907384943
 1.5729828715192342 9.967562018363552
 1.5914761135049404 10.07218000014165
 1.6101634576842936 10.177746126050623
 1.6290466631894487 10.28426561987801
 1.6481274988444754 10.391743653467088
 1.6674077430689846 10.50018534430834
 1.6868891837772853 10.609595753047845
 1.7065736182729179 10.719979880969042
 1.7264628531385173 10.83134266743508
 1.746558704120929 10.943688987256259
 1.766862996011441 11.057023648039149
 1.7873775625210993 11.171351387475594
 1.8081042461509904 11.286676870580655
 1.829044898057402 11.403004686891519
 1.8502013779117852 11.520339347611108
 1.8715755537554184 11.638685282711895
 1.8931693018486964 11.758046837981107
 1.9149845065149373 11.878428272024271
 1.937023059978632 11.999833753224767
 1.95928686219805 12.12226735664416
 1.9817778206920962 12.245733060882404
 2.004497850361341 12.37023474488643
 2.027448873303131 12.495776184709703
 2.050632818620684 12.622361050233506
 2.0740516222261056 12.749992901820505
 2.0977072266371946 12.878675186942779
 2.1216015807679898 13.008411236744202
 2.1457366397129434 13.139204262567466
 2.1701143645246495 13.27105735242933
 2.1947367219850302 13.40397346744646
 2.219605684369893 13.537955438221513
 2.244723229206784 13.673005961174624
 2.270091339026031 13.809127594840522
 2.2957120011049215 13.946322756108076
 2.321587207204899 14.084593716422322
 2.347718953301716 14.22394259794521
 2.374109239308462 14.364371369664577
 2.400760068791374 14.505881843465358
 2.4276734486783553 14.648475670161618
 2.4548513889601358 14.792154335477475
 2.4822959023839717 14.936919155998657
 2.510009004139837 15.082771275077048
 2.537992711539016 15.22971165870231
 2.566249043685034 15.377741091325781
 2.5947800211368413 15.526860171660504
 2.623587665564208 15.677069308433353
 2.65267399939523 15.828368716117543
 2.682041045455928 15.980758410609832
 2.7116908266018127 16.13423820490328
 2.741625365341436 16.288807704698783
 2.771846683451788 16.444466304018444
 2.8023568015855633 16.601213180765686
 2.833157738870185 16.759047292273152
 2.8642515124985715 16.917967370818758
 2.8956401373115823 17.077971919127545
 2.927325625372119 17.23905920584077
 2.95930998553082 17.401227260974068
 2.991595222983327 17.564473871353247
 3.0241833388190864 17.728796576036395
 3.057076329561654 17.894192661725445
 3.0902761867004873 18.06065915815551
 3.123784896214187 18.228192833490933
 3.1576044380851895 18.39679018969631
 3.1917367858058783 18.566447457918645
 3.2261839058761237 18.737160593851918
 3.2609477572922225 18.908925273120524
 3.2960302910272734 19.08173688664385
 3.331433449502952 19.25559053602341
 3.367159166052726 19.43048102892295
 3.403209364376502 19.606402874479286
 3.4395859579867536 19.783350278704216
 3.476290849646121 19.961317139914964
 3.513325930796534 20.14029704418865
 3.5506930809798978 20.320283260825278
 3.5883941672503625 20.501268737852527
 3.626431043578256 20.683246097539417
 3.664805550245685 20.866207631972145
 3.7035195132339385 21.050145298633975
 3.74257474360268 21.235050716041748
 3.7819730368610527 21.420915159428997
 3.821716172330767 21.607729556459038
 3.8618059125012416 21.795484483010576
 3.9022440023769236 21.984170158994008
 3.943032168816841 22.173776444241
 3.984172119866538 22.364292834461757
 4.025665544082503 22.555708457241515
 4.067514109849168 22.748012068142835
 4.109719464688685 22.941192046846762
 4.152283234563533 23.13523639340978
 4.195207023172181 23.33013272455923
 4.238492411237893 23.525868270132683
 4.282140955790901 23.72242986954206
 4.326154189444039 23.919803968399087
 4.37053361966211 24.117976615195133
 4.4152807280250865 24.31693345810203
 4.4603969694853856 24.51665974189868
 4.505883771619433 24.717140304978308
 4.551742533873681 24.918359576513367
 4.597974626805365 25.120301573708797
 4.644581391318155 25.322949899220365
 4.691564137893037 25.52628773866545
 4.738924145814553 25.730297858325496
 4.7866626623927955 25.934962602928007
 4.834780902181278 26.14026389365053
 4.883280046191105 26.346183226202317
 4.932161241101583 26.55270166913577
 4.981425598467699 26.759799862262206
 5.031074193924658 26.967458015291424
 5.081108066389897 27.17565590658086
 5.131528217262777 27.384372882135146
 5.182335609622426 27.593587854736295
 5.233531167423957 27.80327930327924
 5.285115774693462 28.013425272314898
 5.3370902747221525 28.224003371764557
 5.389455469259976 28.434990776872514
 5.442212117709137 28.646364228327812
 5.495360936317854 28.858100032641225
 5.548902597374804 29.070174062699113
 5.602837728404603 29.282561758585533
 5.657166911364812 29.4952381285756
 5.71189068184478 29.708177750429666
 5.767009528266893 29.92135477284993
 5.8225238910905235 30.134742917256673
 5.878434162019278 30.34831547972658
 5.934740683211837 30.562045333267708
 5.991443746497018 30.77590493026541
 6.048543592593378 30.989866305250846
 6.106040410333949 31.203901077909283
 6.163934335896556 31.417980456323285
 6.222225452040156 31.63207524055335
 6.280913787347816 31.846155826413867
 6.339999315476696 32.060192209596906
 6.399481954415688 32.27415399001014
 6.459361565751097 32.48801037646337
 6.519637953941025 32.70173019157438
 6.580310865598849 32.91528187702777
 6.64137998878646 33.12863349905435
 6.70284495231767 33.34175275428631
 6.764705325072474 33.55460697581601
 6.826960615322567 33.76716313964016
 6.889610270068804 33.97938787132387
 6.95265367439103 34.19124745304501
 7.016090150810981 34.40270783084566
 7.079918958668634 34.613734622279594
 7.144139293512754 34.8242931243068
 7.208750286506073 35.03434832148767
 7.273751003845693 35.243864894533964
 7.339140446199337 35.45280722908826
 7.404917548157892 35.6611394248846
 7.4710811777049555 35.868825305134784
 7.537630135703792 36.07582842629645
 7.604563155402409 36.2821120880617
 7.671878901957172 36.487639343714214
 7.739575971975629 36.69237301072979
 7.807652893079013 36.896275681720226
 7.876108123485033 37.099309735612536
 7.9449400516114235 37.30143734919219
 8.0141469957009 37.5026205088454
 8.083727203467898 37.70282102267659
 8.15367885176781 37.90200053283153
 8.224000046289063 38.100120528121685
 8.294688821268645 38.29714235695783
 8.365743139231597 38.49302724047233
 8.437160890754884 38.68773628598779
 8.508939894256224 38.88123050065875
 8.581077895808258 39.073470805450924
 8.653572568978625 39.26441804928088
 8.726421514696295 39.45403302345181
 8.799622261144675 39.6422764763112
 8.87317226368191 39.82910912808912
 8.947068904788717 40.01449168602799
 9.021309494044285 40.19838485964114
 9.095891268130496 40.38074937624886
 9.170811390864953 40.561545996622435
 9.246066953263053 40.74073553091828
 9.321654973629604 40.91827885465943
 9.39757239768011 41.09413692501002
 9.473816098692238 41.268270797094964
 9.550382877687571 41.44064164055857
 9.627269463644083 41.61121075616755
 9.704472513739413 41.779939592632445
 9.781988613625348 41.94678976344883
 9.859814277733568 42.11172306393474
 9.93794594961297 42.27470148826809
 10.016380002298643 42.43568724667278
 10.095112738712688 42.59464278265216
 10.174140392097042 42.75153079023954
 10.253459126478296 42.906314231371546
 10.333065037164745 43.0589563531948
 10.412954151275553 43.20942070549185
 10.493122428302238 43.3576711580034
 10.573565760702317 43.5036719178653
 10.65427997452528 43.64738754688862
 10.73526083007064 43.78878297893525
 10.816504022578206 43.92782353713133
 10.898005182950312 44.06447495111633
 10.979759878506034 44.1987033741189
 11.061763613767088 44.33047540005195
 11.14401183127546 44.45975808038289
 11.226499912442318 44.586518941005174
 11.309223178428242 44.71072599887029
 11.392176891054296 44.83234777855743
 11.475356253743861 44.951353328642774
 11.558756412494821 45.0677122378733
 11.642372456881771 45.18139465123266
 11.72619942108802 45.29237128568808
 11.810232284966824 45.40061344584181
 11.894465975131643 45.506093039245954
 11.978895366074825 45.60878259157365
 12.06351528131443 45.708655261422585
 12.148320494568521 45.80568485497195
 12.233305730956653 45.89984584022354
 12.318465668227775 45.99111336108309
 12.403794938014268 46.07946325098197
 12.489288127111251 46.16487204633921
 12.57493977878086 46.24731699952393
 12.660744394080588 46.32677609161656
 12.746696433215282 46.40322804469426
 12.832790316911963 46.47665233381965
 12.919020427816852 46.547029198629886
 13.005381111913938 46.6143396544863
 13.091866679964191 46.67856550331912
 13.178471408964937 46.7396893439113
 13.265189543628281 46.797694581930834
 13.352015297878156 46.852565439369535
 13.438942856364884 46.90428696364005
 13.525966375996617 46.952845036200685
 13.61307998748678 46.998226380646095
 13.70027779691651 47.04041857047527
 13.787553887311534 47.079410036209865
 13.87490232023223 47.11519007217958
 13.962317137376292 47.14774884270223
 14.049792362192855 47.17707738786277
 14.137322001507341 47.20316762868703
 14.224900047155908 47.22601237193217
 14.312520477628782 47.245605314224505
 14.400177259721275 47.26194104580365
 14.48786435019174 47.275015053673215
 14.575575697425377 47.28482372425135
 14.663305243102945 47.291364345484034
 14.751046923873426 47.29463510847146
 14.838794673029668 23.647317554234988
