 0. 0.5546784107052253
 0.001277786366501413 0.5612033176052104
 0.0025706038517891 0.5678045355609966
 0.00387862825002565 0.5744829465171069
 0.005202037387067451 0.5812394423661048
 0.006541011143381518 0.5880749250432342
 0.007895731477180343 0.5949903066435425
 0.009266382447826554 0.6019865095211959
 0.01065315023946635 0.6090644664094286
 0.012056223184939282 0.6162251205189067
 0.013475791789914612 0.6234694256576847
 0.014912048757304007 0.6307983463370656
 0.01636518901191811 0.6382128578896813
 0.017835409725395136 0.6457139465828458
 0.019322910341390557 0.6533026097282116
 0.02082789260101943 0.6609798558063599
 0.02235056056858574 0.6687467045773922
 0.023891120657566482 0.6766041872027134
 0.02544978165687632 0.6845533463631186
 0.027026754757404226 0.6925952363805855
 0.028622253578830772 0.7007309233344599
 0.03023649419671297 0.7089614851954624
 0.031869695169877914 0.717288011935297
 0.033522077568068825 0.7257116056606511
 0.0351938649998999 0.7342333807368688
 0.03688528364109594 0.7428544639097978
 0.03859656226301277 0.7515759944453204
 0.04032793226147903 0.7603991242447028
 0.0420796276859037 0.7693250179831989
 0.043851885268702984 0.7783548532365615
 0.04564494445501848 0.7874898206206657
 0.0474590474327572 0.7967311239142528
 0.04929443916291417 0.8060799801994752
 0.05115136741021888 0.8155376200024301
 0.053030082774105494 0.825105287414059
 0.054930838719961496 0.8347842402466075
 0.05685389161073684 0.8445757501591936
 0.05879950073884231 0.8544811028020806
 0.06076792835838028 0.8645015979600759
 0.06275943971770578 0.8746385496902289
 0.06477430309230478 0.8848932864661646
 0.066812789818005 0.8952671513260745
 0.06887517432452757 0.9057615020133506
 0.07096173416936272 0.9163777111264146
 0.07307275007199061 0.927117166263995
 0.07520850594843688 0.9379812701731854
 0.07736928894616908 0.9489714409068448
 0.079555389479356 0.9600891119603481
 0.08176710126444175 0.9713357324403491
 0.08400472135610879 0.9827127672033747
 0.08626855018356006 0.9942216970179335
 0.08855889158717482 1.0058640187201071
 0.09087605285552265 1.0176412453652557
 0.09322034476272702 1.0295549063864544
 0.09559208160619392 1.0416065477612422
 0.09799158124472453 1.0537977321577936
 0.10041916513696462 1.0661300391054398
 0.10287515838024683 1.0786050651520818
 0.10535988974979554 1.0912244240319935
 0.1078736917383183 1.1039897468193158
 0.11041690059595084 1.116902682105348
 0.11298985637061054 1.1299648961567428
 0.11559290294871431 1.1431780730833212
 0.11822638809628301 1.1565439150076133
 0.12089066350043653 1.1700641422335647
 0.12358608481127742 1.1837404934170215
 0.1263130116841673 1.197574725733456
 0.12907180782238964 1.2115686150532978
 0.13186284102021645 1.2257239561140705
 0.13468648320637155 1.2400425626931986
 0.1375431104878918 1.254526267784626
 0.1404331031943954 1.2691769237707458
 0.14335684592274597 1.2839964026038395
 0.146314727582135 1.2989865959795723
 0.14930714143956358 1.3141494155187607
 0.15233448516574308 1.3294867929425527
 0.1553971608813993 1.3450006802560655
 0.15849557520399973 1.3606930499275076
 0.16163013929489345 1.3765658950714892
 0.16480126890687313 1.3926212296293452
 0.16800938443215266 1.4088610885515485
 0.17125491095076492 1.4252875279889277
 0.17453827827939997 1.441902625465155
 0.17785992102064074 1.4587084800743348
 0.1812202786126537 1.475707212660067
 0.18461979537929224 1.492900966004676
 0.18805892058063584 1.5102919050138062
 0.19153810846395453 1.5278822169084427
 0.19505781831511565 1.545674111412454
 0.19861851451042262 1.5636698209388737
 0.20222066656888307 1.5818716007831095
 0.2058647492049217 1.6002817293111304
 0.20955124238152698 1.6189025081478101
 0.21328063136383144 1.6377362623757163
 0.2170534067731502 1.6567853407167115
 0.22087006464143752 1.6760521157316384
 0.22473110646620376 1.6955389840048196
 0.22863703926585688 1.7152483663465836
 0.232588375635511 1.7351827079730198
 0.23658563380320846 1.7553444787113077
 0.24062933768661565 1.7757361731813275
 0.24472001695013637 1.7963603110001523
 0.24885820706249692 1.8172194369636223
 0.2530444493547492 1.8383161212478893
 0.25727929107873804 1.8596529595987314
 0.2615632854660049 1.8812325735252953
 0.26589699178713744 1.9030576104916566
 0.270280975411561 1.9251307441139829
 0.2747158078677837 1.9474546743447538
 0.2792020669040663 1.9700321276746204
 0.2837403365495567 1.9928658573155322
 0.28833120717584687 2.015958643399175
 0.2929752755589863 2.0393132931625013
 0.29767314494192315 2.0629326411398106
 0.30242542509738796 2.086819549355048
 0.3072327323912202 2.1109769075088387
 0.3120956898461257 2.1354076331623193
 0.31701492720585756 2.160114671935988
 0.3219910809998554 2.1851009976853817
 0.32702479460828865 2.210369612690901
 0.3321167183275379 2.235923547844675
 0.33726750943610645 2.261765862831818
 0.34247783226094897 2.2878996463139227
 0.3477483582442235 2.3143280161068716
 0.35307976601045293 2.341054119368794
 0.358472741434119 2.368081132766207
 0.3639279777076395 2.3954122626646406
 0.36944617540978486 2.4230507452943923
 0.3750280425744754 2.4509998469256202
 0.38067429475998366 2.4792628640428584
 0.38638565511853706 2.507843123515307
 0.392162854466314 2.536743982759067
 0.39800663135381326 2.5659688299094943
 0.4039177321366205 2.5955210839796488
 0.4098969110465397 2.625404195025952
 0.4159449302631062 2.6556216443049356
 0.42206255998546116 2.6861769444266
 0.4282505785045789 2.717073639512035
 0.4345097722758575 2.7483153053443
 0.440840935992057 2.779905549512558
 0.4472448726565696 2.8118480115610387
 0.45372239365703304 2.8441463631271997
 0.4602743188392624 2.8768043080816414
 0.4669014765815037 2.909825582662484
 0.4736047038689979 2.9432139556113475
 0.48038484636885714 2.9769732282890486
 0.4872427585052085 3.0111072348148067
 0.4941793035346577 3.0456198421737133
 0.5011953536220008 3.0805149503366507
 0.508291789916212 3.115796492373801
 0.5154695026266929 3.151468434557675
 0.5227293910997587 3.18753477646794
 0.5300723638953673 3.223999551084251
 0.5374993388640603 3.2608668248888013
 0.5450112432241417 3.298140697937412
 0.55260901363902 3.335825303956305
 0.5602935962947727 3.373924810413488
 0.5680659469778756 3.412443418582719
 0.5759270311530802 3.451385363619451
 0.5838778240414646 3.4907549146112604
 0.5919193106986017 3.5305563746352524
 0.6000524860928592 3.5707940807961123
 0.6082783551837873 3.6114724042789517
 0.616597933000628 3.6525957503660034
 0.6250122447208638 3.6941685584740878
 0.6335223257488505 3.736195302164948
 0.6421292217944766 3.7786804891601498
 0.6508339889518551 3.821628661340498
 0.6596376937780143 3.8650443947425437
 0.6685414133715814 3.9089322995444604
 0.6775462354514321 3.953297020040907
 0.686653258435284 3.998143234620171
 0.695863591518236 4.043475655712918
 0.7051783547511898 4.08929902975206
 0.7145986791191802 4.135618137110395
 0.72412570661956 4.182437792033634
 0.7337605903400316 4.229762842560475
 0.7435044945364946 4.2775981704318
 0.7533585947106834 4.325948691000897
 0.7633240776875991 4.374819353107528
 0.7734021416926503 4.424215138972468
 0.7835939964285514 4.474141064056339
 0.793900863151896 4.524602176912605
 0.8043239747493907 4.575603559039273
 0.8148645758137483 4.627150324703546
 0.8255239227191769 4.67924762076077
 0.8363032836964509 4.731900626464962
 0.8472039389075471 4.785114553251696
 0.858227180519779 4.8388946445272865
 0.8693743127794471 4.8932461754219645
 0.8806466520849193 4.948174452548785
 0.8920455270591565 5.003684813738554
 0.9035722786216273 5.059782627748458
 0.9152282600595519 5.116473293987725
 0.9270148370985138 5.1737622421833995
 0.9389333879723012 5.231654932074652
 0.9509853034920446 5.290156853053466
 0.9631719871145266 5.349273523812845
 0.9754948550096816 5.409010491967506
 0.987955336127221 5.469373333659036
 1.000554872262349 5.530367653139903
 1.013294918120521 5.59199908234381
 1.0261769413812112 5.6542732804373905
 1.0392024227606473 5.71719593334674
 1.0523728560734558 5.780772753270378
 1.0656897482931842 5.845009478169249
 1.0791546196116486 5.909911871233083
 1.0927690034970523 5.9754857203390035
 1.1065344467508564 6.0417368374659635
 1.120452509563303 6.108671058114817
 1.1345247655676005 6.176294240678109
 1.1487528018926592 6.24461226581055
 1.163138219214374 6.313631035765415
 1.1776826318053817 6.3833564737026105
 1.1923876675832217 6.453794522986158
 1.2072549681568792 6.524951146444884
 1.2222861888716257 6.5968323256154635
 1.2374829988521152 6.669444059952538
 1.2528470810436612 6.74279236602546
 1.2683801322516626 6.816883276672898
 1.2840838631790832 6.891722840144734
 1.299959998461953 6.967317119201548
 1.3160102767027961 7.043672190204681
 1.3322364505019633 7.120794142160299
 1.3486402864867586 7.198689075745298
 1.365223565338328 7.277363102300025
 1.3819880818162211 7.356822342788087
 1.3989356447805625 7.437072926735979
 1.4160680772117757 7.518120991126602
 1.4333872162277612 7.599972679275312
 1.4508949130984836 7.682634139665113
 1.468593033257877 7.766111524753791
 1.4864834563130003 7.850410989742326
 1.5045680760503575 7.9355386913229236
 1.5228488004393324 8.021500786369675
 1.5413275516326084 8.108303430624183
 1.5600062659635583 8.195952777318285
 1.5788868939404639 8.284454975778818
 1.59797140023752 8.373816169990658
 1.617261763682528 8.46404249712034
 1.6367599772411885 8.555140086011644
 1.65646804799793 8.647115055624576
 1.6763879971331381 8.739973513463008
 1.6965218598967664 8.833721553938547
 1.7168716855781754 8.9283652567079
 1.7374395374721427 9.023910684973075
 1.758227492840957 9.120363883728672
 1.7792376428724743 9.21773087797852
 1.8004720926340667 9.316017670914151
 1.8219329610223742 9.415230242035346
 1.8436223807087266 9.515374545246017
 1.8655424980801802 9.616456506901658
 1.887695473176056 9.71848202380206
 1.9100834796198523 9.821456961163932
 1.9327087045464901 9.925387150523049
 1.9555733485247224 10.030278387614281
 1.978679625474662 10.136136430188724
 2.00202976258028 10.24296699580385
 2.0256260001968145 10.350775759543957
 2.049470591752925 10.459568351719966
 2.073565803647552 10.569350355504946
 2.0979139151413277 10.680127304525874
 2.1225172182424377 10.791904680420354
 2.147378017586857 10.904687910317726
 2.1724986303127807 11.018482364311641
 2.197881385929234 11.133293352845461
 2.2235286261786604 11.249126124069724
 2.2494427048934167 11.365985861158247
 2.275625987846093 11.483877679545621
 2.302080852593464 11.602806624145483
 2.3288096883140312 11.722777666505694
 2.3558148956390172 11.843795701909956
 2.383098886476676 11.965865546438456
 2.4106640838298383 12.088991933970469
 2.438512921606548 12.213179513145235
 2.466647844423699 12.338432844261291
 2.495071307403528 12.46475639613213
 2.523785775962866 12.592154542895656
 2.552793725595039 12.720631560761532
 2.5820976416442734 12.850191624716388
 2.611700019072515 12.980838805174876
 2.6416033622185306 13.112577064579302
 2.671810184549178 13.245410253959033
 2.7023230084027485 13.379342109418905
 2.733144364724221 13.514376248600808
 2.7642767927923644 13.65051616707637
 2.7957228399385308 13.787765234702569
 2.8274850612570526 13.926126691922983
 2.8595660193071164 14.065603646017221
 2.8919682838060043 14.206199067308603
 2.9246944313135894 14.347915785314589
 2.9577470449079706 14.490756484861095
 2.9911287138521536 14.63472370213644
 3.0248420332516406 14.77981982070589
 3.05888960370284 14.926047067482898
 3.0932740309321947 15.073407508646016
 3.1279979254259063 15.22190304551618
 3.1630639020501587 15.371535410392871
 3.1984745796617524 15.522306162336669
 3.234232580709021 15.674216682920957
 3.2703405308229634 15.827268171934325
 3.3068010583984764 15.981461643048409
 3.3436167941656016 16.136797919435654
 3.3807903707506854 16.293277629362024
 3.4183244222273803 16.450901201729465
 3.45622158365738 16.609668861597743
 3.4944844906208377 16.7695806256483
 3.533115778736335 16.930636297643385
 3.5721180831703894 17.092835463821
 3.611494038136355 17.256177488291723
 3.651246276382717 17.420661508379673
 3.6913774286706564 17.58628642995065
 3.7318901232408477 17.753050922706862
 3.772786985269421 17.920953415466734
 3.814070636313052 18.089992091410355
 3.855743693743093 18.26016488331345
 3.897808770168729 18.4314694687579
 3.9402684728491026 18.603903265327855
 3.9831254030943652 18.777463425794814
 4.026382155655645 18.952146833279393
 4.0700413181038595 19.127950096420104
 4.114105470197412 19.304869544515892
 4.158577183238683 19.482901222680354
 4.203459019419368 19.662040886977486
 4.24875353115461 19.842283999577273
 4.294463260405967 20.02362572389142
 4.340590737993178 20.20606091973282
 4.387138482894779 20.389584138467615
 4.43410900153754 20.57418961819949
 4.481504787074831 20.759871278944644
 4.529328318653847 20.946622717836668
 4.577582060671805 21.134437204356637
 4.626268462021142 21.323307675572163
 4.675389955323755 21.51322673142028
 4.724948956154367 21.704186629999676
 4.774947862253048 21.896179282928145
 4.825389052727044 22.0891962507043
 4.876274887241927 22.283228738128688
 4.927607705202179 22.478267589773825
 4.979389824921361 22.674303285485692
 5.031623542781905 22.871325935961295
 5.084311132384726 23.069325278358487
 5.137454843688713 23.268290671982616
 5.191056902140294 23.468211094044275
 5.245119507793217 23.669075135458147
 5.299644834418664 23.870870996752938
 5.35463502860593 24.073586484022037
 5.41009220885379 24.27720900499572
 5.466018464652801 24.481725565153706
 5.522415855558658 24.68712276398878
 5.579286410256947 24.89338679129636
 5.636632125619338 25.10050342363342
 5.6944549657516275 25.30845802083439
 5.75275686103376 25.517235522654115
 5.811539707152104 25.726820445542714
 5.87080536412431 25.937196879505148
 5.930555655316926 26.14834848512613
 5.990792366456163 26.360258490687876
 6.051517244632023 26.57290968946094
 6.1127319972961764 26.786284437092164
 6.174438291253838 27.000364649193735
 6.236637751650074 27.215131799015666
 6.299331960950753 27.430566915351275
 6.362522457918676 27.646650580524156
 6.426210736585061 27.86336292861626
 6.490398245216954 28.080683643805475
 6.555086385280806 28.29859195893805
 6.620276510402754 28.51706665421598
 6.6859699253259 28.736086056147197
 6.752167884865143 28.955628036632834
 6.818871592859933 29.17567001226994
 6.8860822011254035 29.396188943872005
 6.9538008084024066 29.617161336169254
 7.022028459306854 29.838563237758933
 7.090766143278947 30.060370241233052
 7.160014793532698 30.282557483573992
 7.229775286006363 30.505099646735715
 7.3000484383142155 30.727970958506397
 7.370835008700307 30.951145193550886
 7.442135694994627 31.174595674768728
 7.513951133572391 31.398295274822676
 7.586281898316858 31.62221641800263
 7.6591284995864255 31.84633108225959
 7.732491383186427 32.070610801592956
 7.8063709293464205 32.295026668617176
 7.880767451703388 32.519549337466906
 7.955681196291634 32.74414902695379
 8.031112340539948 32.96879552396978
 8.10706099227662 33.19345818724446
 8.18352718874309 33.41810595130743
 8.260510895616754 33.642707330815625
 8.338012006043709 33.86723042510537
 8.416030339682008 34.091642923110236
 8.49456564175623 34.315912108509046
 8.57361758212392 34.540004865244306
 8.653185754354721 34.76388768327203
 8.73326967482279 34.98752666470596
 8.813868781813316 35.2108875301754
 8.894982434643737 35.43393562558751
 8.976609912800491 35.656635929120284
 9.058750415091913 35.878953058614584
 9.141403058818128 36.10085127918362
 9.224566878958498 36.32229451123785
 9.308240827377546 36.54324633876918
 9.392423772049963 36.76367001794967
 9.477114496305422 36.98352848610451
 9.562311698094073 37.202784370924924
 9.648013989273245 37.4214000000809
 9.73421989491631 37.63933741107085
 9.82092785264422 37.85655836147184
 9.908136211980672 38.07302433942128
 9.995843233731412 38.288696574485215
 10.084047089388571 38.50353604878219
 10.17274586056064 38.71750350846727
 10.261937538428885 38.930559475463106
 10.351620023230796 39.142664259572946
 10.441791123771438 39.35377797080253
 10.532448556963187 39.56386053207567
 10.62358994739476 39.77287169216572
 10.71521282693003 39.98077103894301
 10.80731463433736 40.187518012946875
 10.899892714950205 40.393071921155716
 10.992944320359438 40.597391951120414
 11.08646660813823 40.80043718527945
 11.180456641599894 41.002166615628084
 11.274911389589557 41.20253915855608
 11.369827726309975 41.40151366999594
 11.465202431182266 41.59904896080418
 11.561032188742074 41.795103812331966
 11.657313588571586 41.98963699230175
 11.754043125268158 42.182607270818984
 11.851217198449781 42.37397343667506
 11.948832112798144 42.5636943137635
 12.046884078139486 42.75172877780067
 12.145369209563992 42.93803577309609
 12.24428352758379 43.12257432963026
 12.343622958330316 43.30530358017985
 12.443383333791127 43.4861827776937
 12.543560392086722 43.66517131271539
 12.644149777787524 43.84222873103486
 12.745147042271512 44.01731475136108
 12.846547644122555 44.19038928320035
 12.948346949569963 44.36141244473471
 13.050540232969183 44.53034458085637
 13.153122677324074 44.69714628125187
 13.256089374850824 44.86177839850403
 13.359435327583569 45.02420206632289
 13.463155448022015 45.1843787177067
 13.567244559820896 45.34227010322794
 13.671697398521554 45.49783830921062
 13.776508612325385 45.651045776028
 13.881672762909462 45.801855316235574
 13.987184326283897 45.95023013280436
 14.093037693691238 46.09613383718401
 14.199227172547447 46.23953046740333
 14.305746987424602 46.38038450598892
 14.412591281074857 46.51866089790423
 14.519754115495743 46.654325068252376
 14.62722947303624 46.78734293998059
 14.735011257543631 46.91768095133308
 14.843093295550581 47.045306073238706
 14.951469337502242 47.17018582648814
 15.060133059022956 47.292288298706126
 15.169078062222034 47.41158216121032
 15.278297877038392 47.528036685535504
 15.387785962623232 47.641621759857586
 15.497535708760575 47.75230790506438
 15.607540437324808 47.86006629067565
 15.71779340377491 47.96486875037734
 15.828287798684455 48.06668779740202
 15.939016749307052 48.16549663947292
 16.049973321176218 48.261269193580304
 16.161150519739266 48.35398010027562
 16.27254129202416 48.44360473779795
 16.384138528338877 48.53011923567628
 16.495935064002115 48.613500488120685
 16.607923681104864 48.693726166914104
 16.720097110301666 48.77077473399285
 16.832448032630833 48.84462545360777
 16.944969081362718 48.91525840402418
 17.057652843874923 48.98265448890195
 17.170491863553718 49.046795448086925
 17.283478641720308 49.107663868138424
 17.396605639581395 49.16524319223395
 17.509865280202508 49.219517729715214
 17.623249950503343 49.27047266513875
 17.736752003273978 49.31809406676587
 17.850363759210584 49.362368894714166
 17.96407750896999 49.40328500842716
 18.077885515241395 49.440831173794656
 18.191780014834503 49.474997069637816
 18.30575322078262 49.505773293773466
 18.41979732445968 49.53315136844322
 18.53390449770981 49.557123745340384
 18.648066894988457 49.57768380995202
 18.762276655513535 49.5948258854879
 18.8765259054256 49.60854523618677
 18.990806759955657 49.61883807009767
 19.10511132559938 49.62570154129752
 19.219431702296426 49.62913375159793
 19.33375998561367 24.814566875798185
