 0. 0.
 0.0008148466533731023 0.0032180682901555404
 0.0016392786781044735 0.011670385828348739
 0.002473408178446298 0.024400055799221186
 0.0033173485542655323 0.04056361536989583
 0.00417121451565801 0.059426554311525694
 0.005035122097701573 0.08035935068665881
 0.005909188675381264 0.10283477924500539
 0.00679353297866042 0.1264219030360855
 0.007688275107727968 0.15077618914202112
 0.008593536548390233 0.17562731108717372
 0.009509440187638957 0.2007662969483168
 0.01043611032937484 0.2260332155703143
 0.011373672710304535 0.25130598584241004
 0.012322254516004176 0.2764908075082284
 0.013281984397143991 0.3015146047640356
 0.014252992485895939 0.3263194591666349
 0.015235410412503814 0.35085831792574734
 0.01622937132203226 0.375091565757065
 0.017235009891289253 0.3989845378229706
 0.0182524623459275 0.4225062535067148
 0.019281866477716524 0.4456289064620214
 0.020323361662011614 0.46832788131170894
 0.02137708887538379 0.49058187186832897
 0.022443190713446602 0.5123731127281013
 0.023521811408864668 0.5336875144479135
 0.024613096849541126 0.5545147164652464
 0.025717194597010138 0.5748477544078956
 0.026834253904998807 0.594682569479771
 0.02796442573819272 0.6140174252113011
 0.029107862791187347 0.6328523150544085
 0.030264719507644526 0.6511880874090289
 0.03143515209962931 0.6690256383466359
 0.03261931856715325 0.6863655622286292
 0.03381737871792412 0.7032082282972264
 0.035029494187273254 0.7195540993025885
 0.03625582845831278 0.7354044234764162
 0.037496546882277236 0.7507619490246952
 0.03875181669907718 0.765631270507481
 0.040021807058063456 0.7800182316642281
 0.04130668903899373 0.7939290786130072
 0.042606635673211074 0.8073701639203963
 0.043921821965039916 0.820349273920658
 0.04525242491338867 0.8328760045714281
 0.04659862353357237 0.8449618320198914
 0.0479605988793488 0.8566190390850847
 0.04933853406517209 0.8678599834214162
 0.050732614288677556 0.8786965755855844
 0.0521430268533674 0.8891403323125652
 0.0535699611915444 0.8992023920345807
 0.05501360888744911 0.9088931735111645
 0.056474163700635314 0.9182224289906579
 0.05795182158957391 0.9271995763516341
 0.05944678073547979 0.935834121978759
 0.0609592415663714 0.9441354656620093
 0.06248940678137526 0.9521124068638395
 0.06403748137524524 0.9597731453083441
 0.06560367266313237 0.9671260770648205
 0.06718819030558579 0.9741804430400469
 0.06879124633380031 0.9809466790912427
 0.07041305517508945 0.9874362153174375
 0.07205383367861884 0.9936598114404531
 0.07371380114137217 0.9996261945259329
 0.07539317933436353 1.005341906067709
 0.07709219252909882 1.0108127278945649
 0.07881106752428513 1.0160443472941656
 0.08055003367279039 1.0210417464777626
 0.08230932290884957 1.0258095179089588
 0.08408916977552836 1.0303532293656912
 0.08588981145243972 1.0346802638046548
 0.08771148778371439 1.038798999797596
 0.08955444130623072 1.0427175552877905
 0.09141891727809716 1.0464424075764738
 0.09330516370740133 1.049977699916946
 0.09521343138121383 1.0533258471046452
 0.0971439738948592 1.056489511467618
 0.09909704768144414 1.0594726603169677
 0.10107291204165562 1.062279850704433
 0.10307182917382196 1.0649156030066849
 0.10509406420424332 1.0673828104966478
 0.10713988521778708 1.0696836112642218
 0.10920956328875117 1.0718211162562603
 0.11130337251200828 1.0737987830225588
 0.11342159003440355 1.0756183357951492
 0.11556449608644244 1.0772801056225543
 0.11773237401424165 1.0787853899628304
 0.11992551031175813 1.0801388409030803
 0.12214419465328914 1.0813490153301493
 0.12438871992625447 1.082426121075138
 0.12665938226425416 1.083380199924529
 0.12895648108039987 1.0842200339813604
 0.13128031910093008 1.0849530625836794
 0.1336312023991017 1.0855866228288922
 0.1360094404293585 1.0861275642180883
 0.1384153460617914 1.0865798765704724
 0.14084923561686563 1.0869466869209523
 0.1433114289004413 1.0872334265289556
 0.14580224923906485 1.0874457475333175
 0.14832202351555812 1.0875881051483993
 0.1508710822048715 1.0876654528162522
 0.1534497594102387 1.0876832694495144
 0.1560583928995982 1.08764547921465
 0.1586973241423154 1.0875532282757439
 0.16136689834617113 1.0874073607302328
 0.16406746449464651 1.0872105764449487
 0.16679937538448592 1.0869671638234633
 0.1695629876635443 1.0866824634904497
 0.17235866186891632 1.0863610804289614
 0.17518676246535472 1.086005583815538
 0.17804765788395963 1.085617806204184
 0.18094172056116423 1.0851993341458472
 0.18386932697798952 1.0847508201641713
 0.18683085769959062 1.0842720548905227
 0.1898266974150755 1.0837616700750308
 0.192857234977606 1.0832162005267714
 0.19592286344478138 1.0826300288273976
 0.19902398011929642 1.0819961908603417
 0.20216098658986986 1.0813086371968088
 0.2053342887724648 1.080564305106723
 0.20854429695176707 1.079763422782512
 0.21179142582294275 1.0789074701948922
 0.21507609453366996 1.077995030353944
 0.21839872672643698 1.0770234105073162
 0.22175975058111005 1.0759939119503348
 0.22515959885776218 1.074909344157149
 0.2285987089397782 1.073770707005588
 0.232077522877204 1.0725799904189341
 0.23559648743037548 1.0713413499963387
 0.23915605411379126 1.0700575587619536
 0.2427566792402426 1.0687280050586585
 0.24639882396519955 1.067351793637167
 0.25008295433144734 1.0659312194714998
 0.2538095413139612 1.0644701115634
 0.25757906086503424 1.0629681773820205
 0.26139199395963797 1.061423535924151
 0.26524882664102656 1.05983791191818
 0.2691500500665711 1.0582148995423721
 0.27309616055381924 1.0565607598452607
 0.2770876596267861 1.0548854286997627
 0.2811250540624675 1.0532043955248858
 0.2852088559375642 1.0515309922032992
 0.28933958267542514 1.0498638080086495
 0.29351775709319444 1.0481909713516748
 0.2977439074491624 1.0464977582653607
 0.3020185674903156 1.044770292505612
 0.3063422765000853 1.0429938109860644
 0.31071557934626687 1.0411522664228
 0.3151390265291433 1.039231770129969
 0.3196131742297662 1.037226846562766
 0.32413858435841386 1.0351409707777472
 0.3287158246032153 1.032975974807867
 0.3333454684789258 1.0307361184956587
 0.33802809537585693 1.028431591310123
 0.34276429060894215 1.026072842496033
 0.3475546454669539 1.023674600102603
 0.35239975726182443 1.0212548306068274
 0.3573002293781092 1.0188246570193016
 0.362256671322555 1.0163775530914179
 0.36726969877376203 1.0138896298718834
 0.3723399336319577 1.0113310139398581
 0.37746800406884434 1.0086732877805142
 0.382654544577531 1.0058993953353081
 0.38790019602252207 1.0030053963171786
 0.39320560568978224 0.9999918739639314
 0.3985714273368271 0.9968602845819586
 0.4039983212428682 0.993619840220868
 0.40948695425897336 0.9902798085814076
 0.41503799985824885 0.9868397997393314
 0.42065213818602115 0.9832954300587928
 0.4263300561100129 0.9796349822371925
 0.43207244727049837 0.9758338226132467
 0.43788001213042244 0.9718682488925025
 0.4437534580254852 0.9677260483999246
 0.449693499214152 0.9634072393549579
 0.45570085692760404 0.9589226672171777
 0.46177625941959755 0.9542908607727009
 0.46792044201622457 0.9495349027537365
 0.4741341471655565 0.9446789905674573
 0.48041812448715376 0.9397327506601648
 0.4867731308214442 0.9346988841505991
 0.4931999302789158 0.9295967280401262
 0.49969929428915516 0.9244492572598626
 0.5062720016496782 0.9192489542401183
 0.512918838574545 0.9139583448672801
 0.5196405987427565 0.9085468946267657
 0.5264380833463941 0.9029935979542
 0.5333121011384931 0.8972918702222026
 0.5402634684806379 0.8914528273684318
 0.5472930093902375 0.8854996112991157
 0.5544015555874925 0.8794616072678466
 0.5615899465419987 0.8733402309243065
 0.5688590295189967 0.8670881894597077
 0.5762096596252322 0.8606695591967338
 0.5836426998543881 0.8540690053516471
 0.5911590211321138 0.8472524199445356
 0.5987595023605633 0.8401915124823989
 0.6064450304624843 0.8328842936713314
 0.6142165004247797 0.8253516411047508
 0.6220748153415516 0.8176293152920885
 0.6300208864565892 0.8097303244182656
 0.6380556332052753 0.8016430287515232
 0.6461799832558828 0.7933565291660984
 0.6543948725502398 0.7848607124063467
 0.6627012453437355 0.7761631290269964
 0.6711000542446316 0.7672871767134749
 0.6795922602526568 0.7582489850352263
 0.6881788327968538 0.749029442874506
 0.6968607497726407 0.7395870976000849
 0.7056389975780788 0.7299294948926044
 0.7145145711492781 0.7201318913766924
 0.7234884739949529 0.7102629399225734
 0.7325617182300501 0.7003297106257709
 0.741735324608454 0.6902661700457182
 0.7510103225547144 0.6799928804578448
 0.7603877501947607 0.6694659371522451
 0.7698686543855814 0.6586726605264179
 0.7794540907438195 0.6476180668619114
 0.789145123673255 0.6363021763306858
 0.7989428263911269 0.6247265045974216
 0.8088482809532758 0.6129353532484418
 0.8188625782780439 0.6009882669724891
 0.8289868181689151 0.5889463195870264
 0.8392221093358316 0.5768118834878665
 0.8495695694151741 0.5645335645816112
 0.8600303249883376 0.5520558323540103
 0.8706055115988759 0.5393364642635626
 0.8812962737681672 0.5263479262696095
 0.8921037650095509 0.5131200128384507
 0.9030291478409066 0.4997517624596067
 0.9140735937956082 0.4863522133384497
 0.9252382834318261 0.47296212043110414
 0.9365244063401196 0.4595705245495058
 0.947933161149275 0.4462189706876561
 0.9594657555303361 0.4329883079852175
 0.9711234061987944 0.4198715921154499
 0.9829073389148574 0.40679130662156227
 0.994818788481783 0.3937408259327506
 1.0068589987421945 0.38075945219788804
 1.0190292225723427 0.3678465162560288
 1.0313307218742591 0.354995437567271
 1.043764767565739 0.3422174923558082
 1.0563326395681152 0.3295682967539505
 1.069035626791738 0.31712299542916905
 1.0818750271191462 0.30493230116971576
 1.0948521473858333 0.29301711277927145
 1.107968303358573 0.2813584694104941
 1.1212248197112453 0.26994869111288883
 1.1346230299980897 0.258824266367824
 1.1481642766243376 0.2480221435414768
 1.1618499108141696 0.23756971654117245
 1.1756812925759106 0.22745192845552695
 1.1896597906644288 0.21761851590682088
 1.2037867825406658 0.2080616195264186
 1.2180636543282182 0.19886237729982673
 1.2324918007669399 0.19012948520597636
 1.247072625163464 0.1819555849424507
 1.2618075393386106 0.17442292650445756
 1.2766979635715843 0.16755200457547736
 1.2917453265409309 0.16127849089278568
 1.3069510652621412 0.15552808517626668
 1.3223166250218767 0.15025729666262602
 1.3378434593087225 0.14544024222983606
 1.3535330297404018 0.14106936731641415
 1.3693868059874015 0.13713407240759504
 1.385406265692897 0.13364302599690267
 1.4015928943889635 0.13061700197478426
 1.4179481854089493 0.1280559486399273
 1.4344736397959625 0.12593764212650602
 1.4511707662074187 0.12422124212220789
 1.468041080815529 0.12285326109598414
 1.4850861072037018 0.12177558898724716
 1.5023073762587642 0.1209173051754667
 1.5197064260589284 0.12020242924305367
 1.5372848017574365 0.11956666996793142
 1.5550440554618055 0.11895897861315784
 1.5729857461086045 0.11833718640911972
 1.5911114393336796 0.11766811395455624
 1.6094227073377572 0.11693599486336079
 1.6279211287473625 0.11615018484066131
 1.6466082884709583 0.115344214365586
 1.6654857775502436 0.11457802343019327
 1.6845551930065334 0.11394352591399967
 1.7038181376821422 0.11354937713916266
 1.7232762200767138 0.11347712161405211
 1.7429310541783922 0.11372540404535822
 1.7627842592897942 0.11418581506012719
 1.782837459848683 0.1146873248376754
 1.803092285243288 0.11506718231001566
 1.823550369622191 0.11520479479194455
 1.844213351698702 0.11505100481723061
 1.8650828745496648 0.11466400137875576
 1.8861605854086076 0.11418024968042517
 1.9074481354531843 0.11373369868184478
 1.9289471795868187 0.11339120754074217
 1.9506593762144966 0.11315165047374154
 1.9725863870126352 0.11301701935400388
 1.9947298766929582 0.11305659136157419
 2.0170915127603126 0.11336042468814676
 2.0396729652643675 0.11397652508534954
 2.062475906545121 0.11487871461538271
 2.0855020109721605 0.11598363221772218
 2.108752954677617 0.11724264762249972
 2.132230415282748 0.11866272800131943
 2.155936071618087 0.12025786452154533
 2.1798716034371184 0.12197687768737704
 2.2040386911234005 0.12369773151932788
 2.2284390153911153 0.12529892782215438
 2.2530742569789513 0.12673667288773155
 2.2779460963373133 0.12805067800419123
 2.303056213308773 0.12930495281215149
 2.3284062868017528 0.13055619379314967
 2.353997994457367 0.13171939508957908
 2.379833012309399 0.13259494955321321
 2.4059130144373664 0.13313046224875685
 2.432239672612654 0.13345175587374866
 2.458814655937659 0.1337131816565973
 2.485639630477936 0.13406234353916813
 2.5127162588873073 0.13460935789632114
 2.540046200025913 0.13542988279934817
 2.567631108571193 0.1364733953570812
 2.595472634621754 0.13745900835815175
 2.623572423294147 0.13816082491951315
 2.651932114312503 0.13854329530964776
 2.6805533415910543 0.13842022984151447
 2.709437732809506 0.13735758507513499
 2.7385869089812944 0.1350162221396437
 2.7680024840146977 0.1313499532606807
 2.7976860642668364 0.1267229127767733
 2.8276392480905512 0.12187899562942203
 2.8578636253742076 0.1175307639025178
 2.8883607770744097 0.11423181710272796
 2.919132274741675 0.11213570241134571
 2.950179680039095 0.11076083279883475
 2.9815045442540082 0.10968533118195109
 3.0131084078027386 0.10863405675649732
 3.044992799728422 0.10742495619938336
 3.0771592371920087 0.10600311022519036
 3.109609224956457 0.10431884087227447
 3.1423442548641938 0.10280328571141173
 3.175365805307927 0.10187811205430444
 3.2086753406948443 0.10141999947267838
 3.242274310904319 0.10103297674888682
 3.2761641507391626 0.10055537311404371
 3.3103462793705467 0.10011856930272749
 3.344822099776685 0.09971164175877938
 3.37959299817535 0.09929226069055652
 3.4146603434503806 0.09863922041087216
 3.4500254865722355 0.09732634878733519
 3.485689760012784 0.0950024555264652
 3.521654477154381 0.09156849512766115
 3.557920931693456 0.08770596943710637
 3.5944903970386464 0.0843491994692882
 3.6313641257037363 0.0819163946122793
 3.668543348695471 0.08046248165169304
 3.706029274896442 0.07985028735926612
 3.743823090443234 0.07969019323544412
 3.7819259580999596 0.07976440244269956
 3.8203390166274205 0.07981485441451056
 3.859063380148037 0.07945707285020859
 3.8981001375067974 0.07831814143108826
 3.937450351628371 0.07623766401244117
 3.9771150588706745 0.07359129284817024
 4.0170952683750265 0.07088167906245059
 4.057391961413218 0.06835495377503673
 4.098006090731635 0.06567066977039575
 4.138938579892763 0.06201955953546905
 4.180190322614265 0.05684137939884735
 4.221762182105955 0.05069006107305623
 4.263654990404842 0.044517474399953634
 4.305869547708636 0.03863359791500381
 4.348406621707908 0.03275799053550528
 4.391266946917231 0.026890667304196977
 4.434451224005612 0.021478741963991507
 4.4779601191264895 0.017046868222553278
 4.521794263247651 0.013739591446741074
 4.565954251481342 0.011318910305862025
 4.610440642414957 0.009495532899826594
 4.655253957442582 0.008073004652642603
 4.700394680097806 0.006932763395785969
 4.745863255388062 0.006000621345037443
 4.791660089130964 0.005227099055985876
 4.837785547292895 0.004577426315838678
 4.884239955330317 0.004026233180357535
 4.93102359753409 0.003554504762198026
 4.978136716377285 0.0031477041856476018
 5.0255795118667645 0.002794546465975602
 5.073352140899046 0.002486160809016876
 5.1214547166207876 0.0022154971394803048
 5.169887307794281 0.001976895913961786
 5.21864993816846 0.0017657694493757713
 5.267742585855737 0.0015783633465748222
 5.31716518271519 0.0014115758907328067
 5.366917613742433 0.0012628202131739878
 5.416999716466727 0.0011299189085876898
 5.467411280355634 0.0010110225630634252
 5.518152046227793 0.0009045469232312887
 5.569221705674132 0.0008091239884713612
 5.620619900488116 0.0007235637204794041
 5.672346222105324 0.0006468241342171266
 5.72440021105297 0.0005779874726097725
 5.7767813564096935 0.0005162413123632794
 5.829489095276205 0.00046086334801420935
 5.882522812257117 0.00041120907329371723
 5.9358818389545585 0.00036670168453612726
 5.989565453473962 0.00032682373324662304
 6.043572879942484 0.00029111010277014837
 6.097903288040604 0.0002591421793614825
 6.152555792547255 0.0002305427349958334
 6.207529452899085 0.00020497162433657623
 6.262823272764181 0.00018212198504755854
 6.318436199630848 0.00016171691987194357
 6.374367124411797 0.0001435065639427623
 6.430614881064287 0.00012726547137190965
 6.487178246226617 0.00011279028322957442
 6.544055938871486 0.00009989763809419107
 6.601246619976581 0.00008842226781329193
 6.658748892212971 0.00007821529794535741
 6.71656129965159 0.00006914271195647508
 6.774682327488412 0.00006108392454486838
 6.833110401788606 0.00005393052427620929
 6.891843889250176 0.000047585107734846285
 6.950881096987515 0.00004196022642967766
 7.0102202723352 0.00003697742950209402
 7.069859602672553 0.00003256638838628045
 7.129797215269219 0.000028664107063434204
 7.190031177152308 0.0000252142028852325
 7.250559494995322 0.000022166246951904964
 7.311380115029342 0.000019475175653192474
 7.372490922976813 0.000017100749126339316
 7.433889744008193 0.000015007063890100029
 7.495574342721936 0.000013162110300778011
 7.557542423147992 0.000011537372860921793
 7.61979162877526 0.00001010746878451234
 7.682319542603147 0.00000884982089376708
 7.745123687217707 0.000007744362665793673
 7.808201524892402 0.000006773273421375747
 7.871550457713957 0.0000059207389848186615
 7.935167827733372 0.000005172735682456368
 7.999050917142464 0.000004516837264115165
 8.063196948475992 0.000003942041195145168
 8.12760308483973 0.000003438612532775669
 8.192266430164484 0.0000029979441796061092
 8.257184029486384 0.000002612431728911759
 8.322352869253443 0.000002275361404195052
 8.387769877658599 0.000001980810094122993
 8.453431924999325 0.0000017235556560595578
 8.519335824063848 0.0000014989973053941135
 8.58547833054412 0.000001303084430234472
 8.6518561434755 0.0000011322531671444106
 8.718465905703274 9.83370057032733E-7
 8.785304204375896 8.536819418315987E-7
 8.852367571465095 7.407712246015069E-7
 8.919652484312635 6.425165366785368E-7
 8.987155366203847 5.570574932311145E-7
 9.054872586967699 4.827636902695389E-7
 9.122800463603465 4.1820713489788856E-7
 9.19093526093371 3.6213788218513454E-7
 9.259273192283628 3.134625247071248E-7
 9.32781042018639 2.7122514327665794E-7
 9.3965430571145 2.3459049608571937E-7
 9.465467166236781 2.028292543786415E-7
 9.534578762200923 1.7530490164757512E-7
 9.603873811941245 1.514622454077483E-7
 9.673348235511403 1.3081730338208636E-7
 9.742997906941858 1.1294839518870603E-7
 9.812818655121625 9.74883233420944E-8
 9.882806264704138 8.411750060265051E-8
 9.952956477036745 7.255792372042552E-8
 10.023264991113557 6.256789003490148E-8
 10.093727464551153 5.393735599970099E-8
 10.164339514586857 4.6483885348820014E-8
 10.235096719098978 4.004909528898918E-8
 10.30599461764875 3.4495548813101543E-8
 10.377028712543275 2.970403942987846E-8
 10.44819446991922 2.5571222016737403E-8
 10.519487320846501 2.200753606981755E-8
 10.590902662451619 1.893540157038098E-8
 10.662435859059954 1.628764305208138E-8
 10.734082243356543 1.4006114399182947E-8
 10.805837117564701 1.2040503288220325E-8
 10.877695754641856 1.0347287730027664E-8
 10.94965339949208 8.888830736954026E-9
 11.021705270194484 7.632590043092668E-9
 11.093846559247087 6.550431826174678E-9
 11.16607243482521 5.618034316382286E-9
 11.23837804205392 4.814368884425518E-9
 11.310758504293752 4.121248610959112E-9
 11.383208924438913 3.522936238975223E-9
 11.455724386227459 3.005802349414527E-9
 11.52829995556244 2.558028416736999E-9
 11.600930681843511 2.1693471068191343E-9
 11.67361159930807 1.8308158385392453E-9
 11.746337728381294 1.5346179517452303E-9
 11.819104077034169 1.27388790004878E-9
 11.891905642148892 1.0425562359646407E-9
 11.96473741089065 8.352112606634433E-10
 12.037594362085184 6.469740021915058E-10
 12.110471467601188 4.733830311458275E-10
 12.183363693736824 3.102859177975789E-10
 12.256266002609468 1.5373847625552377E-10
 12.329173353547969 4.1165507769546524E-17
