 0.0004903553893676018 0.9623372741677172
 0.0014768310398332774 0.9089549809393809
 0.0024749131008657077 0.90158339540028
 0.003484742541014286 0.9002853584742584
 0.0045064306512390614 0.9007432868029633
 0.005540150550811218 0.9017835339146909
 0.006586025896353031 0.9029246529357268
 0.007644192710149004 0.9039259554817968
 0.008714799380145867 0.9046618697448295
 0.00979799429429035 0.9050710075853671
 0.010893938206191412 0.9051290839435686
 0.012002742406809097 0.9048334148207698
 0.013124542918427913 0.9041935633750785
 0.014259587054292408 0.9032262376956869
 0.015407986105362627 0.901951523355283
 0.01656986372826085 0.9003917026562753
 0.01774534357960935 0.8985688776953195
 0.018934796629274952 0.8965053527942007
 0.020138099220635385 0.8942225996908666
 0.02135549866693519 0.8917417211349693
 0.02258724228141893 0.8890831247741924
 0.023833453720708872 0.8862662428394044
 0.025094380298049567 0.8833090181724479
 0.02637002201344102 0.8802270670859572
 0.027660626180127774 0.8770341563567567
 0.028966440111354384 0.8737420921460788
 0.030287587463743125 0.8703615120730726
 0.03162419189391627 0.8669022759664164
 0.03297650071511837 0.8633736662705959
 0.034344761240593984 0.8597850187435657
 0.0357289734703431 0.8561458262967662
 0.03712950837423255 0.8524660409016397
 0.03854636595226234 0.8487557024379879
 0.039980040830921555 0.8450248836490448
 0.041430409353587924 0.8412819968685892
 0.04289771883350601 0.8375319979150344
 0.04438234024054263 0.8337764959568069
 0.045884397231320054 0.8300167289537095
 0.047404013462460565 0.8262558493250315
 0.048941559903830985 0.8224977442166191
 0.05049703655543133 0.818744078987936
 0.052070690730506124 0.8149924582677166
 0.05366289339892221 0.8112380348223841
 0.05527376821730186 0.8074769069644854
 0.05690343884226733 0.8037059865934931
 0.05855227624368548 0.7999215713088557
 0.060220404078178566 0.796120883192914
 0.061908069658991136 0.7923058500750876
 0.06361552029936775 0.7884842622597314
 0.06534300331255295 0.7850026559022543
 0.06709064235516903 0.7808584452811022
 0.06885880839708279 0.7770705186915134
 0.07064762509491651 0.7733105586728131
 0.07245746341853702 0.7695863135781447
 0.0742884470245666 0.7659023421436083
 0.07614082322624982 0.7622588480530057
 0.07801483933683119 0.7586506154058673
 0.07991086632617755 0.7550692372501947
 0.08182915150753346 0.7515092498527276
 0.08376981853752119 0.7479696006365765
 0.08573311472938529 0.744450033460392
 0.0877194110529926 0.7409501343088807
 0.08972895482158763 0.7374667936073732
 0.09176199334841496 0.7339938186123055
 0.09381877394671916 0.7305296597290521
 0.09589966758636702 0.7270784012501847
 0.09800479792398083 0.7236442342396896
 0.10013453592942742 0.7202355841237537
 0.10228925257257358 0.7168690726680147
 0.10446907151004166 0.713560812559163
 0.1066743637116984 0.7103154490510729
 0.10890537649078842 0.707126925762111
 0.11116248081717851 0.7039842355436209
 0.11344592400411321 0.7008752266208211
 0.1157560770214594 0.6977891202493224
 0.11809306352583929 0.6947184705484284
 0.12045737814374201 0.6916641399919369
 0.12284939184503438 0.6886331872272197
 0.12526910462971644 0.6856344340389168
 0.12771750575076632 0.6826784989826861
 0.13019434789493953 0.6797773970760498
 0.13269963106223603 0.6769417987474531
 0.1352345918188786 0.6741779106828579
 0.13779799359864447 0.6714868657940847
 0.14039230953397916 0.6688689978785018
 0.14301630305865992 0.6663128019716452
 0.14567121073890948 0.6637949298792264
 0.14835703257472782 0.6612938490440057
 0.15107500513233776 0.6587988625566777
 0.1538238918455165 0.656309242526407
 0.15660369271426405 0.6538326494206104
 0.15941688087102593 0.6513896065549756
 0.16226345631580213 0.6490115695677054
 0.1651421824823699 0.6467168023991177
 0.16805429593695198 0.644494432102244
 0.1710010332457711 0.6423248027124114
 0.17398115784260457 0.6401998239577488
 0.17699714285989784 0.6381277186932511
 0.1800477517314282 0.6361221097667162
 0.1831329844571956 0.6343414344281193
 0.18625407760342283 0.6323029800794702
 0.18941226773633266 0.6304686322405783
 0.1926063182897023 0.6286862816317705
 0.19583870239597725 0.6269621767315253
 0.1991081834889348 0.6252927583447707
 0.2024147615685749 0.6236540288692278
 0.20575967320112035 0.6220134332172226
 0.20914415495279384 0.6203621167415918
 0.21256820682359545 0.6187106537087355
 0.2160305922473024 0.6170660381398396
 0.2195350209225829 0.6154416240551925
 0.2230777831507687 0.6138627796020059
 0.22666382519675085 0.6123423785509312
 0.2302894373618611 0.6108769385720721
 0.2339583293447677 0.609457581583418
 0.2376692645792479 0.6080687640115521
 0.2414234796315244 0.6066961082598
 0.24522097450159722 0.6053251365078322
 0.2490617491894664 0.6039531282909252
 0.2529482768275774 0.602617001959238
 0.2568780842834848 0.6013606040228251
 0.2608548812558567 0.6001917424877624
 0.26487619461224776 0.5990750711869046
 0.26894573405132616 0.5979690191657773
 0.2730610264406464 0.5968327973009625
 0.2772233083464312 0.595631299896216
 0.28143505290112614 0.5943765627098228
 0.2856950235385084 0.5931330171035759
 0.290003220258578 0.591954165680764
 0.2943621161937805 0.5908419542871146
 0.29877047477789304 0.5897715574366087
 0.30323076914336117 0.588727214991387
 0.30774176272396225 0.5877095152952302
 0.3123046920859188 0.5867338600509678
 0.31691955722923104 0.5858134649289382
 0.3215888312863444 0.5849344306128667
 0.3263100411248133 0.5840510917976713
 0.33108689644330613 0.5831224776872043
 0.3359193972418228 0.5821385977527163
 0.3408063069541406 0.5811256234895277
 0.3457488621464822 0.5801214119996834
 0.3507495359512932 0.5791705507955552
 0.3558070918023508 0.5782897566374726
 0.3609227662658778 0.577456317008821
 0.36609655934187413 0.5766567180960805
 0.37133094416278534 0.5759478269553822
 0.37662468416238865 0.5753905164872389
 0.38197901590690686 0.5749957699888522
 0.38739393939634 0.5747419304374548
 0.3928719277631334 0.5746023441279753
 0.3984129810072872 0.5744793867088542
 0.40401586256257865 0.5744060886584427
 0.40968428212767605 0.5742994914150351
 0.41541700313635654 0.5741181111591026
 0.4212152621548428 0.5738481373320459
 0.4270802957493578 0.5734983914665719
 0.4330121039199014 0.5731473553570732
 0.4390106866664737 0.572917229318796
 0.44507851712152 0.572824174778062
 0.4512168318512633 0.5727745241871992
 0.457423157723258 0.5727384771855667
 0.46370120443617224 0.5727171689970338
 0.47005097199000623 0.5726936002942332
 0.4764724603847598 0.5726472631345975
 0.4829669061866557 0.5725900813169452
 0.4895355459619169 0.5725548882209895
 0.4961796162767659 0.5725395401605728
 0.5028978805649801 0.5725984723637617
 0.509692811959005 0.5727604741815876
 0.5165656470250631 0.5729386942762387
 0.5235163857631548 0.5730635227736801
 0.5305450281732799 0.5732073535149873
 0.5376552839541067 0.5733860010026348
 0.5448446799731894 0.5735388347337405
 0.552115689362974 0.5736115550591963
 0.5594683121234602 0.5735692680355753
 0.5669050213870935 0.5734735409076537
 0.5744258171538742 0.5733221814219387
 0.5820319359900246 0.5730645430710857
 0.5897246144617676 0.5727189276942126
 0.5975026160028808 0.5723098036273124
 0.6053696503120319 0.5718530177995691
 0.6133244808229986 0.5713936288356793
 0.6213695806682262 0.5710151555140656
 0.6295049498477148 0.5708622996365732
 0.637731824927687 0.571024089874987
 0.6460514424743656 0.5714393749411683
 0.6544650390539734 0.5719774136062101
 0.6629726146665104 0.5725135365694325
 0.6715766424444221 0.5729246664381041
 0.6802771223877084 0.5730678056724768
 0.6890740544963695 0.5729496044566558
 0.6979711484690736 0.5727041570895695
 0.7069671677395979 0.572499267062132
 0.7160645854403878 0.5724774486627083
 0.7252634015714434 0.5726467143210867
 0.7345648526989875 0.5728855200287368
 0.7439701753892428 0.5730495892632527
 0.753480606208432 0.5730871735713731
 0.7630973817227781 0.5729757433162784
 0.7728217384985036 0.5726095498198016
 0.7826549131018312 0.5717991262175938
 0.7925969055327611 0.5704494649591116
 0.8026489523575158 0.5685838188782888
 0.8128135267085411 0.5664178997968946
 0.8230918651520598 0.5639304978192293
 0.8334827311218488 0.5611547118083018
 0.8439898343165765 0.5583134598581011
 0.8546144113024657 0.5555587547515888
 0.8653552255132937 0.5530051000899308
 0.8762159866477287 0.5504502208880742
 0.8871966947057707 0.5475267198212552
 0.8982985862536423 0.5439901044567725
 0.9095228978575666 0.5401673807164495
 0.9208708660837659 0.5362482179523363
 0.9323449640646861 0.5318869305156153
 0.9439451918003271 0.5268970167513911
 0.9556727858569115 0.521125729209514
 0.967530219366885 0.5146248272691782
 0.9795174923302474 0.5077711860608083
 0.9916358413132217 0.500519685207644
 1.0038877394482533 0.4916850823930229
 1.0162744233015646 0.4812302811595166
 1.0287958928731562 0.4699320260816942
 1.0414546212954734 0.45811376207539284
 1.0542518451347385 0.44605351684151157
 1.0671888009571748 0.4339408473142678
 1.0802679618952278 0.4216673450285109
 1.0934880913826746 0.40859532578504054
 1.1068528991181832 0.3933388380487724
 1.1203636216679767 0.3753491878034377
 1.1340202590320552 0.3551570924855199
 1.1478265209090863 0.33370584169000445
 1.161781170732848 0.31149144809905555
 1.1758879182020083 0.28863471998259604
 1.1901479998827897 0.26540506954641024
 1.2045614157751927 0.24389391067592958
 1.219130639011662 0.2248561369862458
 1.2338569061584215 0.20682736252174772
 1.248746400046584 0.18869424070601112
 1.2637830453152539 0.17023403645156066
 1.2789928098551093 0.1520454973939079
 1.2943633280039226 0.1342503990938433
 1.3099069654239213 0.11686175761107803
 1.32559899079065 0.10000052008053815
 1.3414765010907919 0.08383857271209517
 1.3575147649998913 0.06801839999172177
 1.3737261481801761 0.051971280815911326
 1.3901106506316465 0.03769295875495005
 1.406668272354302 0.02969546311789906
 1.4233990133481431 0.02361350504756279
 1.4403152392753968 0.02022695764862849
 1.4574169501360636 0.018732018883844563
 1.474679414605688 0.0187265147421941
 1.4921397296709529 0.01683799604885358
 1.5097855296696308 0.011766008841620953
 1.5276168146017213 0.004237115270129929
 1.5456212188049976 -0.005086202301106762
 1.5638358392661413 -0.01495720366029782
 1.5822235789984707 -0.02341481827595208
 1.6008215349886676 -0.025844074333651823
 1.619604975912278 -0.028618240205791217
 1.6385862674315281 -0.0254332889214392
 1.657765409546419 -0.022633886929787246
 1.6771424022569503 -0.022365992501258737
 1.6967296112253496 -0.021022527432699115
 1.716514670789389 -0.012396501450864905
 1.7365099466112965 0.0010546854371627774
 1.756715438691072 0.01361298096183137
 1.7771187813664877 0.02433727397876659
 1.797744705961999 0.033960528252269605
 1.8185684811531506 0.04282846793771843
 1.8396272039266253 0.05077314863757727
 1.8608837772957403 0.05854735457290623
 1.8823752982471782 0.07195300058083211
 1.9040770354564842 0.08334789493056446
 1.9260013545858854 0.09775164851959761
 1.9481606212976095 0.10697692975079032
 1.9705301042672019 0.10992849156809992
 1.993134534819117 0.1073488401485429
 2.0159739129533554 0.09809525443248286
 2.039035873007689 0.0801306422492248
 2.062345146306573 0.05329964511251118
 2.0858770015255526 0.02116972651123903
 2.1096561699890826 -0.010203698300953084
 2.1336702860349357 -0.036634196721594806
 2.1579193496631115 -0.04466990639705672
 2.1824280921980654 -0.044867628874314475
 2.2071717823153425 -0.04654193523986162
 2.23216278567717 -0.02158354440138002
 2.2574011022835476 0.008348726113812573
 2.282899097796704 0.03771222269830661
 2.3086444065544103 0.06980569732366997
 2.3346493942188946 0.11721191351466878
 2.3609140607901575 0.1997999476525852
 2.3874384062681977 0.3090607645848107
 2.4142224306530164 0.3928414230627952
 2.441266133944613 0.4280602671553548
 2.4685695161429875 0.43715880785986494
 2.496157308572595 0.41934719997720515
 2.5240047799089806 0.40790906605980287
 2.5521242958143717 0.4021086145852628
