 0. 0.
 0.009169095171942124 0.0075223485
 0.027615082143939113 0.022655105
 0.04627809596095244 0.037950293
 0.06516077257656529 0.053380672
 0.08426519300676442 0.068908809
 0.10359459438752916 0.084492778
 0.1231512889588448 0.10009113
 0.14293782018469509 0.11566621
 0.16295696275306237 0.13118617
 0.18321149135192896 0.14662599
 0.20370441189327565 0.16196755
 0.2244378053930892 0.17719897
 0.2454142153153534 0.19231354
 0.26663826614003877 0.20730859
 0.28811203888313197 0.22218439
 0.30983784578461837 0.23694322
 0.3318179990844832 0.25158858
 0.3540594355026821 0.2661245
 0.37655984279923005 0.28055509
 0.3993238454540974 0.29488432
 0.42235606794725467 0.3091161
 0.44565882251868716 0.32325445
 0.4692367336483654 0.33730364
 0.4930898013362894 0.35126801
 0.5172226500624295 0.36515164
 0.5416399043067566 0.378958
 0.5663438763092555 0.39268982
 0.5913368783099118 0.40634916
 0.6166235347886959 0.41993745
 0.6422084702255783 0.43345542
 0.6680916846205589 0.44690301
 0.6942801146935937 0.46027947
 0.7207737604446826 0.47358379
 0.7475818708337666 0.48681499
 0.7747021336208605 0.49997206
 0.8021391732859346 0.51305354
 0.8298999265489451 0.52605709
 0.8579867056498768 0.53897943
 0.8864018228287153 0.55181687
 0.9151522148054161 0.56456579
 0.9442378815799796 0.57722269
 0.9736634476323759 0.58978399
 1.003435849682561 0.60224589
 1.03355739997052 0.61460422
 1.0640304107362382 0.62685434
 1.0948618186996715 0.63899084
 1.1260539361008053 0.65100733
 1.1576113874196094 0.66289671
 1.1895387971360551 0.67465157
 1.221840789730113 0.686264
 1.2545196774417675 0.69772514
 1.287582396990975 0.70902495
 1.3210312606177206 0.72015252
 1.35487320504196 0.73109671
 1.389110542503679 0.74184696
 1.4237478974828472 0.75239407
 1.458789894459436 0.76272995
 1.4942434701534002 0.7728469
 1.5301132490447116 0.78273728
 1.566401543373354 0.79239328
 1.6031129776192992 0.8018072
 1.640254488502502 0.81097171
 1.6778307005029338 0.81988026
 1.7158462381005644 0.8285271
 1.7543057257753647 0.83690691
 1.7932161002472902 0.84501519
 1.8325796737563265 0.85284915
 1.8724033830224291 0.86040733
 1.9126941647655538 0.86768826
 1.9534543312256862 0.87469025
 1.9946908191227812 0.88141265
 2.0364082529368104 0.88785646
 2.0786135693877292 0.8940237
 2.1213113929555076 0.89991693
 2.1645086603601023 0.90553959
 2.2082076838414975 0.91089582
 2.2524177123596347 0.91598913
 2.2971456826344703 0.92082213
 2.342391594666003 0.92539831
 2.3881739463741165 0.92972317
 2.434488113278839 0.93380381
 2.481334095380171 0.93764741
 2.5287350150779644 0.94126037
 2.576667749972368 0.94464933
 2.6251785448630858 0.94782208
 2.6742442773502657 0.95078747
 2.7238880698337598 0.95355479
 2.7741099223135683 0.95613408
 2.824932957189545 0.95853525
 2.8763340520618352 0.96076626
 2.92831320693044 0.9628336
 2.980916666595065 0.96474536
 3.0341444310557097 0.96651256
 3.0879733779125216 0.96814742
 3.142426629565353 0.96966243
 3.1975273084140565 0.97106923
 3.25325229205878 0.97237782
 3.3096478252992285 0.97359817
 3.3666907857355493 0.9747405
 3.4243811733677423 0.97581288
 3.48274211059566 0.97682151
 3.5417967198191556 0.97777213
 3.601521878638376 0.97867164
 3.6619638318530257 0.97952671
 3.723099457063254 0.98034183
 3.7849287542690595 0.98112223
 3.8474748458702948 0.98187179
 3.910760854266812 0.98259104
 3.9747867794586127 0.98328089
 4.039529499045844 0.9839455
 4.105058380228062 0.98458964
 4.17130405580571 0.98521508
 4.238359015378199 0.98582277
 4.3061538917459705 0.98641335
 4.374758052108582 0.98698545
 4.444148374066183 0.98753629
 4.514347980018623 0.98806307
 4.585356869965903 0.98856446
 4.6571750439080235 0.98903987
 4.72984874664469 0.9894897
 4.803331733376196 0.98991665
 4.877693371302101 0.99032333
 4.952887415622699 0.99071125
 5.028983233537548 0.99108211
 5.105934580246942 0.99143777
 5.1837645781507335 0.99177938
 5.26251947204863 0.99210722
 5.342176139540776 0.99242067
 5.422734580627172 0.99271766
 5.504241040107526 0.99299621
 5.5866723955819815 0.99325651
 5.670074891850246 0.99349994
 5.754425406512467 0.99372796
 5.839747061968495 0.99394153
 5.926039858218333 0.99414111
 6.013350040061685 0.99432758
 6.101631362698844 0.9945028
 6.190953193329369 0.9946687
 6.28131553195326 0.99482625
 6.372695256170666 0.99497597
 6.465115488381438 0.99511866
 6.558622473385281 0.99525495
 6.653193088782343 0.9953848
 6.748850456972477 0.99550792
 6.845594577955681 0.99562384
 6.943471696531661 0.99573197
 7.042458690300567 0.99583154
 7.142578681662249 0.99592172
 7.243831670616707 0.99600191
 7.346263901963646 0.99607226
 7.449875375703068 0.99613381
 7.554642969435118 0.99618809
 7.660636050359357 0.99623658
 7.767831496075929 0.99628047
 7.876252428984687 0.9963209
 7.985921971485485 0.99635919
 8.096840123578323 0.99639684
 8.2090068852632 0.99643561
 8.322468501339822 0.9964775
 8.43724809420804 0.99652461
 8.553299419068152 0.99657856
 8.670691843119712 0.99663971
 8.789425366362723 0.99670678
 8.909499988797183 0.99677736
 9.030938832822944 0.99684906
 9.153765020839863 0.99692057
 9.278001675247786 0.99699187
 9.403625673646868 0.99706353
 9.530683260836808 0.9971358
 9.659197559217459 0.99720763
 9.789168568788826 0.99727651
 9.920596289550904 0.99733909
 10.053550088703252 0.99739236
 10.187983721446166 0.99743429
 10.32394343257935 0.99746356
 10.461429222102804 0.99747911
 10.600487334816236 0.99748034
 10.741117770719642 0.99746814
 10.883343652212876 0.99744586
 11.02718810169579 0.99741897
 11.172627996768533 0.99739322
 11.319732704630662 0.99737287
 11.468479102882323 0.99736009
 11.618913436323226 0.99735491
 11.771035704953364 0.99735546
 11.924869031172596 0.99735949
 12.08043653738077 0.99736573
 12.23776134597774 0.99737377
 12.396843456963508 0.99738372
 12.557729115137775 0.9973955
 12.720418320500544 0.99740771
 12.884911073051814 0.99741726
 13.051276739991145 0.99742058
 13.219492198918681 0.99741547
 13.38960369463413 0.99740263
 13.56161122713749 0.9973841
 13.735537918828616 0.9973597
 13.911406892107356 0.99732798
 14.089241269373568 0.99729091
 14.2690641730271 0.99725584
 14.450898725467809 0.99723009
 14.634768049095543 0.99721712
 14.820672143910306 0.99721822
 15.008634132311945 0.9972302
 15.198700259100173 0.99724516
 15.390893646674838 0.99725444
 15.585191172636089 0.99725361
 15.78166220418348 0.99724841
 15.980329863716868 0.99724566
 16.1811710288364 0.99723849
 16.38425506674163 0.99721351
 16.58958197743256 0.99716723
 16.797174883309047 0.99710765
 17.007056906770934 0.99704334
 17.219251170218083 0.99698018
 17.433803918450195 0.99692778
 17.65071515146727 0.99690249
 17.870007991669162 0.99691976
 18.091728683855575 0.99697477
 18.315877228026505 0.99704027
 18.542476746581816 0.99709417
 18.771573484321202 0.99713219
 19.003190563644516 0.9971606
 19.23732798455177 0.99718889
 19.474031991842654 0.99722181
 19.713325707917026 0.99725277
 19.955232255174742 0.99727335
 20.19979787841551 0.99728865
 20.446999455239467 0.99729955
 20.696906352846174 0.99729828
 20.94954169363549 0.99728328
 21.20490547760741 0.99726019
 21.46306707196149 0.99723713
 21.724003354297885 0.99722286
 21.987783691816144 0.99722124
 22.254431206916124 0.99722622
 22.523945899597823 0.99722211
 22.796374014660948 0.9971913
 23.071738674505355 0.99713265
 23.350155491130298 0.99706144
 23.6313238733377 0.99699744
 23.915729391524458 0.99694197
 24.20314082169206 0.99687669
 24.49378938783902 0.9967863
 24.787212641968292 0.9966745
 25.084104256075445 0.99656845
 25.38400178216344 0.99650047
 25.687136444230795 0.99647269
 25.993508242277514 0.99645614
 26.303117176303587 0.99642975
 26.61596324630903 0.99638157
 26.932277676292355 0.99630828
 27.25206046625357 0.99624327
 27.57484916819562 0.99622608
 27.90133745411408 0.99623413
 28.23129410001043 0.99622188
 28.56471910588467 0.99618468
 28.90138124773827 0.99614886
 29.241974197566805 0.99614719
 29.58580428337471 0.99619367
 29.933565177157544 0.99628563
 30.284794430918275 0.99640337
 30.63972326865541 0.99653221
 30.99835169036896 0.99668415
 31.360679696058927 0.99686031
 31.726938509723833 0.99705875
 32.09689690736515 0.9972678
 32.47078611298141 0.99745859
 32.848606126572605 0.9975921
 33.230125724140215 0.99764712
 33.61580735368129 0.99766636
 34.00518856719877 0.99767433
 34.39896303668825 0.99772334
 34.79643709015414 0.99784811
 35.198304399592026 0.99800457
 35.60410251700485 0.9981411
 36.014062666391126 0.99822578
 36.4284160717494 0.99826976
 36.84670028508262 0.99829225
 37.269377754387826 0.99833036
 37.69644847966502 0.99839076
 38.127681236915684 0.99844342
 38.56353847413686 0.9984013
 39.003557743331505 0.9982474
 39.448201492496665 0.9981118
 39.897238497633815 0.99809428
 40.35066875874295 0.99807087
 40.80895472382114 0.99788538
 41.27163394487131 0.99763078
 41.738937645891994 0.99746674
 42.2108658268832 0.99743631
 42.68764971184345 0.99745167
 43.16905807677421 0.99739549
 43.65532214567402 0.99734497
 44.14644191854288 0.99733686
 44.64241739538076 0.99728977
 45.143248576187695 0.99714658
 45.64893546096367 0.99704828
 46.15947804970869 0.99709063
 46.67533879041981 0.9971574
 47.196055235099955 0.99716851
 47.72185860774768 0.99707923
 48.252748908362975 0.99701775
 48.78872613694583 0.99705393
 49.330021517494785 0.99709093
 49.87663505000983 0.99708
 50.428335510492445 0.99707937
 50.98535412294115 0.99709876
 51.54792211135448 0.99721113
 52.115577027735384 0.99732323
 52.68901254407942 0.99738981
 53.267534988391034 0.99759342
 53.85183803266579 0.99787155
 54.44145922890664 0.99797407
 55.03662980111211 0.99788997
 55.63758097328073 0.9977414
 56.24408152141396 0.99754065
 56.85636266951034 0.9973458
 57.474193193571345 0.99715338
 58.098035541594015 0.99693359
 58.72742726558131 0.99681821
 59.362830813530266 0.99676996
 60.00401496144238 0.9968161
 60.65097970931763 0.99684394
 61.303956281154555 0.99669917
 61.96317590095169 0.99635921
 62.628176120711956 0.99616001
 63.299188164433886 0.99610749
 63.97621203211751 0.99608141
 64.65947894776131 0.99603405
 65.34898891136531 0.99601517
 66.04451069893099 0.99607559
 66.7465067584554 0.99611169
 67.45451464194146 0.99636332
 68.16899679738627 0.9965503
 68.88972200079125 0.99684205
 69.61669025215645 0.99707335
 70.35036399947889 0.99735597
 71.09028079476151 0.99756812
 71.83667186200287 0.99807073
 72.58953720120296 0.99863353
 73.34887681236177 0.99924539
 74.11492191947782 0.99975649
 74.88744129855259 1.0001574
 75.66666617358462 1.0002877
 76.4525965445739 1.000139
 77.24500118752188 0.9998353
 78.04434255042567 0.99947301
 78.85038940928669 0.99916702
 79.66314176410495 0.99895831
 80.482830838879 0.99883308
 81.30922540961029 0.99876027
 82.14232547629884 0.9987167
 82.98259348694167 0.99869446
 83.82979821754029 0.99868896
 84.68370844409615 0.99869346
 85.54478661460632 0.99870323
 86.41280150507228 0.99871621
 87.28775311549398 0.99873147
 88.16987266987 0.99874845
 89.0589289442018 0.99876674
 89.95515316248789 0.99878603
 90.85831410072976 0.99880609
 91.76887420692445 0.99882675
 92.68637103307492 0.99884788
 93.61126702717822 0.99886937
 94.54333096523581 0.99889115
 95.48233162324918 0.99891315
 96.42873144921538 0.99893532
 97.3825304431344 0.99895763
 98.34349738100772 0.99898005
 99.31163226283533 0.99900256
 100.2871663126158 0.99902515
 101.27009953034906 0.99904779
 102.26020069203663 0.99907049
 103.25770102167705 0.99909323
 104.26260051927026 0.99911601
 105.27466796081781 0.99913883
 106.29436579431668 0.99916169
 107.32123157176987 0.99918458
 108.3557277411744 0.99920751
 109.39739185453324 0.99923047
 110.4464551358449 0.99925347
 111.50314880910791 0.99927651
 112.56701042632523 0.99929959
 113.63850243549389 0.99932271
 114.71739361261538 0.99934588
 115.8036839576897 0.9993691
 116.89737347071684 0.99939237
 117.99846215169683 0.99941569
 119.10695000062962 0.99943907
 120.22306824151377 0.99946251
 121.34635442635224 0.99948601
 122.47727100314204 0.99950958
 123.61535552388614 0.99953322
 124.7610704365816 0.99955693
 125.91395329323134 0.99958072
 127.07446654183245 0.99960459
 128.24214773438786 0.99962855
 129.41745931889463 0.99965259
 130.59993884735567 0.99967672
 131.78981754376957 0.99970095
 132.98686418413774 0.99972528
 134.1915412164573 0.99974971
 135.40315496873262 0.99977426
 136.6223991129593 0.99979891
 137.84857997714172 0.99982369
 139.082160009277 0.99984858
 140.3231392093651 0.99987361
 141.57105512940896 0.99989876
 142.82613899340714 0.99992406
 144.0883908013596 0.99994949
 145.35781055326638 0.99997508
 146.63439824912746 1.0000008
 147.91792266494429 1.0000267
 149.20861502471544 1.0000528
 150.50601288044385 1.000079
 151.81057868012655 1.0001054
 153.122081199765 1.000132
 154.44052043935926 1.0001588
 155.76566517491074 1.0001858
 157.09774663041802 1.000213
 158.43653358188254 1.0002404
 159.7820260293043 1.000268
 161.13422397268332 1.0002959
 162.4931274120196 1.000324
 163.8587363473131 1.0003523
 165.23081955456533 1.0003809
 166.60914580977777 1.0004098
 167.99417756094746 1.0004389
 169.38568358407588 1.0004684
 170.78343265516446 1.0004981
 172.18742477421324 1.0005281
 173.59765994122228 1.0005584
 175.01436938019 1.0005891
 176.43685941912085 1.00062
 177.86559250601192 1.0006514
 179.30033741686466 1.0006831
 180.74086292768052 1.0007151
 182.18740026245808 1.0007476
 183.6397181971988 1.0007804
 185.09804795590114 1.0008137
 186.5616958665696 1.0008474
 188.03112437720122 1.0008816
 189.50610226379746 1.0009162
 190.98662952635829 1.0009512
 192.47247494088523 1.0009868
 193.9636385073783 1.0010229
 195.46012022583741 1.0010595
 196.9616888722641 1.0010967
 198.4683444466584 1.0011344
 199.9800869490202 1.0011727
 201.4969163793496 1.0012116
 203.01837028964954 1.0012512
 204.54491112791703 1.0012914
 206.0758452221565 1.0013323
 207.61163502036504 1.0013739
 209.15181807454553 1.0014163
 210.69639438469804 1.0014594
 212.2453639508225 1.0015033
 213.79849554892047 1.0015481
 215.35602040299042 1.0015937
 216.91747606503532 1.0016402
 218.48309375905367 1.0016876
 220.05241103704844 1.001736
 221.62565912301815 1.0017854
 223.20260679296425 1.0018359
 224.78302282288826 1.0018875
 226.36713843678865 1.0019402
 227.95449118666843 1.0019941
 229.5453122965261 1.0020493
 231.13937054236317 1.0021058
 232.73620347618248 1.0021637
 234.3362735459812 1.0022231
 235.93865585576512 1.0022839
 237.5456626455196 1.0023464
 239.15498167525934 1.0024106
 240.7643007049991 1.0024765
 242.37824421470935 1.0025444
 243.9944999644048 1.0026142
 245.6130679540856 1.0026861
 247.2339481837516 1.0027603
 248.85482841341764 1.0028369
 250.48033312305418 1.0029161
 252.1058378326907 1.0029979
 253.73596702229776 1.0030828
 255.3637839719196 1.0031707
 256.9962254015119 1.0032622
 258.6286668311042 1.0033573
 260.26342050068183 1.0034565
 261.8981741702594 1.0035602
 263.53292783983693 1.0036688
 265.1699937493998 1.0037829
 266.80937189894786 1.0039032
 268.4487500484959 1.0040305
 270.08581595805873 1.0041659
 271.7275063475921 1.0043108
 273.36688449714023 1.0044672
 275.00857488667356 1.004637
 276.6479530362216 1.0048455
