 0.0006854022858037695 9.3915453E-8
 0.0020642648013986828 0.0000015146004
 0.0034593503676725946 0.0000068418177
 0.004870856025726868 0.000018935183
 0.006298937334325742 0.000040445571
 0.007743836273769133 0.00007337181
 0.009205725687128416 0.00011873985
 0.0106847957017821 0.00017649766
 0.012181253729415831 0.00024561847
 0.013695307181715258 0.00032434293
 0.01522718075467316 0.00041047593
 0.01677703000705378 0.00050166864
 0.01834504506623562 0.00059564449
 0.019931571618361427 0.0006903538
 0.02153676522219543 0.00078406136
 0.023160798720809016 0.00087537986
 0.024803844957273547 0.00096326447
 0.02646642246080314 0.0010469817
 0.028148358388326425 0.0011260641
 0.02984999842598614 0.0012002599
 0.03157168825992504 0.0012694854
 0.033313600733214495 0.0013337831
 0.03507608153199724 0.0013932864
 0.03685913065627329 0.0014481876
 0.038663093792185375 0.0014987141
 0.04048831662587625 0.0015451116
 0.042334972000417276 0.0015876336
 0.044203232758879836 0.0016265346
 0.046093444587406676 0.0016620645
 0.04800595317214053 0.0016944662
 0.0499407585130814 0.0017239742
 0.05189837913944341 0.001750813
 0.053878815051226554 0.0017751942
 0.05588275762071633 0.0017973155
 0.05791003400484135 0.0018173627
 0.059960989889744375 0.0018355129
 0.0620361438046395 0.0018519337
 0.06413566859259812 0.0018667759
 0.0662597370966916 0.0018801686
 0.06840886784613405 0.0018922195
 0.07058306084092549 0.001903022
 0.07278266176720863 0.0019126635
 0.07500818915419762 0.0019212277
 0.07725981584496382 0.0019287918
 0.07953771468257859 0.0019354238
 0.08184240419625605 0.0019411833
 0.0841740572290676 0.0019461244
 0.08653301946715594 0.0019503029
 0.08891963659666385 0.0019537827
 0.09133425430373408 0.001956330237842935
 0.09377704543143797 0.0019589075
 0.09624852850898966 0.0019606491
 0.0987488763794605 0.0019618908
 0.10127860757206462 0.0019626753
 0.10383789492987341 0.0019630518
 0.1064270841390296 0.0019630667
 0.10904652088567593 0.0019627623
 0.1116967236990265 0.0019621728
 0.1143780382652241 0.0019613122
 0.11709063742734005 0.0019601649
 0.11983486687151712 0.001958697
 0.12261124512696944 0.0019568738
 0.12542011787983975 0.0019546702
 0.12826183081627077 0.0019520765
 0.13113672962240527 0.0019490973
 0.13404533282745734 0.0019457431
 0.13698781327449838 0.001942026
 0.13996468949274252 0.0019379625
 0.1429764800114038 0.0019335703
 0.1460233576735537 0.0019288511
 0.14910584100840626 0.0019237809
 0.15222427570210426 0.0019183301
 0.15537918028386177 0.001912504
 0.15857090043982158 0.0019063606
 0.16179995469919783 0.0018999809
 0.16506651590506183 0.0018934207
 0.16837127542969907 0.0018866945
 0.1717147518023237 0.0018797985
 0.1750969450229357 0.0018727303
 0.17851923783610613 0.0018655068
 0.18198128455569212 0.0018581617
 0.18548308518169374 0.0018507116
 0.18902636814482468 0.0018431454
 0.19260940501437127 0.0018354445
 0.19623565265176088 0.00182759
 0.19990338262627988 0.0018195533
 0.2036143233686419 0.0018112882
 0.20736847487884696 0.001802728
 0.21116756558760885 0.0017937958
 0.2150098670642138 0.0017844421
 0.21889537930866176 0.001774688
 0.22282755918238029 0.0017646227
 0.22680640668536928 0.0017543549
 0.23083019338691507 0.0017439752
 0.23490064771773136 0.0017335328
 0.23901949810853187 0.0017230309
 0.24318501612860288 0.001712444
 0.24740065863937188 0.0017017342
 0.2516646972101251 0.0016908468
 0.2559771318408625 0.0016797399
 0.26033969096229786 0.001668418
 0.26475410300514496 0.0016568999
 0.26921863953868996 0.001645212
 0.2737367574243603 0.0016334148
 0.2783067282314424 0.0016215489
 0.28292855195993616 0.0016095525
 0.2876039570405553 0.001597329
 0.2923346719040135 0.0015848544
 0.2971206965503109 0.0015721775
 0.30196030254873374 0.0015593508
 0.30685867519142307 0.0015463957
 0.31181062918623775 0.0015332976
 0.31682307825603273 0.001519996
 0.3218908371086669 0.0015064513
 0.3270190910362813 0.0014926895
 0.33220611160816227 0.0014787704
 0.33745362725502354 0.0014647559
 0.34276163797686504 0.0014507049
 0.3481301437736869 0.0014367031
 0.3535626015069165 0.0014227954
 0.3590555543151263 0.0014088854
 0.3646141874904576 0.0013948148
 0.3702350441714829 0.0013805102
 0.3759233096503434 0.0013659944
 0.3816755270656116 0.0013513216
 0.3874934248480012 0.0013365654
 0.39338045985893977 0.0013217871
 0.3993349036677135 0.0013069708
 0.4053567562743224 0.0012920626
 0.4114494745401939 0.0012770756
 0.41761133003461437 0.001262057
 0.4238457796190111 0.0012470129
 0.4301510948626705 0.0012319317
 0.4365290041963062 0.001216797
 0.4429795076199182 0.0012014746
 0.44950606199493415 0.0011857631
 0.4561052104599263 0.0011696586
 0.46278213830703596 0.0011532872
 0.4695368455362632 0.0011366784
 0.4763676037168942 0.00111982
 0.4832761412796427 0.0011026942
 0.49026591508593614 0.0010853288
 0.4973351967050608 0.0010678574
 0.5044857145677305 0.0010504434
 0.5117174686739451 0.0010330638
 0.519033915885132 0.0010156072
 0.5264333277705777 0.00099798095
 0.5339174327609958 0.00098011371
 0.5414862308563863 0.00096202813
 0.5491431789181765 0.0009437584540489283
 0.5568882769463667 0.00092527845
 0.564719796510243 0.00090658718
 0.5726429229019466 0.0008877687
 0.5806559276907637 0.00086889901
 0.588760539307408 0.00084994641
 0.5969584861825935 0.00083082567
 0.6052497683163199 0.00081163809
 0.6136343857085874 0.00079259678
 0.6221157952208233 0.00077384087
 0.6306957252837414 0.00075528112
 0.6393707190359141 0.00073669938
 0.6481459617694829 0.00071800691
 0.6570214534844475 0.00069920815
 0.665997194180808 0.00068039503
 0.6750749122892781 0.00066161623
 0.6842563362405716 0.00064277324
 0.6935431944654021 0.00062373823
 0.7029337585330561 0.00060457817
 0.7124314853049608 0.00058554073
 0.7220381032118299 0.00056669603
 0.7317536122536636 0.00054802211
 0.7415780124304618 0.00052947717
 0.7515164890343659 0.00051105916
 0.7615655852039479 0.00049274549
 0.7717287578006357 0.00047443833
 0.7820060068244291 0.0004561623
 0.7924007891367558 0.00043805731
 0.8029131047376156 0.00042026035
 0.8135446820577222 0.00040274479
 0.8242972495277893 0.00038534944
 0.8351690787171033 0.00036806825
 0.8461653549178053 0.00035106749
 0.8572843496991815 0.00033442711
 0.8685295199226597 0.00031808431
 0.8799008655882394 0.00030197392
 0.8914001151266348 0.00028603994
 0.9030289969685592 0.00027027018
 0.9147892395447265 0.00025477634
 0.9266808428551367 0.00023970181
 0.9387072637612173 0.00022506386
 0.9508685022629682 0.00021088022
 0.9631645583603894 0.0001971579
 0.9756006173456223 0.00018391516
 0.9881749507879528 0.00017122315
 1.0008910155488087 0.00015904846
 1.0137488116281896 0.00014721833
 1.0267500674568097 0.00013567931
 1.0398965114653824 0.00012455329
 1.0531898720846216 0.00011389035
 1.0666318777452408 0.00010406920127517423
 1.0802242568779539 0.000094138185
 1.0939687379134746 0.000085155852
 1.1078653208518028 0.000076859016
 1.1219157341236523 0.000069267061
 1.1361234345904505 0.000062263076
 1.1504901506829113 0.000055816777
 1.165014153970321 0.000049918186
 1.17970062974482 0.000044468744
 1.1945513064371232 0.000039394898
 1.2095644556165162 0.000034666411
 1.22474526257514 0.000030273835
 1.240093727312995 0.000026294639
 1.255611578260795 0.000022796149
 1.2713005438492533 0.000019786072
 1.2871623525090838 0.000017218365
 1.3032004611017143 0.000014980257
 1.3194148696271444 0.000012944852
 1.3358073065160878 0.000011094177
 1.352381228629972 0.0000094553586
 1.369136635968797 0.000008023041
 1.3860752569632768 0.0000068023884
 1.4032005484748384 0.0000057528134
 1.4205142389341958 0.0000048342312
 1.4380163283413492 0.0000040681284
 1.4557102735577256 0.0000034391527
 1.4735978030140386 0.0000028899174
 1.4916806451410025 0.0000024264044
 1.5099622568000448 0.0000020823603
 1.5284409095604512 0.0000018509828
 1.547121788714363 0.0000017073507
 1.566006622692494 0.0000016171647
 1.5850954114948446 0.0000015509183
 1.604393340413555 0.0000014996531
 1.6238986810179128 0.000001448743
 1.643616618600058 0.0000013892107
 1.663548881590705 0.0000013279649
 1.6836954699898536 0.0000012626871
 1.704059840658931 0.0000011905578
 1.7246437220286512 0.0000011169216
 1.745455756252583 0.0000010413564
 1.7664734737314474 9.5496995E-7
 1.7877331715102331 8.5450619E-7
 1.8092175652818028 7.5322458E-7
 1.8309439393532936 6.702367E-7
 1.8528777251104311 6.0454871E-7
 1.8750707754746267 5.2853412E-7
 1.8974885218316067 4.204191E-7
 1.9201482484885075 2.9441872E-7
 1.9430499554453295 1.868097E-7
 1.9661936427020728 1.3717501580497796E-7
 1.9895793102587371 8.7021373E-8
 2.0132242424224596 7.3420257E-8
 2.037128439193241 6.5792188E-8
 2.0612573319568055 5.8386389E-8
 2.0856627736345663 5.0668301E-8
 2.110327479919385 4.3486732E-8
 2.1352514508112623 3.7416972E-8
 2.160417402003061 3.2625856E-8
 2.185877186416192 2.9089593E-8
 2.2115789511292445 2.6686473E-8
 2.237574549063629 2.4845891E-8
 2.263829411605073 2.3623541E-8
 2.2903608230607118 2.3201752E-8
 2.3171687834305463 2.3271818599101986E-8
 2.344253292714577 2.3342608E-8
 2.37163163521994 2.3696696E-8
 2.3992865266394987 2.4067793E-8
 2.4272352512803903 2.4328183E-8
 2.4554778091426144 2.4366461E-8
 2.4839969159190347 2.371917E-8
 2.5128271402239246 2.2322534E-8
 2.54193391344301 1.9995277E-8
 2.5713690884977027 1.7620547E-8
 2.601080812466591 1.5543627E-8
 2.6311209382710867 1.2032652E-8
 2.661454897296915 8.0120104E-9
 2.6920999738512137 5.0850131E-9
 2.723073452241119 2.8029426E-9
 2.754340763852358 1.0969599E-9
 2.7859364772992032 7.218634E-11
 2.8178605925816567 -5.4428656E-10
 2.8500958253925797 -9.2928867E-10
 2.8826767443462473 -9.870585605887012E-10
 2.9155687808283846 -8.757073503978241E-10
 2.948806503453267 -7.6318587E-10
 2.9823726279137563 -3.93932E-10
 3.016267154209853 -1.4772569E-10
 3.0505246509558313 -1.4439682E-10
 3.0851105495374167 -3.3246541E-10
 3.120042134261747 -5.3196755E-10
 3.155319405128821 -5.592317234511332E-10
 3.1909596464457777 -5.8677642E-10
 3.2269455739054784 -6.3684359E-10
 3.2632944718150605 -8.1351062E-10
 3.3000063401745248 -9.9984025E-10
 3.3370811789838704 -1.0786341E-9
 3.374518988243098 -1.1033749E-9
 3.4123197679522073 -1.1706604E-9
 3.4504835181111986 -1.0538964256994819E-9
 3.489044807334346 -9.3591616E-10
 3.527969067007374 -1.8078497E-9
 3.567273581437422 -1.9987314E-9
 3.606958350624489 -2.1183208E-9
 3.6470233745685743 -2.2285954E-9
 3.6874859375768163 -2.305154E-9
 3.7283460396492143 -2.3721334E-9
 3.769586396478631 -2.5162723E-9
 3.811224292372204 -2.676029E-9
 3.8532770116370703 -2.7546528E-9
 3.895709985658956 -2.8096638E-9
 3.9385750673592717 -2.8685223E-9
 3.9818204038166063 -2.880161003002585E-9
 4.025497847952372 -2.8757442017050603E-9
 4.069572831152294 -2.8712872E-9
 4.114062637723509 -2.8347623E-9
 4.1589845519731545 -2.7869296E-9
 4.204321289594093 -2.7063552E-9
 4.250090134893463 -2.4946723E-9
 4.296273803564126 -2.0789929E-9
 4.342906864220357 -1.6021885E-9
 4.389954748247881 -1.219889E-9
 4.437452024260972 -8.7668615E-10
 4.485381407952496 -5.7744895E-10
 4.533742899322449 -3.7625589E-10
 4.582553782677969 -2.4212907E-10
 4.631831342326197 -2.220362E-10
 4.681541009652853 -3.0272792E-10
 4.731700068965076 -3.8378139E-10
 4.78230852026287 -4.6660607E-10
 4.833383647853367 -5.3309414E-10
 4.884925451736569 -5.5975154E-10
 4.93691664760534 -6.8779191E-10
 4.989391804073952 -9.5897187E-10
 5.0423163525281325 -1.2557788E-9
 5.0957248615821555 -1.4473655E-9
 5.149600046928883 -1.4599351099185433E-9
 5.203941908568316 -1.3523948761392345E-9
 5.258785015114729 -1.2438627E-9
 5.314094797953846 -8.8009753E-10
 5.369888541392806 -4.7959509E-10
 5.426166245431607 -3.4392856E-10
 5.482927910070251 -6.3648786E-10
 5.540190819615876 -1.0995678E-9
 5.59793768976134 -1.4812978E-9
 5.656185804813786 -1.526421198877234E-9
 5.714935164773212 -1.4401650264067204E-9
 5.774168485332479 -1.3531983E-9
 5.833920335105863 -1.1665082E-9
 5.8941734297862265 -1.034048E-9
 5.954927769373569 -8.6496199E-10
 6.016200638175029 -8.734250687399917E-10
 6.077974751883468 -8.725980147931155E-10
 6.1402501104988865 -8.7176425E-10
 6.2030612826355584 -8.5788126E-10
 6.266390983986348 -8.2160967E-10
 6.330221930244117 -7.393182E-10
 6.39458869002314 -6.1584147E-10
 6.4594739790162805 -4.4718676E-10
 6.524877797223535 -2.5779136E-10
 6.590817428952046 -1.1995119E-10
 6.657275589894673 -6.6682766E-11
 6.724269564358554 -5.6704589E-11
 6.791782068036551 -4.5031975E-11
 6.8598476695429405 -2.2899125E-11
 6.928431800263446 -6.5628325E-13
 6.997569028812343 1.5184796E-11
 7.067242070882494 2.4700974E-11
 7.13743364216676 2.9900303E-11
 7.208178311279419 3.2439629E-11
 7.279476078220469 3.3344859E-11
 7.351309658682773 3.3219646E-11
 7.42367905266633 3.2430953E-11
 7.496601544478279 3.1214443E-11
 7.570077134118618 2.9729026E-11
 7.644088537280212 2.8085512E-11
 7.718653038270198 2.6362608E-11
 7.793770637088573 2.4616546E-11
 7.869424049428204 2.2887316E-11
 7.945647843903362 2.1202938E-11
 8.022407451899776 1.9582531E-11
 8.099737442031715 1.8038566E-11
 8.177603245684912 1.6578559E-11
 8.256022147166497 1.5206354E-11
 8.335011430783611 1.3923098E-11
 8.41453652792198 1.2727987E-11
 8.494632007195877 1.1618833E-11
 8.575280584298165 1.0592492E-11
 8.656482259228843 9.6451938E-12
 8.738237031987914 8.7727804E-12
 8.820544902575376 7.9708928E-12
 8.903405870991229 7.2351031E-12
 8.98683722154261 6.561012E-12
 9.070804385615245 5.9443185E-12
 9.155341931823408 5.3808678E-12
 9.240415291552825 4.8666834E-12
 9.326059033417772 4.3979874E-12
 9.412238588803971 3.9712114E-12
 9.498988526325698 3.583001E-12
 9.58627427736868 3.2302152E-12
 9.674130410547193 2.925734477512991E-12
 9.762522357246956 2.6193968E-12
 9.85146740177511 2.3561045E-12
 9.94094825982452 2.1177006E-12
 10.03099950000946 1.9020167E-12
 10.121569269408514 1.7070511E-12
 10.212709420943098 1.5309596E-12
 10.304368101691795 1.3720449E-12
 10.396579880268888 1.2287473E-12
 10.48934475667437 1.0996354E-12
 10.582628162293968 9.8339707E-13
 10.676447381434821 8.7883093E-13
 10.770802414096929 7.8483815E-13
 10.865693260280288 7.004149E-13
 10.961119919984903 6.2464505E-13
 11.057065108903634 5.5669339E-13
 11.15354611134362 4.9579925E-13
 11.250528358690584 4.4127055E-13
 11.348046419558804 3.9247822E-13
 11.44608300964114 3.4885106E-13
 11.544638128937592 3.0987086E-13
 11.643694493141021 2.7506796E-13
 11.743269386558572 2.4401713E-13
 11.8433455248831 2.1633365E-13
 11.943922908114606 1.9166987E-13
 12.045001536253094 1.6971184E-13
 12.14658140929856 1.5017636E-13
 12.248662527251007 1.3280815E-13
 12.351227605803295 1.1737736E-13
 12.454259360648287 1.0367714E-13
 12.557792360400262 9.152159E-14
 12.661809320752075 8.0743716E-14
 12.766292957396596 7.1193665E-14
 12.871243270333819 6.2737075E-14
 12.97666025956375 5.5253572E-14
 13.082561209393523 4.8635406E-14
 13.188894266901725 4.2786207E-14
 13.295694000702635 3.7619852E-14
 13.402943126489111 3.3059436E-14
 13.510624359954017 2.9036343E-14
 13.618754985404491 2.54894E-14
 13.727317718533397 2.2364111E-14
 13.836329843647869 1.9611968E-14
 13.945739507826499 1.7189822E-14
 14.055581279683558 1.5059324E-14
 14.165837874911912 1.3186415E-14
 14.276509293511557 1.1540866E-14
 14.387578251175361 1.0095872E-14
 14.49904474790332 8.8276753E-15
 14.610908783695432 7.715238E-15
 14.723153074244566 6.801827699461958E-15
 14.83577761955072 5.885323E-15
 14.948782419613892 5.13683E-15
 15.062167474434082 4.4816128E-15
 15.175898215397018 3.9083302E-15
 15.29000921111697 3.406979E-15
 15.404448608672533 2.9687427E-15
 15.519250976677975 2.5858547E-15
 15.634381746519026 2.2514783E-15
 15.749840918195682 1.9595986E-15
 15.865628491707948 1.7049273E-15
 15.981727182748681 1.4828172E-15
 16.098154275625024 1.2891874E-15
 16.2148752017227 1.1204562E-15
 16.331907245348845 9.7348147E-16
 16.449215837889184 8.4550881E-16
 16.56681826365086 7.3412464E-16
 16.684697238326727 6.372153E-16
 16.802835477609655 5.5293073E-16
 16.921250265806776 4.7965246E-16
 17.03990703430382 4.1596531E-16
 17.158823067407923 3.6063248E-16
 17.277981080811948 3.1257356E-16
 17.397346505901616 2.7084526E-16
 17.516953911291207 2.3462431E-16
 17.63673415975217 2.0319255E-16
 17.75686009435588 1.7592375E-16
 17.87715887203096 1.5227207E-16
 17.997457649706043 1.3176194E-16
 18.118102113523864 1.139791E-16
 18.23891942041306 9.8562865E-17
 18.35990957037363 8.5199234E-17
 18.481072563405572 7.3614933E-17
 18.602235556437513 6.3572146E-17
 18.723744235612198 5.4863922E-17
 18.845252914786883 4.7310154E-17
 18.967107280104315 4.0754057E-17
 19.088788802350376 3.5059073E-17
 19.210816010739176 3.0106175E-17
 19.332843219127977 2.57915E-17
 19.455043270588156 2.2024264E-17
 19.57724332204833 1.8724928E-17
 19.6994433735085 1.5823598E-17
 19.821816268040052 1.3258596E-17
 19.94436200564297 1.0975191E-17
 20.06690774324589 8.9244718E-18
 20.189280637777436 7.0623339E-18
 20.311999218451728 5.3485534E-18
 20.434544956054648 3.7459438E-18
