 0.0005593197229443525 0.2730182686110799
 0.0016845348209600908 0.31354718352772737
 0.002822988672914983 0.3451180655822838
 0.003974842073391286 0.37272238455478474
 0.005140221965480255 0.3965878779294208
 0.006319325816212733 0.41677321125530026
 0.007512294673467891 0.4335144520326111
 0.008719283689912819 0.44716336238199217
 0.009940462123002527 0.4581010136976617
 0.011175999230192019 0.46668889335601915
 0.012426078373724222 0.4732513609949436
 0.01369082649669039 0.47807448932127855
 0.014970398751757614 0.48141107407115646
 0.016265077234684237 0.48348595143242307
 0.017574988888561516 0.4845000605455311
 0.01890027476126863 0.48463333966053235
 0.02024107590068474 0.48404671127772403
 0.02159781545044737 0.4828832708471687
 0.022970352362677353 0.481268800679342
 0.024358968733133025 0.479312177866856
 0.025763946657572735 0.47710633629338917
 0.027185427183875656 0.4747301908295277
 0.028623692407800133 0.47225119800330406
 0.03007874232934617 0.4697268876953705
 0.03155085904427211 0.46720594805946514
 0.03304032464833629 0.46472915450547203
 0.0345472801894179 0.4623311052951601
 0.0360718667153961 0.46004163902266293
 0.03761436632202923 0.4578848676474114
 0.039175061105075654 0.4558772091944368
 0.04075395106453536 0.454027936780389
 0.04235145934404587 0.4523415382745279
 0.043967585943607175 0.45082022873693334
 0.045602895054735984 0.4494643211471453
 0.0472572456295531 0.44827206765537597
 0.048930919763816895 0.44723891388549936
 0.050624340601164865 0.4463575785253001
 0.05233764918947619 0.4456193639618247
 0.05407098657663006 0.4450163849563068
 0.05582477590626396 0.4445421737286079
 0.057599017178377926 0.44418993090497855
 0.05939399248873027 0.4439512583545949
 0.06121012498095854 0.4438170946754135
 0.06304755570294189 0.443778016898711
 0.06490642570255949 0.44382299881865156
 0.06678715812344886 0.443940147023001
 0.0686898940134892 0.44412058988193887
 0.07061491546843882 0.44436116377325063
 0.07256250458405607 0.4446625158198633
 0.07453294345609932 0.4449673711946371
 0.07652637313244771 0.4454484778852886
 0.0785432167567388 0.44592727813512417
 0.08058361537685171 0.44645573595342575
 0.08264799213642401 0.4470271223380654
 0.08473648808333484 0.44763440596350934
 0.08684938531334256 0.4482714496829499
 0.08898696592220551 0.4489342359222622
 0.0911496530535612 0.449619934985192
 0.093337728803168 0.45032674059955663
 0.09555133421890505 0.45105549489807206
 0.09779075139653072 0.4518099001224199
 0.10005640347968252 0.45259181665771747
 0.10234857256411879 0.4533982505664627
 0.10466754074559789 0.45422654489962605
 0.10701359011987815 0.4550767390644446
 0.1093871438305971 0.45594615835465524
 0.11178834292563392 0.4568306667782561
 0.1142176105486261 0.45773140149569214
 0.11667536984321117 0.4586552237127925
 0.11916176185726833 0.4596090202926493
 0.12167720973443504 0.46059089597303093
 0.12422199557046971 0.4615873188967043
 0.12679654250900982 0.4625818186188518
 0.12940113264581374 0.4635646342050949
 0.13203618912451895 0.46453450359584164
 0.13470185299300466 0.46549349118684175
 0.13739868844278752 0.46644215234063463
 0.1401271186175051 0.46737707372819287
 0.14288714351715737 0.46829780289433104
 0.14567989152477773 0.4692149973288573
 0.1485050805446078 0.4701410302416726
 0.1513627105766476 0.47107791761396167
 0.15425419209968885 0.47201938493575396
 0.15717811463493989 0.4729609181572553
 0.16013729913998406 0.47390408193202527
 0.1631303351360297 0.474850436217126
 0.16615863310186854 0.4757960853425435
 0.16922219303750055 0.4767367925782347
 0.1723224254217175 0.47767149706918294
 0.1754579197757276 0.47859788066998515
 0.1786286760995309 0.47951176393398626
 0.18183751535071083 0.48040970326961585
 0.18508443752926743 0.48129116102987096
 0.1883680321564089 0.482159179572162
 0.19168970971092708 0.4830137017017503
 0.19505088067161355 0.4838471600933053
 0.19845013455967672 0.48464881828054995
 0.20189029233269995 0.4854119268578198
 0.20536994351189158 0.48613368247035244
 0.20888908809725157 0.4867779033863398
 0.21244913656757164 0.4874306906529277
 0.21605149940164356 0.48799445672539954
 0.21969476612067554 0.4885038629602317
 0.22338175768225108 0.48896097444618497
 0.22711106360757846 0.4893696358569188
 0.23088268389665767 0.4897366203292445
 0.2346980290282804 0.4900686528378012
 0.2385585094812384 0.4903692160142862
 0.2424641252555317 0.49063843053359907
 0.24641346587236862 0.4908808337697368
 0.2504107627681242 0.49110586855689004
 0.2544517845064233 0.4913228759305447
 0.2585421730024329 0.49153258525903765
 0.26267769681977776 0.4917323661693616
 0.2668625873948331 0.4919221699665701
 0.2710954342488072 0.4920991953239097
 0.27537764786049174 0.49225405960934615
 0.2797092282298867 0.4923804073449339
 0.28409017535699216 0.4924907037047888
 0.28852331019939154 0.49260923581137656
 0.29300581179950136 0.4927480333656987
 0.2975419115936968 0.49289222272915295
 0.3021287886243945 0.49302681719343655
 0.3067706743279695 0.49315324466058125
 0.31146474774683847 0.49327301268480966
 0.31621241935979305 0.4933860552520746
 0.32101651012441673 0.49349569783021585
 0.3258756095619178 0.4936092754343608
 0.3307897176722962 0.4937449360993935
 0.3357616554131355 0.49392309427167264
 0.3407900123056438 0.4941478723948771
 0.34587760930740474 0.4944029215794759
 0.35102303593962647 0.4946667196350511
 0.3562277026811007 0.49491459978217833
 0.3614916095318276 0.49512700605174376
 0.3668175774493905 0.49529394582066677
 0.37220278547620583 0.4954111885464875
 0.37765146504864894 0.4954744493974384
 0.3831636161667198 0.4954665590664821
 0.38873782835162674 0.495361150886513
 0.3943755120821613 0.4951521163968611
 0.4000794883159071 0.49486034649335275
 0.40584834657407237 0.49450800951433177
 0.41168349733544884 0.4941160890230207
 0.4175849406000365 0.4937112639425394
 0.42355549732541875 0.49331255991121237
 0.42959375703280395 0.49291822305319144
 0.4357011302009838 0.4925025979580452
 0.4418776168299583 0.4920329638060393
 0.44812603787731087 0.49145884648848714
 0.4544463933430416 0.4909107189976915
 0.4608372727483586 0.4902931252431426
 0.4673029075296373 0.48966702657646344
 0.4738418872080858 0.4890394739357203
 0.4804556222624957 0.488429082076248
 0.48714552317165905 0.48786468695471874
 0.4939115899355756 0.4873591727681758
 0.5007538225542455 0.4868802594625738
 0.507675041985252 0.4863877136533666
 0.5146766587073871 0.4858607014192022
 0.5217558517630672 0.4852924191335002
 0.5289168525886674 0.4847170515343235
 0.5361596611841878 0.4841837350415109
 0.5434842775496285 0.4837090162226492
 0.550892112163781 0.483275735675024
 0.5583845755054372 0.482847208238766
 0.5659630780533887 0.48238175850265713
 0.573626209328844 0.48184161729850455
 0.5813767902893864 0.4812332331229011
 0.5892162314138074 0.48057640480940556
 0.5971445327021074 0.47984094222852847
 0.6051616941542862 0.4789909869141664
 0.6132719472067192 0.47800193543836006
 0.6214724709018224 0.4768574871820268
 0.6297660861971799 0.47554458018240725
 0.6381527930927913 0.47406089312427957
 0.6466354125462401 0.47242689532099646
 0.6552139445575266 0.47067765455853133
 0.663889799605442 0.4688470531871596
 0.6726643881687785 0.4669280044408888
 0.6815362997687442 0.46488817065298144
 0.6905097658417141 0.4627728759024326
 0.6995833759088967 0.4606461103376636
 0.7087599509278756 0.4585045500598243
 0.7180394908986505 0.45631007636667126
 0.7274234063000132 0.454049693516988
 0.7369131076107555 0.45171024476548227
 0.746510005309669 0.44926412360192075
 0.7562140993967539 0.44672769752098423
 0.7660282108295934 0.4441002065862346
 0.7759523396081878 0.44130990063780834
 0.7859864857325368 0.43829392937027384
 0.7961348806390158 0.4350434896573489
 0.806396113848833 0.4315145340816757
 0.8167730063195718 0.42760625318437745
 0.8272655580512323 0.4233038053059081
 0.8378751795226062 0.418787887653782
 0.8486032812124852 0.41427259371003733
 0.859451273599661 0.40980197316421535
 0.8704205671629254 0.4059299895928363
 0.88151257238107 0.4007528412120725
 0.8927286997328867 0.39614018816594343
 0.9040689492183753 0.39155105302355964
 0.9155347313163277 0.3869975762714023
 0.9271288669843273 0.3824692211013688
 0.9388527667011659 0.377974284080503
 0.9507050199880517 0.37330750753629083
 0.9626898582813598 0.36826393908918026
 0.9748086920598821 0.36289160655103525
 0.9870601108448266 0.35717129738746645
 0.9994483460725687 0.3509185777507213
 1.0119733977431085 0.34397188310333576
 1.0246366763352377 0.3361188209095637
 1.0374395923277475 0.32740390931809243
 1.0503835561994304 0.31804390189217535
 1.0634713889078695 0.307955973783007
 1.0767030904530646 0.2969670561923451
 1.0900800713138077 0.28494223062479795
 1.1036051524476822 0.27203277431717554
 1.1172783338546879 0.2583770297034583
 1.1311010260136172 0.24396551875577013
 1.1450760498820527 0.22892243337402704
 1.1592048159387864 0.21338241066888705
 1.1734873241838186 0.19744043219065588
 1.1879263955747326 0.18170022023577923
 1.2025234405903198 0.16683882007563006
 1.2172798697093723 0.15227106323058306
 1.2321985038894736 0.13713334522140497
 1.2472779326518317 0.12185326315995501
 1.262522387432822 0.1075589260591743
 1.277933278711236 0.09436144561486882
 1.293510606487074 0.08151462849519141
 1.309258602196711 0.06877663018286216
 1.3251758553613553 0.056306233165277234
 1.3412665974173819 0.04416253030459108
 1.3575322388435829 0.03259613570065659
 1.3739727796399581 0.021823066581871272
 1.3905910407640907 0.011872489182573219
 1.407388432694773 0.002664418627602887
 1.4243720078259632 -0.006457005968475284
 1.441523429933369 -0.01651395915775115
 1.4588723190716164 -0.028099582143296217
 1.4764045704527888 -0.04137941752052877
 1.4941342888648026 -0.055948055142944104
 1.512033264731824 -0.07054773523440667
 1.5301438124176043 -0.08359327462057745
 1.5484377223463095 -0.0938435543254855
 1.5669290993058562 -0.10062912884115723
 1.585617943296245 -0.10254053556469404
 1.6045042543174755 -0.10233520451750884
 1.623588032369548 -0.10196632920220527
 1.6428833822403792 -0.0966877305074825
 1.6623903039299701 -0.08830514204301143
 1.6820805878624852 -0.07724183926794344
 1.7019965484016766 -0.06443572376904091
 1.7221240807596274 -0.0509543287546277
 1.742463184936337 -0.037778159923687965
 1.7629997561438888 -0.02523208101998377
 1.783776108746034 -0.012726830434211
 1.8047499283790214 -0.00021886652606881927
 1.825963529406602 0.011895641650991877
 1.847388702252942 0.02387913857777457
 1.8690395517059581 0.035613154181216036
 1.8909160777656508 0.046591596773272646
 1.9130182804320202 0.05710560299883418
 1.935360264492983 0.06743482511171478
 1.957927925160622 0.07712921296466792
 1.980735367222855 0.08661016235551232
 2.0037825906796813 0.09739344908299573
 2.0270554907431846 0.10997890878619013
 2.050582276989198 0.12164507656297222
 2.0743347398418885 0.12725537070077367
 2.098355193665007 0.12446857406606325
 2.1226013240948016 0.11542884614543256
 2.1471154454950248 0.1048222986859925
 2.1718693482898415 0.09853931068137234
 2.196877137267169 0.09644925364868774
 2.222152917214925 0.09227231769636074
 2.2476684785572743 0.08335455381122711
 2.273452030870052 0.07370739927142496
 2.2995035741532583 0.06322937905993344
 2.3258090036189754 0.05077933393492405
 2.3523965288430375 0.03789793379657899
 2.379237940249611 0.023679612721646856
 2.40636144741453 0.009638763459322498
 2.4337529455498768 -0.0017496288484967852
 2.4614124346556516 -0.008983980545173133
 2.48936812430769 -0.012152677222811022
 2.517591804930156 -0.013677519814238115
 2.546097581310968 -0.017310160962121915
 2.574885453450125 -0.02788683445684243
 2.603969526135545 -0.04494445087261075
 2.6333356945793107 -0.061696097807279804
 2.6629980635693387 -0.0647988498598332
 2.69295663310563 -0.06271668279670119
 2.7232114031881833 -0.06126609733284358
 2.753762373817 -0.051163978795942276
 2.784609544992079 -0.04275883172233376
 2.8157529167134214 -0.026828889502194808
 2.847220698556861 -0.010426681107227005
 2.8789846809465627 -0.06988435711436995
 2.911058968670445 -0.08220822124734284
 2.943443561728507 -0.0956651633219123
 2.9761384601207492 -0.11209704397647327
 3.009157768635089 -0.12807371230793171
 3.042501487271526 -0.14099515829176254
 3.076155511242143 -0.14814957644970522
 3.110133945334857 -0.1437449975022357
 3.1444508943375857 -0.1383218508189489
 3.1790781486744946 -0.1331990942247173
 3.214058022709335 -0.13213426785421306
 3.2493482020783557 -0.1397245452391237
 3.2849910011453085 -0.15015074791831418
 3.3209582103343585 -0.16168458743868064
 3.357263934433423 -0.16620078922488346
 3.3939222782304195 -0.16039541363863896
 3.43091913693743 -0.1524556700541581
 3.468268615342373 -0.1346903992841912
 3.5059566086573306 -0.12200747411242553
 3.544011326458137 -0.11391013829587365
 3.5824045591689586 -0.10158117391061541
 3.6211645163656283 -0.08791405211122673
 3.660277093260231 -0.08609654609034577
 3.6997422898527645 -0.09348377732352689
 3.7395742109311474 -0.10322699026691937
 3.7797869612832975 -0.11689603807781788
 3.8203523313333787 -0.11205058031996565
 3.8612844258693086 -0.10766656226303101
 3.902583244891089 -0.07786868993913848
 3.944262893186635 -0.04249326641003151
 3.9863233707559473 -0.0043983286673242245
 4.028750572811109 0.03706040697352847
 4.071572708927954 0.07968600998618874
 4.114761569530649 0.10665762726309315
 4.158345364195028 0.11214380070009593
 4.202309988133171 0.12497277605157163
 4.246655441345083 0.14528491368978927
 4.2914099334065945 0.15699411817722722
 4.336545254741873 0.15969961867210186
 4.382075510138835 0.16149418992850476
 4.42800069959748 0.16256591198952164
 4.47432082311781 0.16318005656329496
 4.521049985487741 0.1616947608559098
 4.568174081919354 0.15825051790357963
 4.615707217200569 0.14598305494951813
 4.6636493913313855 0.12341666579479958
 4.711986499523885 0.11142798060585242
 4.760746751353903 0.11324107260647005
 4.809916042033522 0.10569810363697353
 4.859494371562741 0.08875155488472866
 4.90949584472948 0.06247244211294566
 4.959906356745818 0.007946681673594306
 5.010725907611758 -0.05732822428001122
 5.061982706903134 -0.10874154136431846
 5.113662649832027 -0.12825532294778888
 5.165751631610521 -0.13325215093569714
 5.218277861814452 -0.14435089166500675
 5.271227235655901 -0.18032726801611199
 5.3245997531348666 -0.19202357790462463
 5.378409519039269 -0.21329437242565535
 5.43264242858119 -0.2638841240731746
 5.487312586548546 -0.3143350931994152
 5.54240588815342 -0.2662236706119199
 5.597950542971646 -0.08961577945798099
 5.653918341427392 0.112251451161742
 5.71033749309649 0.23957363281160193
 5.767193893191023 0.3139606368795434
 5.824473436923075 0.3657260527419173
 5.882204333868479 0.4081540054177854
 5.9403865840272365 0.44612227844623886
 5.999006082611429 0.4812762754539783
 6.058062829621058 0.5141113917328681
 6.117570929844039 0.5447355049534542
 6.177530383280372 0.5731434596160089
 6.237927085142141 0.599314920478393
 6.298775140217264 0.6232491946252728
 6.360074548505739 0.6449766868911143
 6.421811205219649 0.6645602474656309
 6.484013319934829 0.6820916387363805
 6.546652683075445 0.6976848268816923
 6.609757504217331 0.7114689211423845
 6.673299573784653 0.7235811650371495
 6.737292996565326 0.7341608515440204
 6.801751877347272 0.7433446695922271
 6.866648006554652 0.7512632528743859
 6.9320095937633015 0.758039101355268
 6.997822534185304 0.7637851868035666
 7.064086827820659 0.7686046804089067
 7.130802474669368 0.7725907561907295
 7.197969474731429 0.7758274600731538
 7.265587828006843 0.7783897550388834
 7.333671639283526 0.7803447740774846
 7.402192698985647 0.7817524045397557
 7.471179216689036 0.782666032343217
 7.540602982817861 0.7831333785957485
 7.610492206947956 0.7831971359193529
 7.680818679503486 0.7828955942426258
 7.751610610060286 0.7822630999871707
 7.822839789042522 0.781330697432138
 7.89453442602603 0.7298034414923946
 7.96666631143497 0.7786754859892481
 8.039249550057265 0.7770010910425147
 8.112270037104995 0.7751242426323806
 8.185755982153996 0.7730640263926241
 8.259665070840514 0.7708380501361191
 8.334039617528301 0.7684623705733912
 8.408837307853608 0.7659517852130912
 8.484086351392268 0.7633198497367673
 8.55978674814428 0.7605790187616744
 8.635910288533811 0.757740878871653
 8.712471077348777 0.7548159990534345
 8.789469114589178 0.7518142356041296
 8.866904400255015 0.7487445341358382
