 0. 0.
 0.0008439903098742975 0.12290890907006041
 0.002541893316495119 0.36809664432574146
 0.0042597730548153655 0.6137990592130805
 0.005997872157203856 0.8572785296165017
 0.0077563821755307115 1.0943614409073235
 0.009535601079371672 1.3205619460721847
 0.011335741704137986 1.5320169341013778
 0.013157038168782016 1.7259617569326984
 0.014999745875797265 1.9008122259533857
 0.016864120227677217 2.0560301709270914
 0.0187504379104565 2.191909812513457
 0.020658890476005224 2.3093530365191337
 0.022589712043275766 2.4096630579452167
 0.024543328283090613 2.4943675479054535
 0.02651993074731988 2.565080152211465
 0.028519732271374824 2.623398790512954
 0.030542945690666675 2.6708377815348974
 0.03259020951142917 2.7087864154656653
 0.03466131089825108 2.738488543133659
 0.03675667552195488 2.7610380782489483
 0.038876729053363056 2.7773872710210563
 0.04102168432788686 2.7883604848836745
 0.04319196701634878 2.794670583362747
 0.04538757711874882 2.7969355050345266
 0.04760894030590947 2.795692311135561
 0.0498564822486532 2.791409564986518
 0.052130415782391276 2.784497464776209
 0.05443095374253494 2.7753150690981405
 0.056758521799906675 2.7641748609227066
 0.05911354562532897 2.751344571530562
 0.061496025218801834 2.7370529638757652
 0.06390659908655899 2.721497804480746
 0.06634526722860044 2.7048485251725456
 0.06881288098657118 2.6872450883407284
 0.07130922752505993 2.6688047740678007
 0.07383473251488921 2.649633459582471
 0.07639003446229274 2.6298312606678853
 0.07897534620268178 2.6094917583939776
 0.08159088057146754 2.5886983622387754
 0.0842372760748838 2.5675210922451868
 0.08691453271293054 2.5460158677942184
 0.08962307615643023 2.524228350247474
 0.09236354491161664 2.502197377933651
 0.09513615181390098 2.4799552861495844
 0.0979411096986945 2.4575280348656316
 0.10077905707223096 2.43494278836398
 0.10365020676992161 2.4122369041210936
 0.10655498446258888 2.389458235555358
 0.1094938158210553 2.3666612123243587
 0.11246712651614338 2.3438958557066667
 0.11547512938326433 2.321198297958215
 0.11851846292865191 2.2986004814807157
 0.12159733998771732 2.2761413793567393
 0.12471239906669435 2.2538662665871843
 0.1278638530009942 2.2318133018433683
 0.1310521274614394 2.210010323709743
 0.1342776481188524 2.1884793230067072
 0.13754105347946696 2.167235879934741
 0.14084276921410557 2.1462914605539325
 0.14418300815817944 2.1256582531763324
 0.1475621959825111 2.1053476433189804
 0.15098097119333428 2.0853764462716313
 0.15443975946147145 2.065766036606555
 0.1579389864577451 2.046524684560099
 0.16147907785297771 2.0276318731211544
 0.16506067215340306 2.0090539954055737
 0.16868398219443237 1.9907610097445647
 0.17234964648229936 1.9727469628456382
 0.17605830352323776 1.9550478550849786
 0.17981016615265885 1.9377033995039614
 0.1836058728767963 1.9207391125790165
 0.1874458493664727 1.9041701863474287
 0.1913307341279217 1.8880002978058579
 0.19526095283196582 1.8722353325866607
 0.1992371439848388 1.8568818214835021
 0.20325952042195186 1.841933334560183
 0.20732893348494996 1.8273642636494278
 0.2114460216800669 1.8131572439793893
 0.21561078500730263 1.7993143189405159
 0.21982492614994717 1.785823045560207
 0.22408801943717796 1.772667153204167
 0.22840006486899497 1.7598540411902972
 0.23276319079951077 1.7473967873361282
 0.23717526887461285 1.7352911465058256
 0.24164055580252605 1.7235118141856238
 0.246156923229138 1.7120407842273737
 0.25072649950856113 1.7008675231795751
 0.25534928464079537 1.6899682074786557
 0.2600274069799533 1.6793035425999554
 0.26475873817192236 1.6688146080393558
 0.26954327821670254 1.658460355330338
 0.27438528382251887 1.6482239720858356
 0.2792847549893712 1.6380633890405965
 0.28423956336314715 1.6279522744862789
 0.2892518372979592 1.617877719464304
 0.2943237051479197 1.6078318524135689
 0.2994530385589163 1.597808276598993
 0.3046440942391739 1.5878132221038763
 0.30989474383458 1.5778807385800955
 0.3152049873451345 1.5680444378238954
 0.32057695312495005 1.558304868704695
 0.326012769528139 1.5486291919405333
 0.33151030820058885 1.5389949546784623
 0.3370738258505246 1.5293863347848933
 0.3427011941238337 1.5197958796678688
 0.34839241302051627 1.5102549094957045
 0.35414961089468466 1.5007992783116633
 0.3599749161004513 1.4914210940835957
 0.36586832863781626 1.4820635381721283
 0.37182772015266713 1.47268352765513
 0.37785947570734113 1.4632551441652286
 0.38395721023950097 1.4537425410519869
 0.39012943716559645 1.4440924050259996
 0.3963697714232902 1.434230767186296
 0.40268459807491963 1.424132264349458
 0.4090717887663723 1.413835637814337
 0.41553347185176054 1.4033575514348475
 0.4220696473310844 1.3926987127494326
 0.4286803152043439 1.3818627709926905
 0.435369732179764 1.370832333466832
 0.44213364154911966 1.3596394966628287
 0.4489784283747483 1.348349550754899
 0.45589983594842504 1.3370281347413742
 0.4629042493324872 1.325699546297941
 0.4699874118187099 1.3143336625040116
 0.47715145176120555 1.3028670891774843
 0.48440062586819904 1.2912555520570097
 0.49173280578557804 1.2794966169086808
 0.4991479915133424 1.2675703684889705
 0.5066504397597171 1.255445435301367
 0.5142380221705897 1.2431154655282037
 0.521914995454185 1.2305556580063017
 0.5296792312563906 1.2177263336976667
 0.537532857931319 1.2045910955207884
 0.5454758754789701 1.1911192242959732
 0.553512540607569 1.1773297651384413
 0.5616385966088906 1.1632277515906466
 0.5698604285452723 1.1487881766053243
 0.5781780364167141 1.1340538894928556
 0.5865892918691036 1.1191042171110652
 0.595096323256553 1.1039705319876956
 0.6037033872872876 1.0886751591428834
 0.6124083556071946 1.073252523573585
 0.6212133565703868 1.0576918631454912
 0.6301183901768639 1.0419405865581972
 0.6391277131348508 1.02601953362873
 0.6482391970902353 1.0099810201141
 0.6574549703971295 0.99382746046391
 0.6667750330555338 0.977488018135614
 0.6762036417736728 0.9609047298666668
 0.6857407965515465 0.9440769938823523
 0.6953843690350425 0.927011986747896
 0.7051407442864984 0.9097092766837861
 0.7150077939518014 0.8921486333975901
 0.724987646385064 0.874321018616168
 0.7350824299403989 0.8562027246212742
 0.7452921446178058 0.8377028266542053
 0.7556167904172848 0.8188180427093232
 0.7660606240470609 0.7996732420853967
 0.7766257738612464 0.7804736327947668
 0.7873079831516164 0.76134248079719
 0.7981136369805085 0.7423483211803943
 0.8090427353479224 0.7234022457097359
 0.8200952782538582 0.7043686083362417
 0.8312733940524283 0.6851850237325199
 0.8425792110977454 0.6658509462280852
 0.8540148577439215 0.6464538819108218
 0.8655782056368446 0.627113518076112
 0.8772735114847394 0.6077904618679988
 0.8891029036417182 0.5884193478780201
 0.9010663821077812 0.5690353563850211
 0.9131639468829283 0.549632221885421
 0.9254019830294972 0.5303239572273569
 0.9377762338392623 0.5113253351595901
 0.950290956020449 0.49262271876140856
 0.9629461495730572 0.4740969839070133
 0.9757460712053119 0.455799819101092
 0.9886907209172129 0.4378058524356073
 1.0017822270628727 0.42019346735771307
 1.0150227179964035 0.40315103769962607
 1.0284100653636936 0.3868144615336724
 1.0419506542270796 0.3711260441416792
 1.0556423562324493 0.3560306495341506
 1.0694894280880276 0.3415093829663166
 1.0834918697938147 0.32754376892673454
 1.0976518097039227 0.31418869280809303
 1.1119713761724643 0.30152529878833156
 1.1264526975535518 0.2896280486909238
 1.1410957738471852 0.2785611349434676
 1.1559048617615895 0.268355220611519
 1.1708799612967644 0.2590271967185937
 1.1860210724527105 0.25061595069286396
 1.2013345802917648 0.2430511630159936
 1.2168183564598147 0.23632775547075396
 1.2324766576650852 0.23055325769901513
 1.2483094839075763 0.22573103149046977
 1.2643189635414005 0.2217976667913269
 1.2805072249206704 0.21868831629324814
 1.296876396399498 0.21635290912227198
 1.3134286063319962 0.21465064272822146
 1.3301659830722772 0.21333758564961605
 1.3470906549744537 0.21219522528333223
 1.3642026220385253 0.21103519130423595
 1.3815040126186044 0.2096836909141754
 1.3989990834229167 0.20807449066429112
 1.4166899628055738 0.2063159101467048
 1.4345745224124637 0.20466470931317213
 1.4526591473059234 0.20340133393784052
 1.4709459658400657 0.20261527057355216
 1.4894328496607778 0.2021627666506358
 1.5081261838303974 0.20176889097405895
 1.5270259683489242 0.20120548948923814
 1.546134331570471 0.200484621709336
 1.5654534018491497 0.19978610976314323
 1.5849853075390732 0.19914516361760276
 1.6047343053484666 0.19843243768462668
 1.6247003952773291 0.19770270966223294
 1.6448857056797739 0.1973298843995958
 1.6652944932640255 0.19776680737151348
 1.6859267580300838 0.19926059610476618
 1.706784628332062 0.20178034298379213
 1.727872360878184 0.20514662809923434
 1.7491920840225628 0.2086505121458906
 1.7707437977651983 0.21142120467584458
 1.7925317588143155 0.21331467875886753
 1.8145580955240264 0.21465813650569346
 1.836824936248444 0.21576392732095057
 1.859336537695793 0.21704602716667937
 1.882090771511961 0.21893573915869388
 1.9050940227592852 0.2214791627059553
 1.9283484197918779 0.22437006737275517
 1.9518539626097398 0.22707261330055217
 1.9756170362752072 0.2289680694097009
 1.9996355124341685 0.2296322517812086
 2.023915776148961 0.2289411894643433
 2.0484599557736964 0.22715740923555303
 2.0732680513083754 0.22489279579342616
 2.0983443194612224 0.2227019732060095
 2.1236908885863506 0.22081655331829828
 2.1493184004543218 0.21916951895188824
 2.1751991864616738 0.21741199366335218
 2.2013779420447683 0.21524227353780695
 2.2278333836624813 0.21265858983222594
 2.2545867948559364 0.20969703600773879
 2.2815956085428852 0.2065706139888505
 2.3089236753467013 0.20405747811853675
 2.3365284281851353 0.202727739656835
 2.3644311505993114 0.20225614580754586
 2.3926318425892306 0.2019724082875231
 2.4211305041548923 0.2017373235398745
 2.4499271352962966 0.20136869607277774
 2.4790430195545676 0.2006166101668205
 2.508478156929706 0.2002765447424004
 2.538189980339462 0.20094228746908788
 2.5682423404072097 0.2019438563290281
 2.5986139535918245 0.2025429796845134
 2.629304819893306 0.20255254085597202
 2.6602936557705306 0.2028357966522171
 2.6916443118468703 0.20445050418815766
 2.7232929374989534 0.20685317227537217
 2.7553033833501517 0.20867669135116151
 2.787633082318218 0.20912608145263523
 2.8203033179442745 0.20793296162252148
 2.853314090228323 0.20553005091395868
 2.8866653991703637 0.20263773873021992
 2.92037852831152 0.19936503192735727
 2.9544321941106673 0.196275223035116
 2.9888476801089308 0.19445344648511284
 3.0236249863063103 0.19437314350812754
 3.058742829161681 0.19499130838778242
 3.0942437757572927 0.19506072476734254
 3.130085259010895 0.1955287671948472
 3.166331129545863 0.19784131201844457
 3.202917536738822 0.20093680518347998
 3.239908331213146 0.20347551082390058
 3.277260945886586 0.20617765022458953
 3.314996664300266 0.2091557444293375
 3.353136769995311 0.21285449118376404
 3.3916386958894726 0.21627219182702687
 3.4305450090649985 0.21906659278946666
 3.46985570952189 0.22203474939470477
 3.5095495137190214 0.22496137950408832
 3.549668988738642 0.2255680883504633
 3.590171567498503 0.223619513993061
 3.6310998170808535 0.22193394864783245
 3.6724324539445687 0.222064337336903
 3.714169478089649 0.22351104799055857
 3.756353456598343 0.22469842362175432
 3.798941822388402 0.22513289063401293
 3.8419558590009504 0.22685968969905126
 3.8853955664359874 0.23005562557239018
 3.929282228234639 0.23292252072464203
 3.97359456085578 0.23393577035331983
 4.018353847840534 0.2331799113344433
 4.063560089188903 0.23217556713412824
 4.109213284900885 0.23062217813586247
 4.155313434976481 0.22932374371657427
 4.201860539415691 0.2300450639650644
 4.248854598218514 0.23164756301579081
 4.296338178467201 0.2326522046735964
 4.344268713079501 0.23315237956491752
 4.392667485596539 0.23282379666539513
 4.441534496018316 0.23243115357189983
 4.490869744344831 0.2314463322811776
 4.540694514117209 0.22916380342015596
 4.591008805335449 0.22748135357304003
 4.6417913344584285 0.22781827125353232
 4.693063385027269 0.22820008017997376
 4.744846240583098 0.22700500422701433
 4.797097334043666 0.22608272103234064
 4.849880516032344 0.2245899042523017
 4.903131935925761 0.22126671950508833
 4.956915444347289 0.21944312851445247
 5.011188474214681 0.2205242704550641
 5.06597230906906 0.21959004353821404
 5.121288232451549 0.21863967447186144
 5.177114960821027 0.21634382864622448
 5.233473777718617 0.21443124948002557
 5.290343399603193 0.2114069151795711
 5.347766393557006 0.20777268290507434
 5.405700192497806 0.20844051542200923
 5.464187363507841 0.20894167268967345
 5.523206623045989 0.20745852086971614
 5.5827579711122475 0.20419277204304231
 5.642862691247743 0.1994214829041973
 5.7035420669936 0.19497661980852662
 5.7647535312675675 0.19281156549098827
 5.82651836761077 0.19148051762659163
 5.888836576023211 0.19121729830033882
 5.9517294400460115 0.18819329234702056
 6.015196959679172 0.1832735971967519
 6.07921785138157 0.18034199920734612
 6.143834682235452 0.17619310591192267
 6.209004885158571 0.1700910054797558
 6.274771027233175 0.1670737108246788
 6.341111824918139 0.17150995407562827
 6.4080272782134635 0.17816033387543548
 6.475559954201399 0.17858347379568607
 6.543667285799693 0.17205653396481552
 6.612370556549474 0.1645713366761066
 6.681669766450739 0.15775292893672208
 6.751564915503489 0.15209655791343796
 6.82207728724885 0.15111883748688731
 6.893185598145694 0.1509314281973666
 6.964911131735148 0.14667300031021788
 7.037253888017213 0.13987449406888178
 7.110192583450761 0.1289983298189336
 7.183769785118045 0.11645741084557881
 7.2579642094779375 0.1043829250199682
 7.33277585653044 0.09687114171374313
 7.408226009816676 0.08899434404512657
 7.484293385795522 0.07916060313541243
 7.5609779844669776 0.06775675472896074
 7.638322372913291 0.05819860095880702
 7.716305267593339 0.050301542465145864
 7.794905384965996 0.04321284368173739
 7.874165292113513 0.036351553209091975
 7.954063705494763 0.0295850826591794
 8.034600625109746 0.02351125469609984
 8.115797334499588 0.018745024905139594
 8.197632550123165 0.015553547220097032
 8.2801275555216 0.013242106348897446
 8.363261067153768 0.011352389721403013
 8.44707565210192 0.009778551276428033
 8.531528743283808 0.008457121996031885
 8.616662907781675 0.0073354561905885265
 8.702456862054403 0.0063756807810102815
 8.788889322560864 0.005550079090686935
 8.876002856383309 0.004837322233891993
 8.963797463521736 0.004220370483323105
 9.052251860435021 0.003685274378174285
 9.141366047123165 0.003220430123606756
 9.231161307127294 0.002816079645749945
 9.321637640447403 0.002463954393395222
 9.412773763542372 0.002157008668910788
 9.504590959953324 0.0018892138118001994
 9.597089229680257 0.0016553945049173856
 9.69024728918205 0.0014510963715748755
 9.78410770554095 0.0012724773292128425
 9.87862791167471 0.0011162173755131905
 9.973850474665577 0.0009794431827907085
 10.069732827431302 0.0008596645232182231
 10.166296253513009 0.0007547205728619654
 10.263562036451823 0.0006627343490943104
 10.361487609165499 0.0005820736131647912
 10.460115538736279 0.0005113177892712977
 10.559424541623043 0.0004492293820830948
 10.659414617825789 0.00039472955141940734
 10.760085767344519 0.00034687704938865424
 10.861437990179233 0.00030485010968374024
 10.963471286329929 0.0002679307868860926
 11.066206939337732 0.000235491477478546
 11.169602382120395 0.00020698317498998525
 11.273700181760162 0.00018192542109006827
 11.37845777117479 0.00015989746815698891
 11.483917717446527 0.00014053069866021005
 11.59003745349312 0.00012350200272297075
 11.69685954639682 0.00010852803223773535
 11.804341429075379 0.00009536019737102024
 11.912525668611046 0.0000837803209294542
 12.021369697921571 0.00007359683691324642
 12.130894800548079 0.00006464148432602027
 12.241079692949446 0.000056766431391826956
 12.351966942207921 0.00004984174492818182
 12.46349269770013 0.000043753193673455724
 12.575720810049445 0.00003840032639111954
 12.688587428632493 0.00003369478655749077
 12.802135120531528 0.00002955883918482867
 12.916363885746543 0.000025924084948339048
 13.031231157195291 0.00002273032376408527
 13.146758218418901 0.00001992456958716395
 13.262945069417366 0.000017460177919275662
 13.379791710190691 0.00001529608467919508
 13.497298140738875 0.000013396136031084595
 13.615443077520792 0.000011728500310716454
 13.734247804077567 0.000010265150585719886
 13.853669753326953 0.00000898141095100756
 13.973751492351198 0.00000785555641343679
 14.094471737609176 0.000006868460979959127
 14.215830489100888 0.000006003288541970559
 14.337806463285208 0.00000524522022161949
 14.460420943703264 0.000004581214378995104
 14.583652646813931 0.0000039997950635011595
 14.707501572617204 0.0000034908661704207105
 14.83196772111309 0.000003045546712549862
 14.957051092301583 0.000002656026770228742
 15.082751686182686 0.000002315439411747904
 15.209048219215275 0.0000020177487754823223
 15.335919407858224 0.0000017576505418126017
 15.463407819193783 0.0000015304847364538569
 15.591492169680826 0.0000013321586409142323
 15.72015117577823 0.000001159078860825984
 15.849384837485994 0.0000010080913888218056
 15.979193154804122 8.764288191553293E-7
 16.109597411273732 7.616638689056978E-7
 16.240533756271454 6.616682563256675E-7
 16.372044756879536 5.74576547264125E-7
 16.504109129556856 4.987543842630032E-7
 16.636705590762286 4.3277037808997133E-7
 16.769855424036955 3.75371381444666E-7
 16.90353734583973 3.2546075566211516E-7
 17.037772639711747 2.8207920648523344E-7
 17.172497455029625 2.443879444907073E-7
 17.307754358875613 2.1165384013798834E-7
 17.44352206770859 1.8323638451458824E-7
 17.579800581528552 1.585762442946025E-7
 17.71656861679438 1.3718517017395503E-7
 17.853826173506068 1.1863715600948157E-7
 17.99157325166362 1.0256066307042365E-7
 18.12978856772591 8.863180235948509E-8
 18.26847212169294 7.65683410997901E-8
 18.407623913564706 6.61244646756784E-8
 18.54724394334121 5.708615760783089E-8
 18.687289643940204 4.926718586194885E-8
 18.827803582443938 4.250555426547055E-8
 18.968721908229035 3.666041543703918E-8
 19.110087188377747 3.160936402986168E-8
 19.25185685580782 2.7246067163644105E-8
 19.394030910519263 2.3478194511083725E-8
 19.53660935251207 2.0225609029027068E-8
 19.679570898245114 1.741878795292043E-8
 19.822936831259526 1.499744034524661E-8
 19.966664584473055 1.2909304116758298E-8
 20.11077544142682 1.1109097215920247E-8
 20.25522683503858 9.55759927568064E-9
 20.400040048849455 8.220856493460242E-9
 20.54519379931832 7.0694851329678196E-9
 20.690666802904055 6.078065660356181E-9
 20.836480343147777 5.224619130676473E-9
 20.982591852967246 4.490146939778684E-9
 21.12902261590358 3.858233760532921E-9
 21.275751348415657 3.3147025667318266E-9
 21.422735483421228 2.8473117926425435E-9
 21.570017588002543 2.4454979764420828E-9
 21.717512527995098 2.1001466130025056E-9
 21.865433138810143 1.8033982659853529E-9
 22.01356658503644 1.5484771657594623E-9
 22.161700031262733 1.3295446956859371E-9
 22.310259148311513 1.1415710529520808E-9
 22.459031100771536 9.802254728457517E-10
 22.608015888642807 8.417813118132646E-10
 22.757213511925322 7.230322301558175E-10
 22.906411135207836 6.212216479399758E-10
 23.05603442931284 5.339809874086245E-10
 23.205657723417843 4.592764055492289E-10
 23.35570668834534 3.953634980831781E-10
 23.505542817861592 3.407474250421344E-10
 23.655804618200325 2.9415034267469107E-10
 23.806066418539068 2.5448094102276776E-10
 23.95654105428905 2.2081008326479568E-10
 24.107015690039034 1.92352468130426E-10
 24.257490325789014 1.6844454487160967E-10
 24.40817779695025 1.4853718294163622E-10
 24.559078103522715 1.3217941943462694E-10
 24.70997841009519 1.190128854787693E-10
 24.860665881256416 1.0876929011218542E-10
 25.011779023240134 1.0126709122096155E-10
 25.162679329812608 9.641060883601031E-11
 25.313792471796322 9.424210059883416E-11
 25.464692778368796 9.485324936985009E-11
