 0. 0.5152338336702953
 0.0008148466533731023 0.5212947380277351
 0.0016392786781044735 0.5274265267698436
 0.002473408178446298 0.5336300191238501
 0.0033173485542655323 0.5399060435575949
 0.00417121451565801 0.5462554378674374
 0.005035122097701573 0.5526790492870521
 0.005909188675381264 0.5591777345796806
 0.00679353297866042 0.5657523601495501
 0.007688275107727968 0.572403802133244
 0.008593536548390233 0.5791329465111268
 0.009509440187638957 0.5859406892056764
 0.01043611032937484 0.5928279361911681
 0.011373672710304535 0.5997956035989662
 0.012322254516004176 0.6068446178193831
 0.013281984397143991 0.6139759156174088
 0.014252992485895939 0.621190444235439
 0.015235410412503814 0.6284891615063974
 0.01622937132203226 0.6358730359634249
 0.017235009891289253 0.6433430469530113
 0.0182524623459275 0.6509001847429184
 0.019281866477716524 0.6585454506466576
 0.020323361662011614 0.6662798571253029
 0.02137708887538379 0.6741044279119632
 0.022443190713446602 0.6820201981266597
 0.023521811408864668 0.6900282143895088
 0.024613096849541126 0.6981295349503299
 0.025717194597010138 0.7063252297957929
 0.026834253904998807 0.7146163807781646
 0.02796442573819272 0.723004081732824
 0.029107862791187347 0.7314894386079566
 0.030264719507644526 0.740073569578569
 0.03143515209962931 0.7487576051770405
 0.03261931856715325 0.7575426884236621
 0.03381737871792412 0.7664299749389392
 0.035029494187273254 0.7754206330889247
 0.03625582845831278 0.7845158441018579
 0.037496546882277236 0.7937168022021779
 0.03875181669907718 0.8030247147437249
 0.040021807058063456 0.8124408023376464
 0.04130668903899373 0.8219662989864657
 0.042606635673211074 0.8316024522215507
 0.043921821965039916 0.8413505232337453
 0.04525242491338867 0.8512117870125447
 0.04659862353357237 0.8611875324810416
 0.0479605988793488 0.8712790626334552
 0.04933853406517209 0.8814876946813386
 0.050732614288677556 0.8918147601806049
 0.0521430268533674 0.9022616051882885
 0.0535699611915444 0.9128295903912841
 0.05501360888744911 0.9235200912569266
 0.056474163700635314 0.9343344981775191
 0.05795182158957391 0.9452742166112489
 0.05944678073547979 0.9563406672293578
 0.0609592415663714 0.9675352860710336
 0.06248940678137526 0.9788595246791857
 0.06403748137524524 0.9903148502588419
 0.06560367266313237 1.0019027458233656
 0.06718819030558579 1.0136247103503273
 0.06879124633380031 1.0254822589240833
 0.07041305517508945 1.0374769229004581
 0.07205383367861884 1.0496102500536915
 0.07371380114137217 1.0618838047323194
 0.07539317933436353 1.0742991680166565
 0.07709219252909882 1.086857937875508
 0.07881106752428513 1.0995617293245292
 0.08055003367279039 1.1124121745820243
 0.08230932290884957 1.1254109232318104
 0.08408916977552836 1.1385596423831104
 0.08588981145243972 1.151860016831074
 0.08771148778371439 1.1653137492208354
 0.08955444130623072 1.1789225602072155
 0.09141891727809716 1.1926881886232608
 0.09330516370740133 1.206612391641399
 0.09521343138121383 1.2206969449422822
 0.0971439738948592 1.2349436428775082
 0.09909704768144414 1.2493542986402002
 0.10107291204165562 1.2639307444313912
 0.10307182917382196 1.2786748316302972
 0.10509406420424332 1.2935884309618197
 0.10713988521778708 1.3086734326659841
 0.10920956328875117 1.3239317466755618
 0.11130337251200828 1.3393653027762906
 0.11342159003440355 1.3549760507904134
 0.11556449608644244 1.3707659607430065
 0.11773237401424165 1.3867370230377534
 0.11992551031175813 1.4028912486284124
 0.12214419465328914 1.4192306691971828
 0.12438871992625447 1.43575733732891
 0.12665938226425416 1.4524733266841217
 0.12895648108039987 1.469380732178496
 0.13128031910093008 1.4864816701576669
 0.1336312023991017 1.5037782785721734
 0.1360094404293585 1.5212727171621139
 0.1384153460617914 1.5389671676258305
 0.14084923561686563 1.5568638338053968
 0.1433114289004413 1.5749649418579958
 0.14580224923906485 1.5932727404440443
 0.14832202351555812 1.6117895008941647
 0.1508710822048715 1.630517517399913
 0.1534497594102387 1.6494591071824747
 0.1560583928995982 1.6686166106826148
 0.1586973241423154 1.6879923917293405
 0.16136689834617113 1.7075888377271122
 0.16406746449464651 1.7274083598316963
 0.16679937538448592 1.7474533931301297
 0.1695629876635443 1.7677263968186583
 0.17235866186891632 1.7882298543858788
 0.17518676246535472 1.8089662737838583
 0.17804765788395963 1.8299381876156395
 0.18094172056116423 1.8511481533053447
 0.18386932697798952 1.8725987532825026
 0.18683085769959062 1.894292595154384
 0.1898266974150755 1.9162323118844247
 0.192857234977606 1.9384205619708477
 0.19592286344478138 1.9608600296203982
 0.19902398011929642 1.9835534249191014
 0.20216098658986986 2.0065034840169718
 0.2053342887724648 2.0297129692911993
 0.20854429695176707 2.0531846695224734
 0.21179142582294275 2.076921400068559
 0.21507609453366996 2.100926003032667
 0.21839872672643698 2.1252013474338933
 0.22175975058111005 2.149750329372391
 0.22515959885776218 2.1745758722039588
 0.2285987089397782 2.1996809266943664
 0.232077522877204 2.2250684711964266
 0.23559648743037548 2.250741511803959
 0.23915605411379126 2.276703082514435
 0.2427566792402426 2.302956245391082
 0.24639882396519955 2.329504090721062
 0.25008295433144734 2.3563497371661724
 0.2538095413139612 2.3834963319229403
 0.25757906086503424 2.410947050869808
 0.26139199395963797 2.4387050987210053
 0.26524882664102656 2.466773709172157
 0.2691500500665711 2.495156145042728
 0.27309616055381924 2.5238556984224445
 0.2770876596267861 2.5528756908114367
 0.2811250540624675 2.582219473254129
 0.2852088559375642 2.6118904264776046
 0.28933958267542514 2.6418919610199465
 0.29351775709319444 2.6722275173602
 0.2977439074491624 2.7029005660431937
 0.3020185674903156 2.7339146078058514
 0.3063422765000853 2.7652731736846605
 0.31071557934626687 2.796979825144977
 0.3151390265291433 2.8290381541808576
 0.3196131742297662 2.861451783426443
 0.32413858435841386 2.894224366261402
 0.3287158246032153 2.9273595869066313
 0.3333454684789258 2.960861160521626
 0.33802809537585693 2.9947328332907146
 0.34276429060894215 3.0289783825183108
 0.3475546454669539 3.0636016166949545
 0.35239975726182443 3.0986063755871975
 0.3573002293781092 3.133996530303915
 0.362256671322555 3.169775983355718
 0.36726969877376203 3.205948668725505
 0.3723399336319577 3.2425185519152944
 0.37746800406884434 3.279489629999555
 0.382654544577531 3.316865931660548
 0.38790019602252207 3.3546515172374165
 0.39320560568978224 3.3928504787416927
 0.3985714273368271 3.4314669398920996
 0.4039983212428682 3.4705050561241526
 0.40948695425897336 3.509969014603997
 0.41503799985824885 3.5498630342278696
 0.42065213818602115 3.5901913656188515
 0.4263300561100129 3.6309582911137497
 0.43207244727049837 3.672168124739748
 0.43788001213042244 3.7138252121931736
 0.4437534580254852 3.755933930791895
 0.449693499214152 3.79849868943804
 0.45570085692760404 3.841523928560072
 0.46177625941959755 3.88501412005058
 0.46792044201622457 3.9289737671920344
 0.4741341471655565 3.973407404572444
 0.48041812448715376 4.018319598001962
 0.4867731308214442 4.063714944395904
 0.4931999302789158 4.109598071676795
 0.49969929428915516 4.1559736386432355
 0.5062720016496782 4.202846334833353
 0.512918838574545 4.250220880387049
 0.5196405987427565 4.298102025883123
 0.5264380833463941 4.346494552171089
 0.5333121011384931 4.3954032701951835
 0.5402634684806379 4.4448330207926885
 0.5472930093902375 4.494788674498104
 0.5544015555874925 4.5452751313138835
 0.5615899465419987 4.596297320486478
 0.5688590295189967 4.647860200260118
 0.5762096596252322 4.699968757606163
 0.5836426998543881 4.752628007968268
 0.5911590211321138 4.805842994951929
 0.5987595023605633 4.85961879004053
 0.6064450304624843 4.913960492261585
 0.6142165004247797 4.9688732278599534
 0.6220748153415516 5.024362149945517
 0.6300208864565892 5.080432438126408
 0.6380556332052753 5.137089298122603
 0.6461799832558828 5.194337961366833
 0.6543948725502398 5.252183684588158
 0.6627012453437355 5.310631749372166
 0.6711000542446316 5.369687461708571
 0.6795922602526568 5.429356151517481
 0.6881788327968538 5.489643172153707
 0.6968607497726407 5.550553899903874
 0.7056389975780788 5.61209373344249
 0.7145145711492781 5.674268093293263
 0.7234884739949529 5.737082421243712
 0.7325617182300501 5.800542179760394
 0.741735324608454 5.864652851372511
 0.7510103225547144 5.929419938029167
 0.7603877501947607 5.994848960446817
 0.7698686543855814 6.060945457422535
 0.7794540907438195 6.127714985130872
 0.789145123673255 6.1951631163901615
 0.7989428263911269 6.263295439916374
 0.8088482809532758 6.332117559537845
 0.8188625782780439 6.401635093398195
 0.8289868181689151 6.471853673119847
 0.8392221093358316 6.542778942958805
 0.8495695694151741 6.614416558916686
 0.8600303249883376 6.68677218783591
 0.8706055115988759 6.759851506464037
 0.8812962737681672 6.833660200487557
 0.8921037650095509 6.908203963546917
 0.9030291478409066 6.983488496208725
 0.9140735937956082 7.059519504921731
 0.9252382834318261 7.136302700934847
 0.9365244063401196 7.213843799189108
 0.947933161149275 7.292148517173669
 0.9594657555303361 7.371222573762869
 0.9711234061987944 7.451071687999993
 0.9829073389148574 7.531701577876375
 0.994818788481783 7.613117959052058
 1.0068589987421945 7.695326543559781
 1.0190292225723427 7.7783330384701985
 1.0313307218742591 7.862143144520498
 1.043764767565739 7.94676255471696
 1.0563326395681152 8.032196952884954
 1.069035626791738 8.118452012208387
 1.0818750271191462 8.205533393709928
 1.0948521473858333 8.293446744706602
 1.107968303358573 8.38219769723087
 1.1212248197112453 8.471791866402562
 1.1346230299980897 8.562234848772327
 1.1481642766243376 8.65353222062965
 1.1618499108141696 8.74568953625704
 1.1756812925759106 8.838712326161323
 1.1896597906644288 8.93260609525995
 1.2037867825406658 9.027376321016446
 1.2180636543282182 9.123028451557204
 1.2324918007669399 9.219567903722819
 1.247072625163464 9.31700006109888
 1.2618075393386106 9.41533027198832
 1.2766979635715843 9.514563847358714
 1.2917453265409309 9.614706058724842
 1.3069510652621412 9.715762136012051
 1.3223166250218767 9.817737265359932
 1.3378434593087225 9.920636586885326
 1.3535330297404018 10.0244651924128
 1.3693868059874015 10.129228123134872
 1.385406265692897 10.23493036726433
 1.4015928943889635 10.341576857605547
 1.4179481854089493 10.449172469099876
 1.4344736397959625 10.557722016332606
 1.4511707662074187 10.667230250966908
 1.468041080815529 10.777701859159917
 1.4850861072037018 10.889141458920223
 1.5023073762587642 11.001553597415588
 1.5197064260589284 11.114942748242626
 1.5372848017574365 11.229313308642546
 1.5550440554618055 11.344669596678159
 1.5729857461086045 11.461015848353702
 1.5911114393336796 11.5783562146941
 1.6094227073377572 11.696694758781309
 1.6279211287473625 11.816035452732962
 1.6466082884709583 11.93638217464189
 1.6654857775502436 12.057738705465326
 1.6845551930065334 12.180108725866328
 1.7038181376821422 12.303495813017882
 1.7232762200767138 12.427903437341012
 1.7429310541783922 12.55333495921799
 1.7627842592897942 12.679793625641555
 1.782837459848683 12.807282566829677
 1.803092285243288 12.935804792789844
 1.823550369622191 13.06536318983519
 1.844213351698702 13.195960517061877
 1.8650828745496648 13.32759940277326
 1.8861605854086076 13.46028234087053
 1.9074481354531843 13.594011687187274
 1.9289471795868187 13.728789655787438
 1.9506593762144966 13.864618315223055
 1.9725863870126352 14.001499584741525
 1.9947298766929582 14.139435230456073
 2.0170915127603126 14.278426861478001
 2.0396729652643675 14.41847592599917
 2.062475906545121 14.559583707345807
 2.0855020109721605 14.701751319986517
 2.108752954677617 14.844979705508194
 2.132230415282748 14.98926962854542
 2.155936071618087 15.134621672686592
 2.1798716034371184 15.28103623633335
 2.2040386911234005 15.428513528540904
 2.2284390153911153 15.577053564804427
 2.2530742569789513 15.726656162841135
 2.2779460963373133 15.87732093831268
 2.303056213308773 16.029047300549344
 2.3284062868017528 16.181834448222297
 2.353997994457367 16.335681365003968
 2.379833012309399 16.49058681519739
 2.4059130144373664 16.64654933935166
 2.432239672612654 16.803567249845507
 2.458814655937659 16.961638626460175
 2.485639630477936 17.120761311930533
 2.5127162588873073 17.280932907482814
 2.540046200025913 17.442150768362108
 2.567631108571193 17.60441199933816
 2.595472634621754 17.76771345021773
 2.623572423294147 17.932051711332544
 2.651932114312503 18.09742310903812
 2.6805533415910543 18.263823701195427
 2.709437732809506 18.431249272670943
 2.7385869089812944 18.599695330818342
 2.7680024840146977 18.769157100982152
 2.7976860642668364 18.939629521994572
 2.8276392480905512 19.111107241702225
 2.8578636253742076 19.28358461248426
 2.8883607770744097 19.457055686798192
 2.919132274741675 19.631514212749238
 2.950179680039095 19.80695362966789
 2.9815045442540082 19.98336706372828
 3.0131084078027386 20.160747323575173
 3.044992799728422 20.339086896011562
 3.0771592371920087 20.518377941690233
 3.109609224956457 20.698612290860492
 3.1423442548641938 20.879781439160336
 3.175365805307927 21.06187654343784
 3.2086753406948443 21.244888417643228
 3.242274310904319 21.428807528750863
 3.2761641507391626 21.613623992752668
 3.3103462793705467 21.79932757071751
 3.344822099776685 21.985907664888828
 3.37959299817535 22.17335331488541
 3.4146603434503806 22.361653193940025
 3.4500254865722355 22.55079560525092
 3.485689760012784 22.74076847837084
 3.521654477154381 22.931559365736337
 3.557920931693456 23.12315543922123
 3.5944903970386464 23.315543486847286
 3.6313641257037363 23.508709909547953
 3.668543348695471 23.702640718049977
 3.706029274896442 23.89732152987767
 3.743823090443234 24.092737566435748
 3.7819259580999596 24.288873650245858
 3.8203390166274205 24.485714202269243
 3.859063380148037 24.68324323939028
 3.8981001375067974 24.881444371990142
 3.937450351628371 25.080300801707324
 3.9771150588706745 25.279795319275635
 4.0170952683750265 25.47991030257862
 4.057391961413218 25.680627714779682
 4.098006090731635 25.881929102676185
 4.138938579892763 26.08379559515522
 4.180190322614265 26.28620790186758
 4.221762182105955 26.489146312008476
 4.263654990404842 26.692590693342378
 4.305869547708636 26.89652049135519
 4.348406621707908 27.10091472860655
 4.391266946917231 27.305752004284457
 4.434451224005612 27.51101049392687
 4.4779601191264895 27.71666794937553
 4.521794263247651 27.922701698894627
 4.565954251481342 28.129088647538264
 4.610440642414957 28.33580527769034
 4.655253957442582 28.54282764986585
 4.700394680097806 28.750131403679184
 4.745863255388062 28.957691759105607
 4.791660089130964 29.165483517901066
 4.837785547292895 29.37348106533356
 4.884239955330317 29.581658372072493
 4.93102359753409 29.78998899640617
 4.978136716377285 29.998446086625925
 5.0255795118667645 30.20700238372473
 5.073352140899046 30.415630224329448
 5.1214547166207876 30.62430154386213
 5.169887307794281 30.83298788003018
 5.21864993816846 31.041660376506947
 5.267742585855737 31.250289786951303
 5.31716518271519 31.458846479236016
 5.366917613742433 31.66730044001586
 5.416999716466727 31.87562127950956
 5.467411280355634 32.08377823662577
 5.518152046227793 32.29174018430401
 5.569221705674132 32.499475635222005
 5.620619900488116 32.706952747701315
 5.672346222105324 32.91413933198883
 5.72440021105297 33.121002856752376
 5.7767813564096935 33.32751045594718
 5.829489095276205 33.533628935884124
 5.882522812257117 33.739324782684044
 5.9358818389545585 33.944564169972764
 5.989565453473962 34.14931296686839
 6.043572879942484 34.35353674631616
 6.097903288040604 34.557200793646146
 6.152555792547255 34.760270115502514
 6.207529452899085 34.96270944899264
 6.262823272764181 35.164483271208496
 6.318436199630848 35.365555808962895
 6.374367124411797 35.565891048884986
 6.430614881064287 35.76545274775299
 6.487178246226617 35.96420444316164
 6.544055938871486 36.16210946441897
 6.601246619976581 36.35913094379794
 6.658748892212971 36.55523182798214
 6.71656129965159 36.75037488987709
 6.774682327488412 36.944522740622084
 6.833110401788606 37.13763784189567
 6.891843889250176 37.32968251852245
 6.950881096987515 37.520618971263964
 7.0102202723352 37.710409289946995
 7.069859602672553 37.89901546676075
 7.129797215269219 38.086399409882866
 7.190031177152308 38.27252295726196
 7.250559494995322 38.45734789068869
 7.311380115029342 38.64083595008315
 7.372490922976813 38.822948847958315
 7.433889744008193 39.00364828416761
 7.495574342721936 39.18289596077801
 7.557542423147992 39.3606535972136
 7.61979162877526 39.536882945504416
 7.682319542603147 39.711545805818076
 7.745123687217707 39.88460404203753
 7.808201524892402 40.056019597624406
 7.871550457713957 40.22575451152644
 7.935167827733372 40.39377093431776
 7.999050917142464 40.56003114438254
 8.063196948475992 40.724497564311385
 8.12760308483973 40.88713277731717
 8.192266430164484 41.04789954384205
 8.257184029486384 41.20676081816446
 8.322352869253443 41.36367976515108
 8.387769877658599 41.518619777054965
 8.453431924999325 41.671544490330255
 8.519335824063848 41.822417802566626
 8.58547833054412 41.97120388935883
 8.6518561434755 42.11786722129236
 8.718465905703274 42.26237258082809
 8.785304204375896 42.404685079298815
 8.852367571465095 42.54477017375276
 8.919652484312635 42.68259368389022
 8.987155366203847 42.81812180884221
 9.054872586967699 42.95132114398373
 9.122800463603465 43.082158697578315
 9.19093526093371 43.2106019074412
 9.259273192283628 43.3366186573834
 9.32781042018639 43.46017729365707
 9.3965430571145 43.58124664116733
 9.465467166236781 43.69979601962334
 9.534578762200923 43.81579525949407
 9.603873811941245 43.92921471777351
 9.673348235511403 44.04002529364076
 9.742997906941858 44.14819844380903
 9.812818655121625 44.253706197781796
 9.882806264704138 44.35652117278069
 9.952956477036745 44.45661658853344
 10.023264991113557 44.553966281703445
 10.093727464551153 44.64854472017644
 10.164339514586857 44.74032701694185
 10.235096719098978 44.82928894381837
 10.30599461764875 44.91540694473163
 10.377028712543275 44.99865814883605
 10.44819446991922 45.07902038314988
 10.519487320846501 45.156472184994016
 10.590902662451619 45.230992813967084
 10.662435859059954 45.30256226363129
 10.734082243356543 45.371161272808735
 10.805837117564701 45.43677133644944
 10.877695754641856 45.49937471620203
 10.94965339949208 45.55895445043785
 11.021705270194484 45.615494364029786
 11.093846559247087 45.66897907755264
 11.16607243482521 45.71939401615031
 11.23837804205392 45.766725417942766
 11.310758504293752 45.81096034191231
 11.383208924438913 45.85208667547537
 11.455724386227459 45.89009314142099
 11.52829995556244 45.924969304524794
 11.600930681843511 45.95670557757294
 11.67361159930807 45.98529322699514
 11.746337728381294 46.01072437790775
 11.819104077034169 46.03299201878314
 11.891905642148892 46.052090005483024
 11.96473741089065 46.06801306490801
 12.037594362085184 46.08075679806874
 12.110471467601188 46.09031768266942
 12.183363693736824 46.09669307516774
 12.256266002609468 46.09988121236022
 12.329173353547969 23.04994060617939
