 0. 0.
 0.00045709998988886276 0.07000026688217957
 0.0013766738737101593 0.19417658097094914
 0.0023070670332399406 0.30506558753314733
 0.0032484108766851925 0.4039132113002979
 0.00420080914736722 0.4918615629735938
 0.005164423223785829 0.5700247568396308
 0.006139368376298025 0.6395154416792629
 0.0071257714022965124 0.70142316328274
 0.0081237706262097 0.7567761326719206
 0.009133504372465991 0.8065083206960777
 0.010155122492529492 0.8514407922780042
 0.011188728729721509 0.8922769028629023
 0.012234449881434748 0.9296072465602945
 0.013292516488383215 0.9639192431114327
 0.014363032293888217 0.9956082279495297
 0.01544611256830676 1.0249890036787226
 0.016541872581995846 1.0523081110711638
 0.017650658146026493 1.077756678553809
 0.0187723539900417 1.101483118072719
 0.019907190654755463 1.123604540273932
 0.021055398680881805 1.144216563766722
 0.02221709333877773 1.1634010134943678
 0.023392505169157238 1.1812319882604592
 0.02458163417202034 1.1977807435317558
 0.025784710888081038 1.2131186308551616
 0.027001965858053346 1.2273175639249296
 0.028233514352294268 1.2404492304632804
 0.02947947164116081 1.2525842130440756
 0.030740068265366984 1.263791582588179
 0.03201553476562679 1.274137569731931
 0.033305871141940245 1.2836838811729512
 0.03461142320537834 1.2924870014886347
 0.0359321909559411 1.3005997915671188
 0.03726863547505654 1.3080743059045628
 0.03862064149236763 1.314964080797525
 0.03998843954858841 1.3213246716557918
 0.04137237545478988 1.3272108801519495
 0.04277256448132905 1.332671444879553
 0.04418912189856292 1.3377437884090106
 0.04562239351756251 1.342451596481909
 0.04707237933832783 1.3468065991867308
 0.04853930990157286 1.3508145759111863
 0.05002353101836865 1.3544814819337117
 0.05152515795907218 1.3578151700842742
 0.053044305994040454 1.360822921237139
 0.05458132093434451 1.3635100505582274
 0.05613631805034133 1.365880243824762
 0.05770952788274493 1.3679356385908477
 0.05930118097226932 1.3696797041212954
 0.06091150785962853 1.3711217340687831
 0.06254062381517954 1.372278164169566
 0.06418887464999337 1.3731692081474296
 0.06585637563442702 1.3738172866568874
 0.06754347257955151 1.3742489377858598
 0.06925028075572387 1.3744946449364235
 0.07097703070365807 1.3745845977414048
 0.07272395296406814 1.3745449029227077
 0.07449139334802508 1.3743953429600835
 0.07627958239624294 1.3741486610366278
 0.07808863537907867 1.3738119560879072
 0.07991878283724632 1.3733871896528058
 0.0817703705818169 1.3728697909762984
 0.08364362915350439 1.3722511429858093
 0.08553878909302283 1.371526859670871
 0.08745608094108621 1.3707037341112642
 0.08939585050876557 1.369800808178652
 0.0913582130664179 1.368845596880846
 0.09334351442511422 1.3678663432236509
 0.09535210039592552 1.366884859972461
 0.09738408624920886 1.3659145458855697
 0.09943981779603518 1.3649599209362022
 0.10151952557711856 1.3640189952954873
 0.10362355540352998 1.3630875409424352
 0.10575213781598344 1.3621587245844058
 0.10790561862555 1.3612189314648484
 0.11008411310258662 1.3602480637195122
 0.11228808232852132 1.3592273114975562
 0.11451787211442513 1.3581459491070174
 0.11677348246029806 1.3569974089165402
 0.11905583552899614 1.355774406976124
 0.12136470077980537 1.354474856861809
 0.1237000782127257 1.3531077234473956
 0.12606312053132726 1.3516905623040487
 0.12845267503203994 1.3502426188855725
 0.13087104712200387 1.348774748750306
 0.133317084097649 1.347285145101415
 0.13579193866254535 1.345766588810907
 0.13829561081669292 1.3442127089463183
 0.1408292532636618 1.3426167953065433
 0.14339171329988193 1.3409692177820765
 0.14598299092535327 1.339257386229968
 0.14860539154721597 1.3374701609747883
 0.15125891516547 1.3356023161768413
 0.1539424090765453 1.333653667780354
 0.156657025984012 1.3316280824611317
 0.15940391859143999 1.3295263528663073
 0.16218193419525936 1.3273423087050675
 0.1649933782026102 1.3250765159540765
 0.1678370979099224 1.3227413038722255
 0.170713093317196 1.3203486078692195
 0.173622517128001 1.3179008345200296
 0.17656652204590753 1.31540690941105
 0.1795439553673455 1.3128992516874998
 0.18255712249945494 1.3104185158882873
 0.18560487073866594 1.307975343305515
 0.1886872000849784 1.3055465004899072
 0.1918052632419624 1.3031065214187814
 0.19496021291318794 1.300651199911267
 0.1981520490986551 1.2981942338718147
 0.20137961909479382 1.2957451861161484
 0.20464638101231422 1.2932981201981288
 0.2079488767405061 1.290839064176396
 0.21129171709364974 1.288368029453626
 0.214671443961035 1.2859086495038305
 0.21809151545337196 1.2834830711010499
 0.22155077886709063 1.2810939821261333
 0.225050386905761 1.2787277134298614
 0.22859033956938313 1.276365947052459
 0.232170636857957 1.2739965032419092
 0.23579358417862267 1.2716045157388935
 0.2394568761242401 1.2691663299302782
 0.24316397080551938 1.2666763658263913
 0.24691256281532048 1.2641456383701628
 0.25070611026435347 1.261587698846472
 0.25454230774547837 1.2590161037673029
 0.25842230796226506 1.2564299073101413
 0.2623484163218538 1.2538123196037307
 0.26631948012067447 1.2511366187973896
 0.270335499358727 1.2483683910469048
 0.27439877944315166 1.2454731278328488
 0.2785081676703782 1.2424195981651658
 0.2826659694475469 1.2391936683618507
 0.2868710320710876 1.2358166902173318
 0.29112450824457037 1.2323505309655096
 0.29542639796799525 1.2288582279576943
 0.2997790066485023 1.225371480889663
 0.3041800288789514 1.2219090347375776
 0.3086329227700528 1.218497295627479
 0.31313768832180633 1.2151495715226894
 0.31769317283064213 1.2118549666562888
 0.3223005290001301 1.2086090296673533
 0.3269620622374104 1.205397799716232
 0.331676619838913 1.2021519522127282
 0.33644535450820795 1.19878437288338
 0.3412682662452952 1.1952531730612372
 0.3461476604573149 1.1915563137751906
 0.35108238444069695 1.1877233161180005
 0.3560735908990114 1.1838237163738894
 0.36112127983225834 1.1799219370332787
 0.3662277566475778 1.1760359359983636
 0.3713930213449697 1.1721629443829773
 0.3766159212208641 1.1683260675612914
 0.38189991438597126 1.1645613341553118
 0.3872438481367209 1.1608593392642295
 0.3926488751766831 1.1571413114145261
 0.39811614820942814 1.1533017700228738
 0.4036456672349557 1.1492818591382765
 0.40923743225326603 1.1450461479793934
 0.4148937486714991 1.140581787633861
 0.42061576919322496 1.1359215408349348
 0.4264011884113036 1.1311090828875465
 0.4322534644364451 1.1261694812635255
 0.43817259726864943 1.1211062304850046
 0.44415858690791665 1.115917300842952
 0.4502125860578168 1.110583029511421
 0.45633574742191996 1.1050670342681796
 0.46252922370379607 1.099320231122752
 0.46879186219987523 1.0932865743280453
 0.4751259683172974 1.0869222145182933
 0.48153269475963273 1.0802496409881766
 0.48801204152688116 1.073304957236122
 0.4945640086190427 1.0660725899459365
 0.5011920541468275 1.0586005980029252
 0.5078938727030955 1.0509583875414192
 0.5146717696949867 1.043109191645037
 0.5215257451225013 1.0349617257167711
 0.5284581043927792 1.026454074185597
 0.5354688475058206 1.0176743792463054
 0.5425591271651953 1.0087450954081876
 0.5497300960744733 0.9996247079968605
 0.556980601530085 0.9901869555723591
 0.5643141016427401 0.980424908683677
 0.5717294437088687 0.9704213872065662
 0.579228933135611 0.9602679091613824
 0.5868125699229669 0.9500582219450389
 0.5944815067745065 0.9398438041303837
 0.6022368963937997 0.9296428621849468
 0.6100798914844168 0.9194632764789562
 0.6180104920463576 0.9093068134956178
 0.6260310034867622 0.899096451668245
 0.6341414258056307 0.8886705839415939
 0.6423417590029631 0.8779278143065847
 0.6506354611894696 0.8668221815162953
 0.6590213796615799 0.8553016257354937
 0.6675018198264343 0.8433568786000057
 0.6760767816840328 0.8310104837562723
 0.6847474179379455 0.8182701955797972
 0.6935148812917422 0.80513111899025
 0.7023803244489931 0.7916172416661863
 0.7113449001132683 0.7777879336747548
 0.7204097609881379 0.7637017614402649
 0.7295760597771719 0.7493819534160846
 0.7388437964803701 0.7348161490927965
 0.7482141238013027 0.7200382320049183
 0.7576893471471099 0.7051311315154234
 0.7672706192213616 0.6901177769200004
 0.7769567873204879 0.6749775278871732
 0.7867513095551988 0.6596473063195334
 0.7966553386290645 0.6441693239610375
 0.8066677218385147 0.6286836826215523
 0.8167919172942597 0.6132053695528492
 0.8270279249962995 0.5975789802372596
 0.8373768976482043 0.5816911267418647
 0.847839987953544 0.5656158280231153
 0.8584183486158884 0.549350804389562
 0.8691142850423782 0.5329120035039239
 0.8799277972330128 0.5164261545300531
 0.8908600378913627 0.49988134484670954
 0.9019133124245676 0.4833816247544592
 0.9130876208326277 0.46714734205302344
 0.9243841158191133 0.4511541000302806
 0.9358051027911641 0.43526391022138317
 0.9473517344523502 0.41951754563477067
 0.9590240108026719 0.40398822313787686
 0.9708242372492689 0.38869075247399876
 0.9827535664957114 0.373613638013301
 0.9948131512455697 0.35884237514638906
 1.0070052969059837 0.3443534451481139
 1.0193288507733833 0.3299498816471092
 1.0317872709584786 0.31560209711594506
 1.0443817101648398 0.3016146185580173
 1.057112168392467 0.2883326105144043
 1.0699821037520698 0.27563195119032546
 1.082990363540079 0.26314354947271273
 1.096140405867204 0.2509398594256305
 1.1094333834370154 0.23904669954765878
 1.1228692962495128 0.2275988719816053
 1.1364504497118362 0.21686127335309208
 1.1501779965275563 0.20697790396607824
 1.1640577002145227 0.197823075917671
 1.178074575626325 0.18927528120874543
 1.1922528295379342 0.18146022565116418
 1.20658093491365 0.17449472794836698
 1.2210704187891726 0.16830935835584823
 1.2356982270931012 0.16268040765611771
 1.250498940932537 0.1575008381137505
 1.2654495062360798 0.152784337645465
 1.2805614500394291 0.14852009004579375
 1.2958347723425854 0.14460888594440352
 1.3112694731455488 0.14098788906644127
 1.326865552448319 0.1376527735849866
 1.3426345372865964 0.13463213328978896
 1.3585764276603818 0.1319403952141171
 1.3746681694982732 0.12962518928059186
 1.3909443439073725 0.12777547493522326
 1.4073934238519794 0.126373292072779
 1.4240154093320936 0.1252665587694448
 1.4407987733120151 0.12433557153179965
 1.4577780968988445 0.12365367791961145
 1.4749187989854813 0.12332642245882564
 1.492255460679026 0.12326846871709671
 1.5097650279080788 0.1233611699297869
 1.5274590277083389 0.12356451428341057
 1.545337460079807 0.1239550360744217
 1.5634003250224835 0.12461703177880581
 1.581659149572068 0.1255744224775254
 1.6001024066928606 0.12679253757495448
 1.6187416234205616 0.12814274207784757
 1.637576799755171 0.1293830996867507
 1.6565964086609883 0.13027980086710714
 1.6758235042094147 0.13078449456917057
 1.6952350323290488 0.13099460686150727
 1.7148655741269925 0.13095575521055428
 1.7346805484961438 0.13063220533552206
 1.7547145365436048 0.13009631354003487
 1.7749444841979742 0.12963220524965013
 1.7953819184949524 0.12952993782623226
 1.81603836647024 0.12976680769552434
 1.836890774052436 0.13003008572849714
 1.8579621953129415 0.1299903983069831
 1.8792526302517565 0.12941100655346285
 1.9007505518331804 0.1279976164548126
 1.922479014128614 0.1257025370018825
 1.9444149630666567 0.12318206369258412
 1.9665814527187093 0.12097617989672012
 1.9889669560490713 0.11898873491398598
 2.0115714730577423 0.11748944098959618
 2.0344180578161244 0.11673632046451701
 2.0574836562528156 0.11644187074369323
 2.0807797954035165 0.11639274293927115
 2.1043064752682277 0.11635769403673489
 2.128075222882649 0.11581884399495668
 2.1520745112110804 0.1144188190702162
 2.176315867289222 0.11239417988064442
 2.2007992911170744 0.11071672021603327
 2.2255247826946367 0.11048634704382322
 2.2504923420219094 0.11187065078373311
 2.275701969098893 0.11390199938173085
 2.3011536639255867 0.11531130051004837
 2.3268704805733917 0.11551920978329965
 2.352829364970907 0.11485038988256308
 2.3790418441538335 0.11408320955458273
 2.4055079181221712 0.11380714889765485
 2.432227586875919 0.11440289819980037
 2.459212377450779 0.11582780938021858
 2.48646228984675 0.11732547771944955
 2.5139657970281317 0.11863015403401293
 2.541734426030625 0.11986528959848268
 2.56977970388993 0.12066332650009609
 2.5980785765346464 0.12117011801160171
 2.6266656250718747 0.12155153774270785
 2.655506268394514 0.12197136997630564
 2.684635087609666 0.12272115007740718
 2.7140290286459288 0.12287323614206605
 2.7436996185390043 0.12233156062698529
 2.7736583843245914 0.12253614010669625
 2.8038937989669908 0.12430799181481852
 2.8344173895019025 0.1263262527581038
 2.865217628893626 0.1270559774976918
 2.8963175712135625 0.1268239647148078
 2.9276941623903108 0.12646690430747354
 2.9593704564952716 0.12522806119774788
 2.991334926492746 0.12303498496072507
 3.0235875723827315 0.12152281481338009
 3.05613992120093 0.12204023213303894
 3.089003499983043 0.12313278752059516
 3.122155254657667 0.12368803950497093
 3.1556067122605045 0.12162240584150445
 3.1893578727915552 0.11802509461949844
 3.2234202632865188 0.11563925653224015
 3.257793883745396 0.11444826143449383
 3.292467207132486 0.11417149571005453
 3.3274632875191896 0.11492814777162197
 3.3627590708341066 0.11616176594977891
 3.3983776111486375 0.11583068563690053
 3.4343073814270815 0.11360928938287605
 3.4705483816694382 0.11164711405556638
 3.507123665947111 0.11037631611782747
 3.5440101801886956 0.10819736874988205
 3.5812194514298947 0.10412017108676311
 3.618751479670707 0.10000539585379521
 3.656606264911134 0.0974387829789823
 3.694795334186875 0.09525687465717961
 3.73330716046223 0.09336966512811773
 3.772153270772899 0.09056175763916953
 3.8113336651188834 0.08736166697192953
 3.85083681646448 0.08496685722269526
 3.8906857788810933 0.08340647975607923
 3.93086902533302 0.08272910762311499
 3.971386555820261 0.08163301121798469
 4.012249897378517 0.07885507026394722
 4.053447522972087 0.07444392940260125
 4.094979432600972 0.0703273977656575
 4.136868680336572 0.0664679728734949
 4.179103739143187 0.06285967026033643
 4.2216730819851165 0.06118496318334271
 4.264599762933761 0.06294081824905125
 4.307872254953421 0.0663195300058619
 4.351490558044095 0.0689027865691515
 4.3954661992414845 0.06890682708620155
 4.4397876515098895 0.06550559648541589
 4.48446644188501 0.05859306962764203
 4.529491043331144 0.05130267452817792
 4.574884509919695 0.04543005495235963
 4.620623787579261 0.04058782256591983
 4.666731930381242 0.03619282450624904
 4.713197411289939 0.031043105781831736
 4.7600087032696505 0.025270283289871687
 4.807188860391777 0.02068905016307322
 4.854737882656321 0.017378571406568743
 4.90264424302758 0.014551377014964586
 4.9509079415055535 0.012174914055111624
 4.999540505125943 0.010290328876009011
 5.048541933888749 0.008801527271246478
 5.09790070075827 0.007603691314568523
 5.147628332770207 0.006621868985367543
 5.19772482992456 0.005804624081891086
 5.248178665185628 0.005115632983625253
 5.299012892624813 0.004528441791829688
 5.350204458170713 0.004023312006978522
 5.401776415894728 0.00358523489614008
 5.45370571172546 0.0032026212095099347
 5.506003872698607 0.0028664037087392084
 5.558682425849871 0.0025694034833871554
 5.611718317107851 0.0023058736469221868
 5.665134600543945 0.002071163231539025
 5.718919749122457 0.001861468825848021
 5.773073762843384 0.001673646817866342
 5.827596641706727 0.0015050718897087233
 5.882488385712486 0.0013535291190018962
 5.9377489948606605 0.0012171312993009369
 5.993389996186952 0.0010942553064298994
 6.049388335619959 0.0009834930413330715
 6.105767067231081 0.0008836129788850487
 6.162503136948919 0.0007935304956977821
 6.219619598844874 0.0007122842011818536
 6.277093398847543 0.0006390174072145807
 6.334947591028329 0.0005729631784724326
 6.393159121315831 0.0005134323483987544
 6.451751043781449 0.0004598037183828276
 6.510700304353782 0.0004115160032625085
 6.570018430068531 0.0003680610985716535
 6.629693893889995 0.0003289783924521084
 6.689749749889576 0.00029384992691158226
 6.750151416960172 0.0002622962203026462
 6.810933476208884 0.0002339725776484678
 6.87206134652861 0.00020856589869741422
 6.933558081990753 0.0001857918012496278
 6.995423682595312 0.00016539205172081051
 7.057635094270886 0.00014713225891918518
 7.120203844053174 0.0001307997738684598
 7.183129931942179 0.00011620179372784725
 7.2464133579378975 0.00010316361490456839
 7.310054122040333 0.00009152705310717884
 7.374040697213782 0.00008114898938318359
 7.438384610493946 0.00007190003344761276
 7.503062807809426 0.0000636632938497824
 7.568098343231622 0.00005633327778714477
 7.633479689724831 0.00004981484247722319
 7.699206847289055 0.0000440222578908829
 7.765268288888594 0.00003887834324594156
 7.8316755415591475 0.00003431367203420575
 7.898417078265016 0.000030265845253847064
 7.965492899006198 0.00002667883431866776
 8.032903003782696 0.00002350236417822056
 8.100647392594507 0.000020691371374653264
 8.168726065441632 0.000018205489262553217
 8.237127495288371 0.000016008593985105493
 8.305840155099023 0.000014068384415437257
 8.374887098944992 0.000012356001079602931
 8.444256799790573 0.000010845681112246106
 8.513937730600066 0.000009514445189035992
 8.583929891373474 0.000008341812500760085
 8.654233282110795 0.000007309545103095651
 8.724859429847731 0.000006401413220292761
 8.795773753477176 0.000005602987989240045
 8.866999307070538 0.000004901449802455822
 8.938524563592113 0.000004285418547348223
 9.010337996006198 0.0000037447993112215057
 9.082451131348497 0.00000327064428469165
 9.154852442583309 0.000002855028365108582
 9.227553456746332 0.000002490937497964348
 9.300519592730469 0.0000021721681564054952
 9.373773904607116 0.0000018932383330821857
 9.447304865340575 0.0000016493065912689303
 9.521112474930847 0.000001436100523890616
 9.595185206342231 0.000001249852408262137
 9.669523059574725 0.0000010872419885004946
 9.74412603462833 9.453453337658304E-7
 9.818982604467347 8.215893220632912E-7
 9.894092769091776 7.137109365300698E-7
 9.969456528501613 6.197214239284109E-7
 10.045073882696864 5.378740599626854E-7
 10.120921777606123 4.6663575010074577E-7
 10.197023267300793 4.0466175449751664E-7
 10.273343770673772 3.5077329100638074E-7
 10.349906341796464 3.0393770118879155E-7
 10.426687926597461 2.632509170044342E-7
 10.503688525076772 2.2792189791425938E-7
 10.58090813723439 1.9725894264587388E-7
 10.658335236034617 1.70657549394905E-7
 10.735981348513153 1.4758975016713528E-7
 10.813823420598599 1.2759468350560242E-7
 10.891872979326653 1.1027028409844081E-7
 10.970106970625915 9.52659859577889E-8
 11.048536921532085 8.227629279623534E-8
 11.127151305009463 7.103512373777832E-8
 11.20593859402235 6.131086023249755E-8
 11.284910315606442 5.2901979212711535E-8
 11.364043415690343 4.563323850326037E-8
 11.443349421309751 3.9352326922317367E-8
 11.522816805428967 3.392692754718581E-8
 11.602422513976586 2.924215534344008E-8
 11.682189601024016 2.5198302312949943E-8
 11.762071958428447 2.1708882083802612E-8
 11.84218485654689 1.869890728601653E-8
 11.922413025022337 1.6103395493896768E-8
 12.002641193497785 1.3866060039926338E-8
 12.083099902687243 1.1938171238857086E-8
 12.163673882233704 1.0277562700773348E-8
 12.244363132137172 8.84776736918963E-9
 12.325167652397644 7.617264180058568E-9
 12.405972172658117 6.558823543679818E-9
 12.4870072336326 5.648940371925623E-9
 12.56804229460708 4.867339005154269E-9
 12.649307896295573 4.196546226102412E-9
 12.730458227627063 3.621520167742088E-9
 12.811839099672557 3.129329948082206E-9
 12.893219971718056 2.708878550204592E-9
 12.97471611412056 2.3506646021838077E-9
 13.05621225652306 2.0465769117630807E-9
 13.137708398925561 1.7897191895558251E-9
 13.21931981168507 1.5742602016381714E-9
 13.30104649480158 1.395307045782579E-9
 13.382773177918093 1.2487987616696185E-9
 13.4643845906776 1.131417986485396E-9
 13.546226544151118 1.0405192202464763E-9
 13.62795322726763 9.74072198358756E-10
 13.709795180741146 9.306192916790187E-10
 13.791521863857659 9.092347534072604E-10
