 0. 0.
 0.008256603775389783 0.00908163
 0.024866880233183588 0.027352795
 0.04167258542569117 0.045810234
 0.058676092981269364 0.064396837
 0.07587927681704203 0.083031423
 0.09328505191520173 0.10162023
 0.11089550040588611 0.12006974
 0.12871291263224646 0.1382968
 0.14673978715044794 0.15623449
 0.16497862251665563 0.17383395
 0.18343212550004837 0.19106349
 0.20210217001775 0.20790605
 0.2209910464129119 0.22435616
 0.24010291894580915 0.24041696
 0.2594396615335656 0.25609763
 0.279003356306319 0.27141132
 0.2987960853942067 0.28637367
 0.3188240951876416 0.30100173
 0.3390853035564861 0.31531331
 0.3595838747610153 0.3293264
 0.38032397306150445 0.34305857
 0.4013076805880911 0.35652658
 0.4225391616010504 0.36974616
 0.4440184161003824 0.38273215
 0.4657496083463622 0.39549855
 0.48773690259926505 0.40805858
 0.5099823809892284 0.42042462
 0.5324881256463901 0.43260852
 0.5552583008310251 0.44462174
 0.5782970708034086 0.45647507
 0.6016044355635407 0.4681782
 0.625186641501834 0.47973923
 0.6490436886182887 0.49116471
 0.673183905433455 0.50246024
 0.6976052098171952 0.51363108
 0.7223117660297848 0.52468234
 0.7473098204616362 0.53561884
 0.7726014552428871 0.54644489
 0.7981887525036754 0.55716394
 0.8240779586344134 0.56777844
 0.8502690736351014 0.57828991
 0.8767662617660145 0.58869899
 0.9035757694175653 0.59900541
 0.9306996787198917 0.60920819
 0.9581400718031309 0.61930616
 0.9859031950576959 0.62929833
 1.0139911306137241 0.63918364
 1.042408042731491 0.64896042
 1.0711580956712714 0.6586262
 1.100245453693341 0.66817766
 1.1296721989278369 0.67761056
 1.1594445777651718 0.68692028
 1.1895646723354836 0.69610272
 1.220038729029185 0.70515478
 1.2508688299764135 0.71407366
 1.282059139437444 0.72285551
 1.3136138216725524 0.73149499
 1.3455391230721507 0.73998624
 1.3778392078965147 0.74832443
 1.4105161582757813 0.75650588
 1.4435741384702263 0.76452746
 1.4770193948702621 0.77238654
 1.510856091736164 0.78008146
 1.5450883933282071 0.78761154
 1.5797204639066666 0.79497642
 1.6147585498619554 0.80217508
 1.650204733324211 0.80920527
 1.6860652606838462 0.81606376
 1.7223463783312731 0.82274798
 1.7590501683966304 0.82925722
 1.79618287727033 0.83559241
 1.8337486692126477 0.84175552
 1.8717537906139958 0.84774857
 1.9102024057346496 0.8535721
 1.949100760965022 0.85922543
 1.9884509384352502 0.86470873
 2.0282612666658846 0.87002377
 2.0685379920473386 0.87517256
 2.1092811145796118 0.88015585
 2.1505072913038044 0.88497474
 2.192212357959642 0.88963366
 2.234396314547124 0.89413578
 2.277079982367627 0.8984802
 2.320242540119774 0.90266563
 2.363925630406318 0.90669209
 2.408108431925882 0.91055856
 2.4528117659798427 0.91426423
 2.4980356325682 0.91780774
 2.5438008529923293 0.92118872
 2.5900866059508547 0.92441061
 2.6368928914437766 0.92747996
 2.6842613520738463 0.93040437
 2.7321919878410648 0.93319159
 2.780663977444055 0.93585018
 2.829698142184194 0.93838864
 2.879315303362856 0.94081464
 2.929494639678666 0.94313524
 2.9802777937343765 0.94535591
 3.0316439442286107 0.94748274
 3.083593091161369 0.94952318
 3.136146055834027 0.95148241
 3.1893236595479606 0.95336331
 3.243105081001794 0.95516778
 3.2975319627982786 0.95689832
 3.3525834836360393 0.95855831
 3.4082596435150756 0.96015008
 3.4645812637367635 0.96167519
 3.521569165602478 0.96313637
 3.5792233491122207 0.96453661
 3.637522992964615 0.96587773
 3.696530561063788 0.96716129
 3.756183589505612 0.96839054
 3.816565363495591 0.96957107
 3.877613419129598 0.9707095
 3.93939022031176 0.97181192
 4.001874945740701 0.97288378
 4.0650884167177965 0.97393024
 4.129030633243047 0.97495442
 4.193701595316453 0.97595706
 4.259142945540765 0.97693765
 4.3253130413132315 0.97789523
 4.392274346537981 0.97882758
 4.459985218612261 0.9797316
 4.5285081214402 0.98060626
 4.597801412419046 0.98145171
 4.667885912850173 0.98226795
 4.738803265336335 0.98305626
 4.810532648576156 0.9838164
 4.8830740625696345 0.98454696
 4.956469149919523 0.98524815
 5.0306970893244465 0.98592073
 5.105799523387155 0.98656508
 5.181755630806275 0.98718137
 5.258586232883179 0.98776911
 5.336291329617869 0.988327
 5.414912563613099 0.98885469
 5.494408292266113 0.98935388
 5.574840979481039 0.98982696
 5.656210625257881 0.99027593
 5.73849640829526 0.99070265
 5.821719149894553 0.99110815
 5.90592049265851 0.99149193
 5.991079615285757 0.99185351
 6.077217339077669 0.99219414
 6.164333664034246 0.99251586
 6.25247023275824 0.99281987
 6.341606223948275 0.9931064
 6.431762458905727 0.99337597
 6.522938937630596 0.99363036
 6.615177302725633 0.99387197
 6.708477554190839 0.99410245
 6.802818870724838 0.99432222
 6.898263716231758 0.99453121
 6.994791269410222 0.99472958
 7.092422351561605 0.99491761
 7.1911777839872855 0.99509518
 7.291057566687262 0.99526115
 7.392061699661535 0.99541353
 7.494231825512855 0.99555054
 7.597588765542599 0.99567136
 7.702090877148015 0.9957759
 7.807800624233231 0.99586456
 7.914718006798245 0.99593849
 8.022843024843061 0.99599966
 8.13219649966905 0.99605046
 8.242799252577592 0.99609311
 8.35467210487006 0.99612958
 8.467794235245082 0.99616139
 8.582207286305405 0.9961891
 8.697932079352405 0.99621267
 8.814968614386087 0.99623246
 8.933316891406445 0.99624944
 9.053039374317613 0.99626465
 9.174094420516832 0.99627871
 9.29652367260686 0.9962916
 9.420327130587694 0.99630267
 9.545546437062086 0.9963112
 9.672181592030036 0.99631684
 9.80025341679292 0.99631957
 9.929782732652113 0.99631959
 10.060748718306241 0.99631722
 10.19321383765943 0.99631301
 10.327157269410305 0.99630773
 10.462620656161617 0.99630193
 10.599603997913368 0.99629559
 10.738128115966932 0.99628841
 10.878213831623684 0.99628024
 11.019881966185 0.99627111
 11.163132519650883 0.99626159
 11.30800713462408 0.99625318
 11.454505811104596 0.99624758
 11.60262854909243 0.99624485
 11.752437812491706 0.99624322
 11.90391278000105 0.99624087
 12.057095094223216 0.99623777
 12.2119847551582 0.99623608
 12.368602584107382 0.99623898
 12.526969402372135 0.9962478
 12.687106031253835 0.99626029
 12.849033292053859 0.99627211
 13.012772006073583 0.99627877
 13.178342994614383 0.99627713
 13.345746257676256 0.99626661
 13.51500261656058 0.99624806
 13.686153713870107 0.99622206
 13.859220370906215 0.99619082
 14.034181766367524 0.99616093
 14.211100364158163 0.99614098
 14.38999698557951 0.99613526
 14.570850809330185 0.99614231
 14.75372429931432 0.99616025
 14.938617455531912 0.99618562
 15.125551099284339 0.99620876
 15.314546051872973 0.99621891
 15.505623134599194 0.99621526
 15.698823990065753 0.99620855
 15.894148618272649 0.99620854
 16.09161784052126 0.99621602
 16.291273299414332 0.99622828
 16.493114994951867 0.99624276
 16.697163748435248 0.99625937
 16.90346120246722 0.99628395
 17.112028178349156 0.99632263
 17.322864676081064 0.99637559
 17.536012338265692 0.99643915
 17.751491986204414 0.99650606
 17.96932444119861 0.9965668
 18.18955134585103 0.9966132
 18.412151878860293 0.99663734
 18.637188504130535 0.9966353
 18.864682042963125 0.99661157
 19.094632495358066 0.99657405
 19.327102325219485 0.99653162
 19.56207071124601 0.99649343
 19.799600117341765 0.99646162
 20.039711364808124 0.99642962
 20.282404453645093 0.99639427
 20.527721026455414 0.99635847
 20.77568190454047 0.99632908
 21.02639119440714 0.99630741
 21.279578219137537 0.99628237
 21.53568022606055 0.99623934
 21.79448900216243 0.9961676
 22.056212760456926 0.99606884
 22.320435074916528 0.99595206
 22.587780584582504 0.99583336
 22.857832863427344 0.99573774
 23.130800124464802 0.99567015
 23.40668236769488 0.99561389
 23.685479593117577 0.99556323
 23.967191800732895 0.99553643
 24.25202720355459 0.99555039
 24.539985801582667 0.99558984
 24.8306511687896 0.99562469
 25.124647944216672 0.99564884
 25.421767914850122 0.99567126
 25.72201108068995 0.99570165
 26.0251692287224 0.99576074
 26.331866997988744 0.99585707
 26.641479749447708 0.99596581
 26.954632122140563 0.99606088
 27.270907690039806 0.99614067
 27.590514666159173 0.99622664
 27.913453050498685 0.99632699
 28.239722843058335 0.9964436
 28.56953225685188 0.99659546
 28.902673078865554 0.9967606
 29.23935352211313 0.99689115
 29.579573586594602 0.99697399
 29.92312505929621 0.99701757
 30.27042436624547 0.99701916
 30.621055081414866 0.99698169
 30.97564184384568 0.9969436
 31.333560014496626 0.99692748
 31.695434232408985 0.99692627
 32.06084807155524 0.99691863
 32.430009744949146 0.99690867
 32.80312746560447 0.99694674
 33.17978480749368 0.99703515
 33.560398196644314 0.99714569
 33.94496763305636 0.99726709
 34.33328490371605 0.99734984
 34.725766434650915 0.99734647
 35.121995799833435 0.99728847
 35.52238942529113 0.99722605
 35.92673909801023 0.99715429
 36.33504481799074 0.9970991
 36.74772301126019 0.99711233
 37.16435725179105 0.99713216
 37.58515575259708 0.99707754
 38.01011851367828 0.99698254
 38.43945374804841 0.99693933
 38.87295324269371 0.99699283
 39.31082521062794 0.99705326
 39.7530696518511 0.99704745
 40.199686566363184 0.99699729
 40.65067595416421 0.99691253
 41.10603781525415 0.99684387
 41.565772149633034 0.99680463
 42.03029538332836 0.9968009
 42.49919109031261 0.99684615
 42.97266748359955 0.99686478
 43.45072456318918 0.99693339
 43.9333623290815 0.99695246
 44.42078899429026 0.99686318
 44.91300455881548 0.9968004
 45.40980080964338 0.9968833
 45.91138595978772 0.9969998
 46.417968222262274 0.99693975
 46.929131171039515 0.99677378
 47.44549944516071 0.99673739
 47.96644840558461 0.99677338
 48.49260269135246 0.99674668
 49.02354587643676 0.99670709
 49.55948617385127 0.99676855
 50.10063179660974 0.99693927
 50.64677453169841 0.99701729
 51.19812259213106 0.99690335
 51.7544677648939 0.99665775
 52.31622647601447 0.99638657
 52.88298229946524 0.99615386
 53.45515166127373 0.9960103
 54.032526348426195 0.99596141
 54.61510636092261 0.99588325
 55.203099911776754 0.99579819
 55.79671521400239 0.99578446
 56.39553584157198 0.99584694
 56.99977000749928 0.99587203
 57.60941771178432 0.995875
 58.224687167440834 0.99598862
 58.84557837446882 0.99606164
 59.471883119854546 0.99611656
 60.1040178296255 0.99604781
 60.74156607775418 0.99608127
 61.3849442902681 0.99617552
 62.033944254153496 0.99630672
 62.68856596941038 0.99650207
 63.34922586206626 0.99690399
 64.01550750609361 0.99727819
 64.68761911450622 0.99770528
 65.36556068730405 0.99812339
 66.04933222448713 0.99865207
 66.73914193906921 0.9990919
 67.43478161803652 0.99945369
 68.13645947440283 0.99965161
 68.84417550816815 0.99969884
 69.55772150631869 0.99960604
 70.277513894882 0.99936613
 71.0033444608443 0.99903852
 71.7352132042056 0.99875391
 72.47332833797967 0.99857131
 73.21748164915272 0.99846923
 73.96767313772477 0.9984132
 74.72431922972333 0.99838077
 75.48721171213467 0.99836257
 76.25614237194499 0.99835659
 77.03152763518183 0.99836239
 77.81315928883143 0.99837617
 78.60103733289377 0.99839404
 79.39536998038264 0.99841427
 80.19594901828427 0.99843615
 81.00298265961241 0.9984593
 81.8162626913533 0.99848345
 82.63620553953447 0.99850836
 83.4623947781284 0.99853389
 84.2952468331626 0.9985599
 85.13455349162331 0.9985863
 85.98010654049678 0.99861301
 86.83232240581053 0.99863997
 87.69120108756454 0.99866713
 88.55653437274508 0.99869446
 89.42832226135212 0.99872193
 90.30677296639945 0.99874951
 91.19188648788703 0.9987772
 92.08345461280115 0.99880498
 92.98168555415553 0.99883285
 93.88657931195019 0.99886078
 94.79792767317136 0.99888879
 95.71614706384656 0.99891686
 96.64082105794829 0.998945
 97.57236608150403 0.9989732
 98.5103657084863 0.99900146
 99.45502815190883 0.99902979
 100.40656162478541 0.99905818
 101.3645497010885 0.99908665
 102.32940880684562 0.99911517
 103.300930729043 0.99914377
 104.27911546768067 0.99917244
 105.26396302275862 0.99920119
 106.25547339427683 0.99923001
 107.25364658223532 0.99925892
 108.25869079964784 0.9992879
 109.27018962048687 0.99931697
 110.28855947077994 0.99934613
 111.31338392449952 0.99937538
 112.34507940767314 0.99940473
 113.38322949427325 0.99943417
 114.42825061032742 0.99946371
 115.47972632980809 0.99949336
 116.53807307874281 0.99952311
 117.60287443110403 0.99955298
 118.67433859990552 0.99958296
 119.75225737213353 0.99961305
 120.83704717381558 0.99964327
 121.92808336591038 0.99967362
 123.02599058745922 0.99970409
 124.1301441994208 0.9997347
 125.24096062782267 0.99976545
 126.35843987266482 0.99979633
 127.4821655079197 0.99982737
 128.6123457466011 0.99985855
 129.74898058870903 0.99988989
 130.89207003424346 0.9999214
 132.04161408320442 0.99995306
 133.19740452257813 0.9999849
 134.35964956537833 1.0000169
 135.52793278557758 1.0000491
 136.70267060920332 1.0000815
 137.8836548232418 1.0001141
 139.07088542769304 1.0001469
 140.26415420954328 1.0001798
 141.4636693818063 1.000213
 142.66922273146832 1.0002464
 143.88081425852928 1.0002801
 145.0984439629893 1.000314
 146.3221118448483 1.0003481
 147.5518179041063 1.0003824
 148.78735392774954 1.000417
 150.02851170276423 1.0004519
 151.27570765517797 1.0004871
 152.52873357197691 1.0005225
 153.78738124014734 1.0005582
 155.05165065968924 1.0005943
 156.32154183060265 1.0006306
 157.59726296590128 1.0006672
 158.87818942654388 1.0007042
 160.16473763855797 1.0007415
 161.45669938892976 1.0007792
 162.7538664646455 1.0008172
 164.056447078719 1.0008556
 165.36423301813647 1.0008944
 166.67743249591163 1.0009336
 167.99542087300327 1.0009732
 169.31861457543883 1.0010133
 170.64680539020463 1.0010537
 171.97999331730063 1.0010947
 173.31797014371307 1.0011361
 174.66073586944196 1.001178
 176.00829049448728 1.0012204
 177.3604258058353 1.0012633
 178.71714180348602 1.0013068
 180.0784384874394 1.0013508
 181.4443158576955 1.0013954
 182.81435748822676 1.0014407
 184.1889798050607 1.0014865
 185.56755816915606 1.001533
 186.95050900654036 1.0015802
 188.33741589118603 1.0016281
 189.72827882309315 1.0016767
 191.12309780226167 1.001726
 192.52166461567785 1.0017761
 193.92418747635546 1.0018271
 195.33024995826693 1.0018789
 196.74006027442607 1.0019316
 198.15320199880534 1.0019852
 199.56988334441854 1.0020398
 200.98989609825182 1.0020954
 202.41303204729152 1.002152
 203.83949940455133 1.0022097
 205.26888174400378 1.0022686
 206.7013872786626 1.0023286
 208.13680779551404 1.00239
 209.5747268685306 1.0024526
 211.01556092373977 1.0025166
 212.4584771090865 1.0025821
 213.90555755470842 1.0026491
 215.35472013046794 1.0027178
 216.80388270622745 1.0027881
 218.25720954226213 1.0028602
 219.71261850843436 1.0029343
 221.17010960474423 1.0030104
 222.62968283119164 1.0030886
 224.08925605763906 1.0031692
 225.5529935443617 1.0032522
 227.01673103108428 1.0033379
 228.48463277808204 1.0034264
 229.95045239494226 1.0035179
 231.4204362720776 1.0036128
 232.89042014921299 1.0037113
 234.36248615648594 1.0038138
 235.83455216375887 1.0039206
 237.3066181710318 1.0040322
 238.78076630844237 1.0041491
 240.25699657599046 1.0042721
 241.73322684353857 1.004402
 243.2073749809491 1.0045397
 244.68568737863484 1.0046868
 246.16191764618296 1.004845
 247.64023004386863 1.0050164
 249.11646031141677 1.0052254
