 0. 0.
 0.0004903553893676018 0.11488778558326748
 0.0014768310398332774 0.34427561829748027
 0.0024749131008657077 0.5745259998698343
 0.003484742541014286 0.803673556805042
 0.0045064306512390614 1.0285256124752522
 0.005540150550811218 1.245424566061952
 0.006586025896353031 1.4509423760953073
 0.007644192710149004 1.6423090270634966
 0.008714799380145867 1.8175831972603202
 0.00979799429429035 1.975650625207701
 0.010893938206191412 2.1161298194732487
 0.012002742406809097 2.239238901203057
 0.013124542918427913 2.3456532912400645
 0.014259587054292408 2.436369693594923
 0.015407986105362627 2.512585919074676
 0.01656986372826085 2.5756007564247088
 0.01774534357960935 2.626738728141796
 0.018934796629274952 2.6672954089734824
 0.020138099220635385 2.6985027385290947
 0.02135549866693519 2.7215064310708215
 0.02258724228141893 2.737355068589312
 0.023833453720708872 2.7469957745499514
 0.025094380298049567 2.751275365720949
 0.02637002201344102 2.750944511939712
 0.027660626180127774 2.7466643130576216
 0.028966440111354384 2.739015388588408
 0.030287587463743125 2.728506974840951
 0.03162419189391627 2.715584717338911
 0.03297650071511837 2.70063674411318
 0.034344761240593984 2.684000061905826
 0.0357289734703431 2.6659684378305535
 0.03712950837423255 2.6467979427137953
 0.03854636595226234 2.6267095139321293
 0.039980040830921555 2.6058906880336736
 0.041430409353587924 2.5845010863043205
 0.04289771883350601 2.5626796997186605
 0.04438234024054263 2.540549384405563
 0.045884397231320054 2.5182203700326866
 0.047404013462460565 2.495795700425283
 0.048941559903830985 2.473373019908005
 0.05049703655543133 2.4510419695093106
 0.052070690730506124 2.428878066888317
 0.05366289339892221 2.406936015212264
 0.05527376821730186 2.3852463579832106
 0.05690343884226733 2.3638239712541735
 0.05855227624368548 2.342682133004115
 0.060220404078178566 2.3218381058184048
 0.061908069658991136 2.301310326724357
 0.06361552029936775 2.2811179918890243
 0.06534300331255295 2.2612844233293026
 0.06709064235516903 2.241834755655926
 0.06885880839708279 2.222791633829078
 0.07064762509491651 2.2041748100588836
 0.07245746341853702 2.186004050470989
 0.0742884470245666 2.1683004975534965
 0.07614082322624982 2.151084540549868
 0.07801483933683119 2.1343745164785317
 0.07991086632617755 2.11818580664938
 0.08182915150753346 2.1025189855627966
 0.08376981853752119 2.0873552050182496
 0.08573311472938529 2.0726665762360765
 0.0877194110529926 2.058422497242625
 0.08972895482158763 2.0445939841904806
 0.09176199334841496 2.0311567820791763
 0.09381877394671916 2.0180868318423038
 0.09589966758636702 2.0053662707406192
 0.09800479792398083 1.992993440023517
 0.10013453592942742 1.9809719148362575
 0.10228925257257358 1.9692970045392255
 0.10446907151004166 1.957961444327317
 0.1066743637116984 1.9469695874980473
 0.10890537649078842 1.9363386794219344
 0.11116248081717851 1.9260797855015004
 0.11344592400411321 1.9161831527610858
 0.1157560770214594 1.9066249339006232
 0.11809306352583929 1.897379423245858
 0.12045737814374201 1.8884238551104693
 0.12284939184503438 1.8797438885413074
 0.12526910462971644 1.8713297843374528
 0.12771750575076632 1.8631708446740487
 0.13019434789493953 1.8552564574797015
 0.13269963106223603 1.8475753450540409
 0.1352345918188786 1.8401134173077698
 0.13779799359864447 1.8328522101592315
 0.14039230953397916 1.825770523344173
 0.14301630305865992 1.8188449586918083
 0.14567121073890948 1.8120459014452013
 0.14835703257472782 1.8053523498305337
 0.15107500513233776 1.7987571887435259
 0.1538238918455165 1.7922687392756023
 0.15660369271426405 1.7859149667228134
 0.15941688087102593 1.7797220174908026
 0.16226345631580213 1.7736906337601095
 0.1651421824823699 1.7678068537045208
 0.16805429593695198 1.7620687064436782
 0.1710010332457711 1.7564822764636654
 0.17398115784260457 1.7510606298499782
 0.17699714285989784 1.7458160948108352
 0.1800477517314282 1.7407504176418018
 0.1831329844571956 1.735859051049912
 0.18625407760342283 1.7311099119223172
 0.18941226773633266 1.7264403482650863
 0.1926063182897023 1.721812750079418
 0.19583870239597725 1.717224167786818
 0.1991081834889348 1.7126753881762227
 0.2024147615685749 1.7081698575940727
 0.20575967320112035 1.7037097773115957
 0.20914415495279384 1.6993022864204645
 0.21256820682359545 1.6949496778712383
 0.2160305922473024 1.6906406761338229
 0.2195350209225829 1.6863522473323458
 0.2230777831507687 1.682071871367945
 0.22666382519675085 1.677812274319775
 0.2302894373618611 1.6735985233582718
 0.2339583293447677 1.6694449223639145
 0.2376692645792479 1.6653558905741488
 0.2414234796315244 1.6613185353920545
 0.24522097450159722 1.6573046584756115
 0.2490617491894664 1.6532979176168272
 0.2529482768275774 1.6493029561414287
 0.2568780842834848 1.6453196905330967
 0.2608548812558567 1.6413247367820218
 0.26487619461224776 1.6373037787515432
 0.26894573405132616 1.6332583145787067
 0.2730610264406464 1.6291567913074965
 0.2772233083464312 1.6249470251160572
 0.28143505290112614 1.6206182804045277
 0.2856950235385084 1.6162017250816296
 0.290003220258578 1.611715870902354
 0.2943621161937805 1.6071279590100331
 0.29877047477789304 1.6023834076927381
 0.30323076914336117 1.5974472903807857
 0.30774176272396225 1.592335161993169
 0.3123046920859188 1.5871042053324145
 0.31691955722923104 1.581815332176733
 0.3215888312863444 1.576499237867906
 0.3263100411248133 1.5711510198408434
 0.33108689644330613 1.5657500332862015
 0.3359193972418228 1.5603092347889578
 0.3408063069541406 1.5548818601070362
 0.3457488621464822 1.549514959570414
 0.3507495359512932 1.5442235469760597
 0.3558070918023508 1.538969202196254
 0.3609227662658778 1.5336864367320888
 0.36609655934187413 1.528347316006245
 0.37133094416278534 1.52294509437412
 0.37662468416238865 1.517448772798924
 0.38197901590690686 1.5118130834785495
 0.38739393939634 1.5060065957956328
 0.3928719277631334 1.5000199650131123
 0.3984129810072872 1.4938400903236102
 0.40401586256257865 1.487443160987409
 0.40968428212767605 1.4808257141862464
 0.41541700313635654 1.4740265830293235
 0.4212152621548428 1.4670927516487045
 0.4270802957493578 1.4600510087402327
 0.4330121039199014 1.4528962815663797
 0.4390106866664737 1.4456315000701458
 0.44507851712152 1.438313210121685
 0.4512168318512633 1.4309706253294543
 0.457423157723258 1.4235756170378915
 0.46370120443617224 1.416076930319784
 0.47005097199000623 1.4084513856276946
 0.4764724603847598 1.4006898052372498
 0.4829669061866557 1.3927382542734437
 0.4895355459619169 1.384527060929203
 0.4961796162767659 1.3760465342616341
 0.5028978805649801 1.3672850500913627
 0.509692811959005 1.3581920095214939
 0.5165656470250631 1.3487680110482627
 0.5235163857631548 1.339084879116992
 0.5305450281732799 1.3291637594921053
 0.5376552839541067 1.3189854572518966
 0.5448446799731894 1.308527113336169
 0.552115689362974 1.2977241143315557
 0.5594683121234602 1.2865220691511676
 0.5669050213870935 1.2749811166154223
 0.5744258171538742 1.2632516210755527
 0.5820319359900246 1.2514428295337332
 0.5897246144617676 1.23954963572752
 0.5975026160028808 1.2275145418004691
 0.6053696503120319 1.2152923834424618
 0.6133244808229986 1.202807513485053
 0.6213695806682262 1.1899222018220237
 0.6295049498477148 1.1765979368340043
 0.637731824927687 1.1629205088657388
 0.6460514424743656 1.1489763666341741
 0.6544650390539734 1.1347826605000535
 0.6629726146665104 1.1202816859360278
 0.6715766424444221 1.1054483382798461
 0.6802771223877084 1.0903874438605992
 0.6890740544963695 1.0751753959677246
 0.6979711484690736 1.059670755906319
 0.7069671677395979 1.0437164335801028
 0.7160645854403878 1.0273136161518461
 0.7252634015714434 1.0105454509630774
 0.7345648526989875 0.9934508745327921
 0.7439701753892428 0.975967896165007
 0.753480606208432 0.9578207638793682
 0.7630973817227781 0.9388693347695628
 0.7728217384985036 0.9192937561949995
 0.7826549131018312 0.8991905473454626
 0.7925969055327611 0.8785821505191115
 0.8026489523575158 0.8575714840735719
 0.8128135267085411 0.836153968973034
 0.8230918651520598 0.8142065570702834
 0.8334827311218488 0.7918223405532523
 0.8439898343165765 0.7692718145160861
 0.8546144113024657 0.7467084597282843
 0.8653552255132937 0.7240123645506186
 0.8762159866477287 0.7009283001350515
 0.8871966947057707 0.6773784034164474
 0.8982985862536423 0.6534382842849811
 0.9095228978575666 0.6291400585899757
 0.9208708660837659 0.6045847595399416
 0.9323449640646861 0.5799755607048757
 0.9439451918003271 0.5553537974010103
 0.9556727858569115 0.5307591070368045
 0.967530219366885 0.5063438439743615
 0.9795174923302474 0.48244404293927456
 0.9916358413132217 0.4591728258103231
 1.0038877394482533 0.43651704914647893
 1.0162744233015646 0.4145474927387654
 1.0287958928731562 0.39334965226408886
 1.0414546212954734 0.3730282318588539
 1.0542518451347385 0.3535559553939315
 1.0671888009571748 0.33478314225205597
 1.0802679618952278 0.31672102158233084
 1.0934880913826746 0.29943474912202417
 1.1068528991181832 0.2829626945550129
 1.1203636216679767 0.2672630913739561
 1.1340202590320552 0.25243014879478337
 1.1478265209090863 0.23850213571248763
 1.161781170732848 0.22549576458827028
 1.1758879182020083 0.21342449029096358
 1.1901479998827897 0.20233778393840912
 1.2045614157751927 0.19235687073328225
 1.219130639011662 0.18334386123679175
 1.2338569061584215 0.17514881970143142
 1.248746400046584 0.1677404730063768
 1.2637830453152539 0.16113532372841155
 1.2789928098551093 0.15544658733099784
 1.2943633280039226 0.15068000310647306
 1.3099069654239213 0.14672126361138943
 1.32559899079065 0.14340672116406905
 1.3414765010907919 0.1406112073416106
 1.3575147649998913 0.13834918509475735
 1.3737261481801761 0.13656585948577704
 1.3901106506316465 0.1351786827095459
 1.406668272354302 0.13420066077609805
 1.4233990133481431 0.13356939492992834
 1.4403152392753968 0.13323940319253608
 1.4574169501360636 0.13316840891746726
 1.474679414605688 0.13316163833857403
 1.4921397296709529 0.13296295876908812
 1.5097855296696308 0.13245901381856084
 1.5276168146017213 0.13169555300735317
 1.5456212188049976 0.13076305546897787
 1.5638358392661413 0.12975715122880205
 1.5822235789984707 0.1288324952101302
 1.6008215349886676 0.1282624873735369
 1.619604975912278 0.12831537444303118
 1.6385862674315281 0.12892964604075235
 1.657765409546419 0.12967113434420235
 1.6771424022569503 0.13018580538331193
 1.6967296112253496 0.13054058747635391
 1.716514670789389 0.1310237924927951
 1.7365099466112965 0.13175021451489874
 1.756715438691072 0.13254102787653058
 1.7771187813664877 0.13318559247051381
 1.797744705961999 0.1337283803912699
 1.8185684811531506 0.1342071071984015
 1.8396272039266253 0.13425064640890133
 1.8608837772957403 0.13340715982570425
 1.8823752982471782 0.1316318590211654
 1.9040770354564842 0.12930111268191635
 1.9260013545858854 0.12667879311694688
 1.9481606212976095 0.12369684209006307
 1.9705301042672019 0.12061782099842323
 1.993134534819117 0.11817155927655178
 2.0159739129533554 0.1166320512855167
 2.039035873007689 0.11556586665540472
 2.062345146306573 0.11480032765000847
 2.0858770015255526 0.11433491001735985
 2.1096561699890826 0.11413342486326547
 2.1336702860349357 0.11438122436022524
 2.1579193496631115 0.11541942063402029
 2.1824280921980654 0.11726949043107775
 2.2071717823153425 0.11969104931092844
 2.23216278567717 0.12254516811515909
 2.2574011022835476 0.1254554147097053
 2.282899097796704 0.12762701814403377
 2.3086444065544103 0.12886456726725026
 2.3346493942188946 0.1297723763049339
 2.3609140607901575 0.1309289712298096
 2.3874384062681977 0.1324464151508987
 2.4142224306530164 0.13386155870249086
 2.441266133944613 0.1349030808635404
 2.4685695161429875 0.1359319916273849
 2.496157308572595 0.1368796435619617
 2.5240047799089806 0.1371819103544212
 2.5521242958143717 0.13719791931216252
 2.580515856288769 0.13730599735697346
 2.6091794613321713 0.13753487205670537
 2.6381274766068064 0.13842404482989862
 2.667359902112675 0.14011935254581653
 2.696864372187549 0.14204918712499554
 2.726653252493656 0.14411831436647146
 2.7567389086932237 0.1466400285414919
 2.787096609461797 0.149118921339262
 2.817763451786058 0.15065843045735006
 2.848702338679325 0.15113171247920232
 2.87995036712828 0.1510781039664146
 2.911482805808468 0.15129099613786867
 2.9433120203821166 0.15196078355661038
 2.9754503765114535 0.1513804294108965
 3.0078855085342506 0.14896541635630758
 3.040629782112736 0.14689992297583224
 3.0736708315846824 0.14595661264291077
 3.107033388274544 0.1456858396948906
 3.1406927208578663 0.14497908074877028
 3.174673560659104 0.14321727655176483
 3.2089635420160305 0.14039268245204894
 3.243562664928644 0.13774579979622956
 3.278483295059174 0.1365468459597154
 3.3137377980698473 0.13514019518007547
 3.349301442636208 0.13317302450524626
 3.3851865944204844 0.13143263395045543
 3.4213932534226776 0.13005262917518823
 3.4579337853050127 0.1286837649727624
 3.4948081900674914 0.1269590864965737
 3.532004102047886 0.12469674387836585
 3.569546252570651 0.12164064056088095
 3.6074099103113317 0.1179091625863246
 3.6456198065943832 0.11528541868964529
 3.684163575757578 0.11574411082750073
 3.7230412178009153 0.11531175537853276
 3.7622774640488514 0.11382073519341192
 3.8018475831769303 0.11462886156211322
 3.8417639408473803 0.11752602533618615
 3.8820265370602005 0.11969031930780118
 3.922635371815392 0.11927649494589423
 3.9636028107751815 0.11742791164320292
 4.004916488277341 0.11484312660511833
 4.046588769984099 0.11079450367591179
 4.088619655895457 0.10672468582584708
 4.130996780349183 0.10334135938365961
 4.173744874669737 0.10134978145939115
 4.216851573194888 0.09814505649040205
 4.260316875924637 0.09190763384094798
 4.304153148521213 0.08307351284653464
 4.348348025322386 0.07371691368651961
 4.392901506328157 0.06635141510226629
 4.437838322862982 0.061860218803236895
 4.4831461092646325 0.05920368282138457
 4.528812499870881 0.057452082908751964
 4.574862226006183 0.056237902288509584
 4.621282922008311 0.05497510524408111
 4.668074587877264 0.054056494953094704
 4.715249589275271 0.053179516609415306
 4.762795560540104 0.05187735838852405
 4.81072486733399 0.049254757355817934
 4.859025143994701 0.04496604546973556
 4.907721121846693 0.03886032614921732
 4.956788069565512 0.03239194892562601
 5.006250718475611 0.02575531727618377
 5.056096702914763 0.02017511129652973
 5.106313657220741 0.016552623223346167
 5.156926312717999 0.013911836295130833
 5.207934669406539 0.01156942989636614
 5.259326361624131 0.00960865497898707
 5.311101389370777 0.008054674033852387
 5.363272118308704 0.00681737136180881
 5.415838548437912 0.005811686950684273
 5.468788314096173 0.00497998591857499
 5.5221337809457145 0.00428373052583558
 5.575874948986537 0.003695832446999093
 5.6299994525564125 0.0031962987165418608
 5.684532022979797 0.00276981233702605
 5.7394479289322335 0.0024043134321097156
 5.794771901738179 0.0020901132005607987
 5.850479210073178 0.0018193117633365217
 5.906582219599458 0.001585394939833248
 5.963093295979246 0.0013829451858471374
 6.019987707888087 0.0012074267304172412
 6.077290186650437 0.0010550215498337779
 6.134988366604067 0.0009225015730247462
 6.193082247748978 0.000807127181450263
 6.25157183008517 0.0007065656911309156
 6.310457113612643 0.0006188250573341918
 6.369738098331396 0.0005421996783295703
 6.429427149903659 0.0004752256265057147
 6.489499537004974 0.00041664361037289254
 6.549979990959797 0.00036536806356390124
 6.610843780443673 0.0003204614181095813
 6.672115636781059 0.00028111238529369764
 6.733770828647496 0.0002466178049354955
 6.795834087367443 0.00021636727162069935
 6.858280681616443 0.00018983008428600915
 6.9211353427189515 0.00016654425104594485
 6.984373339350513 0.00014610707329348457
 7.048007037173354 0.00012816713685304758
 7.1120240705252495 0.00011241745694405695
 7.176449170730654 0.00009858960267957142
 7.2412452408028845 0.00008644865040564123
 7.3064493777286215 0.00007578884997752158
 7.372024484521185 0.00006642986456019672
 7.43799529250503 0.00005821353453969367
 7.504361801680155 0.00005100108103939584
 7.571099280722106 0.00004467066790721258
 7.63822009529311 0.000039115290245938836
 7.705724245393167 0.0000342409370802165
 7.773611731022278 0.000029964986681009215
 7.841882552180442 0.000026214814949404323
 7.910524343205432 0.000022926568782971392
 7.979549469759474 0.000020044102096973437
 8.048933200518116 0.000017518040981315933
 8.11870026680581 0.000015304964815301682
 8.188838302960331 0.000013366688475659545
 8.259347308981678 0.000011669632126393982
 8.33021491920762 0.000010184267889165474
 8.40145349930039 0.000008884634073149582
 8.473050683597759 0.000007747907155030777
 8.545006472099724 0.000006754025760652713
 8.61732086480629 0.0000058853599414291084
 8.689993861717452 0.000005126419792598478
 8.763025462833214 0.000004463599065569944
 8.836403302491345 0.0000038849489831133205
 8.91011501502962 0.0000033799796607357893
 8.984185331772494 0.00000293948428246077
 9.058601887057737 0.0000025553852418238254
 9.133352315223124 0.0000022205975590142425
 9.208436616268653 0.000001928909324441438
 9.283854790194328 0.0000016748760174756363
 9.35961920266237 0.0000014537274675623873
 9.435692756686104 0.0000012612859261764015
 9.512100183589979 0.000001093893942251616
 9.58882911771177 9.48350902343724E-7
 9.665867193389248 8.218570227704585E-7
 9.743226776284644 7.119642050500914E-7
 9.820895500735725 6.165328873626361E-7
 9.898885732404723 5.336937465210624E-7
 9.977160374304956 4.6181443458180694E-7
 10.055744157760875 3.9947011545209495E-7
 10.134624717110256 3.45417607572876E-7
 10.213802052353095 2.985727454440697E-7
 10.293263797827171 2.579904323811754E-7
 10.373009953532478 2.2284719378039236E-7
 10.453040519469017 1.9242581600450351E-7
 10.533343129974563 1.6610194114555082E-7
 10.613917785049114 1.4333227808141234E-7
 10.69476448469267 1.2364428998372917E-7
 10.775883228905233 1.0662716242171098E-7
 10.857249286362345 9.192389864167494E-8
 10.938887388388464 7.922441024801961E-8
 11.020760437996904 6.825947238536587E-8
 11.102893166512125 5.8795434681185713E-8
 11.185260842609665 5.0629615521318574E-8
 11.267863466289532 4.3586269861610385E-8
 11.350701037551719 3.751307608606098E-8
 11.433761190734002 3.227806866882195E-8
 11.51705629149861 2.7766966592361105E-8
 11.600561608521085 2.3880843883987152E-8
 11.684289507463653 2.0534102901869546E-8
 11.768215257001863 1.7652705710372286E-8
 11.852351222797942 1.51726417204051E-8
 11.93668503918966 1.3038590027585387E-8
 12.021204340514792 1.1202757177297805E-8
 12.105921492435563 9.623871473741336E-9
 12.19081176362752 8.266302930649158E-9
 12.27588751975289 7.099306719405901E-9
 12.361136395149448 6.096361696954868E-9
 12.446533658492733 5.234597771753093E-9
 12.532104041107203 4.494300764235538E-9
 12.617798080343949 3.858483636153998E-9
 12.703739432825246 3.3125128075947566E-9
 12.789804441928819 2.8437885371286814E-9
 12.875869451032392 2.441463615660513E-9
 12.962181773380514 2.0962050171562787E-9
 13.048617752350909 1.7999842807638228E-9
 13.135177387943584 1.5458971753401238E-9
 13.221860680158532 1.3280105840057002E-9
 13.30854397237348 1.141226667476886E-9
 13.39547457783298 9.81167705457085E-10
 13.482405183292476 8.440765317353158E-10
 13.569583101996527 7.26730665680623E-10
 13.656637364078302 6.263683051767935E-10
 13.743938939404625 5.406261474193291E-10
 13.83124051473095 4.674841180369163E-10
 13.918665746679551 4.052186949684178E-10
 14.00609097862815 3.52365430801436E-10
 14.093516210576748 3.0768577008860074E-10
 14.181065099147625 2.7014065497163327E-10
 14.268737644340774 2.3887130842480463E-10
 14.356410189533925 2.1318545343823638E-10
 14.4439590781048 1.9255119556157253E-10
 14.531755279920226 1.7659594411418556E-10
 14.619427825113377 1.6511685377390013E-10
 14.7072240269288 1.5811971985594302E-10
 14.794896572121953 1.556389075481957E-10
