 0.009604071963440288 0.4816128252042723
 0.013522785154054983 0.5511755708771109
 0.017487516736492265 0.6088447666466029
 0.021498938512092603 0.6590460395009157
 0.025557530338956344 0.7027860309965659
 0.02966382006099385 0.7405407083947813
 0.03381838350792554 0.7729464168180971
 0.03802179650947183 0.8006858436677343
 0.042274682881163136 0.8243480693366639
 0.04657747449528979 0.8444187652638071
 0.050930699195762145 0.8613323261634737
 0.0553353166987809 0.875518812946601
 0.05979175887663633 0.8874130201730319
 0.06430050558742881 0.8974309352568184
 0.06886203668925867 0.905936620061518
 0.0734777917564269 0.9132223254525547
 0.07814729093083321 0.9195120662725978
 0.08287149392867824 0.9249907622785084
 0.08765136046616269 0.9298403119329635
 0.09248737040138688 0.934246874529556
 0.09738048345055152 0.9383705455335621
 0.1023306996136566 0.9423103254493124
 0.10733897860690277 0.9461048534289418
 0.11240628014649073 0.9497668915384863
 0.11753308409052082 0.9533093707295079
 0.1227198702970934 0.9567319154182679
 0.12796759848240913 0.9599865744356239
 0.13327722836266867 0.9629655714807882
 0.13864875993787207 0.965535101650818
 0.14408363278232028 0.9676065914627454
 0.14958184689601337 0.9691918747637671
 0.15514532171135267 0.9703990338070607
 0.1607735773702378 0.9713884348669382
 0.16646757358886954 0.9723233432873275
 0.1722287499415488 0.9733313294245871
 0.178057586286376 0.9744903425486637
 0.18395456248145142 0.9758324110121817
 0.1899211181010761 0.9773338482147071
 0.1959572531452501 0.9789136723697354
 0.202063927330174 0.9804730777572097
 0.20824258023014888 0.9819440827556969
 0.21449369170327506 0.9833138862734193
 0.22081774160765288 0.9846372085547297
 0.22721616951758336 0.9860276020175748
 0.2336894552911669 0.9875878968440608
 0.24023855864460403 0.9893348308458406
 0.24686443929409554 0.9911967083608136
 0.25356805695584217 0.9929891521486254
 0.26034989148794413 0.99478607215547
 0.2672113824647025 0.9963184124625292
 0.2741530097442176 0.9976345496269444
 0.2811762129007905 0.998734909542906
 0.28828147179252145 0.9996401546289284
 0.2954697461356112 1.0003841796826785
 0.3027419956462604 1.0009553763519832
 0.3100996598987701 1.0013413774089632
 0.31754369860934095 1.0016072349798693
 0.3250745916360733 1.0018510765111626
 0.3326932986951678 1.0021815229431321
 0.3404012593609255 1.002716411607006
 0.34819943334954717 1.0035456178362236
 0.3560887803772333 1.0046946811605253
 0.3640702601601847 1.0061236141789012
 0.3721453122727023 1.0077413854449773
 0.38031441657288656 1.0094461653530702
 0.38857901263503847 1.0110981809551358
 0.3969405400334589 1.012512139946043
 0.40539947862624837 1.0135758680988627
 0.4139572679877078 1.014357688460188
 0.42261486783403795 1.0150618038869945
 0.4313737177395398 1.015875122954377
 0.44023477742041395 1.01686954187735
 0.4491994864509616 1.018023649955391
 0.45826832468928286 1.019271133074526
 0.46744321156777924 1.0205487778277254
 0.4767255866607517 1.0219127645963575
 0.48611544996820033 1.0235607792540338
 0.4956166403549278 1.0256957018754245
 0.5052281981047334 1.0284006194259454
 0.5149501232176171 1.0315840813606136
 0.5247872142745824 1.0351218459023608
 0.5347346726946258 1.038920998338884
 0.5448020956397542 1.0428932031711282
 0.5549846845289641 1.0469151241990804
 0.565287237943259 1.050933352514261
 0.5757097558826387 1.0552187238790756
 0.5862570369281069 1.0602348933030414
 0.59692428249866 1.0661973698276106
 0.607711492594298 1.0729585271228974
 0.6186282643770278 1.0802078922199714
 0.6296745978468492 1.0876540221761835
 0.6408456944227591 1.0952168363518775
 0.6521463526857607 1.1029651468293808
 0.6635813712168573 1.1106192686833811
 0.6751459514350459 1.1172939350655229
 0.6868496905023328 1.1222416265972233
 0.698687789837715 1.1254343602480348
 0.7106602494411922 1.1270767993396191
 0.722771867893768 1.1288543469403454
 0.7350274437764458 1.130427723364849
 0.747422178508222 1.1328999061046992
 0.7599656692511035 1.1360897976804882
 0.772653117424087 1.1391511154852765
 0.7854845230271725 1.1425805046179611
 0.7984646846413633 1.1469548012856838
 0.8115984008476628 1.1517590930044421
 0.824885671646071 1.1565780530795673
 0.8383216984555847 1.1622757804964323
 0.8519208770192137 1.169333467178725
 0.865668811593948 1.1765912469099566
 0.8795846965038013 1.1837610640094547
 0.8936541360057634 1.191802548856424
 0.9078915258428444 1.2007180251050606
 0.9222920674340409 1.2088673651761217
 0.9368605593603564 1.215313344866543
 0.9515970016217906 1.221552838437825
 0.9665013942183439 1.2278014325860829
 0.9815833343120228 1.2313230084827462
 0.9968332247408207 1.2312381150695821
 1.0122654612477477 1.2301080430161564
 1.027870446670797 1.2314821443851727
 1.0436625767529788 1.2369140926725068
 1.0596322543322865 1.245173512838488
 1.075784277989723 1.254023758891618
 1.0921282448872955 1.2620726634777824
 1.1086593564440006 1.2687040318121812
 1.1253776126598383 1.273999730500887
 1.1422926106968152 1.2793950274102133
 1.159399551973928 1.2862545588604168
 1.1767080336531834 1.2942027901452808
 1.1942132571535782 1.3035049859790189
 1.2119200210561156 1.3160553726689477
 1.2298283253607958 1.3312597009810878
 1.2479477672296257 1.34523224188643
 1.266268749500598 1.354435998723928
 1.2848056679167232 1.356280955377092
 1.3035585224780015 1.3477723175224992
 1.3225225146034292 1.324209967777364
 1.3417024428740099 1.280552816005072
 1.36110790445175 1.2161495643187636
 1.3807341007556466 1.136019999489491
 1.4005858303667031 1.045957887393527
 1.420663093284919 0.9505445631233318
 1.4409754866723015 0.8553065585336449
 1.461518211947847 0.7668272818304236
 1.482296067692559 0.6898816381131926
 1.5033090539064375 0.6247227004096496
 1.5245667677514894 0.5710744040292101
 1.5460692092277144 0.5157527644213213
 1.5678115797541092 0.4633425614461907
 1.5898082750736846 0.4096002256694699
 1.6120544966054362 0.35739295931076615
 1.634555042930368 0.3106899824040015
 1.6573147126294834 0.27081289675844755
 1.680333505702782 0.23667383743224585
 1.7036114221502643 0.20724432182161176
 1.7271580591339366 0.18275524806004284
 1.750978215234803 0.1631758362494163
 1.775062293290856 0.148886071105184
 1.799424689045106 0.1366965322094125
 1.8240654024975533 0.12527318540721266
 1.8489844336481975 0.1137665147048271
 1.874186581078042 0.10216415984922729
 1.8996766433680907 0.09085278179796373
 1.9254594190993464 0.0803043170966455
 1.9515301096908062 0.07088298493272142
 1.9778983123044767 0.06273959480045177
 2.004568825521361 0.055840465421457604
 2.0315416493414595 0.050042338287200276
