 0.0008439903098742975 0.9063085027791746
 0.002541893316495119 0.8848562019324231
 0.0042597730548153655 0.8840233303419257
 0.005997872157203856 0.8856312068099832
 0.0077563821755307115 0.8878110956451941
 0.009535601079371672 0.8900496943978463
 0.011335741704137986 0.8921087944667769
 0.013157038168782016 0.8938573677657374
 0.014999745875797265 0.8952306497097495
 0.016864120227677217 0.8962083174269921
 0.0187504379104565 0.8967975432591658
 0.020658890476005224 0.8970202471878845
 0.022589712043275766 0.8969043409425952
 0.024543328283090613 0.89647952460374
 0.02651993074731988 0.89577634030618
 0.028519732271374824 0.8948258746957021
 0.030542945690666675 0.8936598673653793
 0.03259020951142917 0.8923090680444626
 0.03466131089825108 0.8908016719599396
 0.03675667552195488 0.8891613383405552
 0.038876729053363056 0.8874063883411364
 0.04102168432788686 0.8855508176344473
 0.04319196701634878 0.8836052749026304
 0.04538757711874882 0.8815779348626
 0.04760894030590947 0.8794750720753713
 0.0498564822486532 0.8773026195028412
 0.052130415782391276 0.8750671842711468
 0.05443095374253494 0.8727763936015104
 0.056758521799906675 0.8704378614210427
 0.05911354562532897 0.8680594254593643
 0.061496025218801834 0.8656487324694176
 0.06390659908655899 0.863211337709158
 0.06634526722860044 0.8607489455720945
 0.06881288098657118 0.8582603124779833
 0.07130922752505993 0.855742074519905
 0.07383473251488921 0.8531898017978667
 0.07639003446229274 0.8506008080789343
 0.07897534620268178 0.8479755898783486
 0.08159088057146754 0.8453176130437604
 0.0842372760748838 0.842628665441644
 0.08691453271293054 0.8399048110669161
 0.08962307615643023 0.8371384468778652
 0.09236354491161664 0.8343239351471248
 0.09513615181390098 0.8314602909759446
 0.0979411096986945 0.8285506048881726
 0.10077905707223096 0.8255999687832594
 0.10365020676992161 0.8226129400679539
 0.10655498446258888 0.8195880129764844
 0.1094938158210553 0.8165173734687715
 0.11246712651614338 0.8136272047513211
 0.11547512938326433 0.8102268626357604
 0.11851846292865191 0.8070140526957666
 0.12159733998771732 0.803757198170065
 0.12471239906669435 0.8004541696367049
 0.1278638530009942 0.7971069945929157
 0.1310521274614394 0.793723527036983
 0.1342776481188524 0.7903105169026247
 0.13754105347946696 0.7868683847794591
 0.14084276921410557 0.7833944338859793
 0.14418300815817944 0.7798865364186266
 0.1475621959825111 0.7763441710489208
 0.15098097119333428 0.7727706251568693
 0.15443975946147145 0.7691725483665189
 0.1579389864577451 0.7655573988336954
 0.16147907785297771 0.7619352708814916
 0.16506067215340306 0.7583158112608728
 0.16868398219443237 0.754707800402793
 0.17234964648229936 0.7511180230501243
 0.17605830352323776 0.7475453263586055
 0.17981016615265885 0.7439884205055319
 0.1836058728767963 0.740451372472521
 0.1874458493664727 0.736936691051288
 0.1913307341279217 0.7334433423037664
 0.19526095283196582 0.7299713543823698
 0.1992371439848388 0.7265217576850724
 0.20325952042195186 0.7230956436990353
 0.20732893348494996 0.7197040584529514
 0.2114460216800669 0.7163710136862114
 0.21561078500730263 0.7131142303870931
 0.21982492614994717 0.7099309256601367
 0.22408801943717796 0.7068083402099381
 0.22840006486899497 0.7037455588573986
 0.23276319079951077 0.7007505522904777
 0.23717526887461285 0.6978119238542054
 0.24164055580252605 0.6949072977992977
 0.246156923229138 0.6920338258964737
 0.25072649950856113 0.6892000018947054
 0.25534928464079537 0.6864298519609819
 0.2600274069799533 0.6837568002639725
 0.26475873817192236 0.6811907986275588
 0.26954327821670254 0.6787165528231892
 0.27438528382251887 0.6763097993000915
 0.2792847549893712 0.6739439051143864
 0.28423956336314715 0.6715724989754035
 0.2892518372979592 0.6691645652536637
 0.2943237051479197 0.6667281045107933
 0.2994530385589163 0.6642960264859957
 0.3046440942391739 0.661904976656646
 0.30989474383458 0.6595918139994895
 0.3152049873451345 0.6576216248532749
 0.32057695312495005 0.655281956260434
 0.326012769528139 0.6532630394845299
 0.33151030820058885 0.6513144479775576
 0.3370738258505246 0.6494387030588752
 0.3427011941238337 0.64763348256505
 0.34839241302051627 0.6458946752116019
 0.35414961089468466 0.6442302765507992
 0.3599749161004513 0.6426497752855616
 0.36586832863781626 0.6411548036548064
 0.37182772015266713 0.6397235520478525
 0.37785947570734113 0.6383293350430096
 0.38395721023950097 0.6369555601237097
 0.39012943716559645 0.6355776500105788
 0.3963697714232902 0.6341840920165573
 0.40268459807491963 0.6327686504009863
 0.4090717887663723 0.6313194666980488
 0.41553347185176054 0.6298520435965727
 0.4220696473310844 0.6283787026976212
 0.4286803152043439 0.6268650603082496
 0.435369732179764 0.6252855605161654
 0.44213364154911966 0.6236878339874493
 0.4489784283747483 0.6221578653183204
 0.45589983594842504 0.6207286674938329
 0.4629042493324872 0.6193489735849096
 0.4699874118187099 0.6179912702902736
 0.47715145176120555 0.6166572894852417
 0.48440062586819904 0.6153699391338151
 0.49173280578557804 0.6141584186420576
 0.4991479915133424 0.6130112108597857
 0.5066504397597171 0.6118998506318197
 0.5142380221705897 0.6107928441704346
 0.521914995454185 0.6097292636402751
 0.5296792312563906 0.608795177323399
 0.537532857931319 0.608024050286598
 0.5454758754789701 0.607362115947901
 0.553512540607569 0.6066927616701476
 0.5616385966088906 0.6059227309741578
 0.5698604285452723 0.6050987403699705
 0.5781780364167141 0.6043546808750584
 0.5865892918691036 0.6036962498168481
 0.595096323256553 0.6030095146406643
 0.6037033872872876 0.6021877922171217
 0.6124083556071946 0.6011952320134417
 0.6212133565703868 0.600053449697564
 0.6301183901768639 0.5987972601853562
 0.6391277131348508 0.5975215559575895
 0.6482391970902353 0.5962724046293637
 0.6574549703971295 0.5949619801739083
 0.6667750330555338 0.5935196017674867
 0.6762036417736728 0.5921487157974722
 0.6857407965515465 0.5905974012277401
 0.6953843690350425 0.5893703888215143
 0.7051407442864984 0.5883165875312704
 0.7150077939518014 0.5873331959083448
 0.724987646385064 0.5863752917480575
 0.7350824299403989 0.5854055426952292
 0.7452921446178058 0.5843427896082248
 0.7556167904172848 0.5830389548852425
 0.7660606240470609 0.5813303856309202
 0.7766257738612464 0.5792974802053699
 0.7873079831516164 0.5771692149829641
 0.7981136369805085 0.5749275006317008
 0.8090427353479224 0.5723801869569367
 0.8200952782538582 0.5694508897393814
 0.8312733940524283 0.5662816319984487
 0.8425792110977454 0.5630243239380887
 0.8540148577439215 0.5596911374275729
 0.8655782056368446 0.5559358009568517
 0.8772735114847394 0.5514837573295908
 0.8891029036417182 0.5462970286679146
 0.9010663821077812 0.5405220275357008
 0.9131639468829283 0.534352623402208
 0.9254019830294972 0.5277227879821947
 0.9377762338392623 0.5205038946559941
 0.950290956020449 0.5124583751010678
 0.9629461495730572 0.5034896850839027
 0.9757460712053119 0.4941521786672161
 0.9886907209172129 0.48478926227201896
 1.0017822270628727 0.4749097417202304
 1.0150227179964035 0.46407615163471905
 1.0284100653636936 0.4523054760008843
 1.0419506542270796 0.43982476297651046
 1.0556423562324493 0.4270579226939366
 1.0694894280880276 0.4143889666405812
 1.0834918697938147 0.4012231830540384
 1.0976518097039227 0.3863768070627404
 1.1119713761724643 0.3691810724778351
 1.1264526975535518 0.3497135249813624
 1.1410957738471852 0.3288120169721598
 1.1559048617615895 0.3069018510491443
 1.1708799612967644 0.28352292226358794
 1.1860210724527105 0.25846538399871366
 1.2013345802917648 0.23210653730562705
 1.2168183564598147 0.2057613960942163
 1.2324766576650852 0.1810719081614719
 1.2483094839075763 0.15823136009856462
 1.2643189635414005 0.1367929423132497
 1.2805072249206704 0.11686377708071798
 1.296876396399498 0.0987063781197047
 1.3134286063319962 0.06846938686131374
 1.3301659830722772 0.06918652676400344
 1.3470906549744537 0.05967645794364207
 1.3642026220385253 0.0534924292696759
 1.3815040126186044 0.04881673725248237
 1.3989990834229167 0.044588225707276295
 1.4166899628055738 0.0408278499448052
 1.4345745224124637 0.03748892413362231
 1.4526591473059234 0.03511644992668168
 1.4709459658400657 0.03332273403107996
 1.4894328496607778 0.030293704639840484
 1.5081261838303974 0.026130871835743672
 1.5270259683489242 0.022704722760605943
 1.546134331570471 0.02083534019036839
 1.5654534018491497 0.01951858939338623
 1.5849853075390732 0.017193825100373424
 1.6047343053484666 0.012329279681920663
 1.6247003952773291 0.005104476059994683
 1.6448857056797739 -0.002214170993334927
 1.6652944932640255 -0.009598740131624699
 1.6859267580300838 -0.022247306715069987
 1.706784628332062 -0.046518949358247255
 1.727872360878184 -0.0638693173323511
 1.7491920840225628 -0.10186234280978994
 1.7707437977651983 -0.10429374400960639
 1.7925317588143155 -0.08578127513378776
 1.8145580955240264 -0.06919911301747927
 1.836824936248444 -0.05768059852973832
 1.859336537695793 -0.04846833204225922
 1.882090771511961 -0.040615411117045315
 1.9050940227592852 -0.03291887627972035
 1.9283484197918779 -0.02465614441917897
 1.9518539626097398 -0.015688859968370265
 1.9756170362752072 -0.005390323172403422
 1.9996355124341685 0.0037563924309045073
 2.023915776148961 0.007460648926833397
 2.0484599557736964 0.005499605359654272
 2.0732680513083754 0.00044023616331865525
 2.0983443194612224 -0.005373885839007725
 2.1236908885863506 -0.011268521966898362
 2.1493184004543218 -0.017287695039562952
 2.1751991864616738 -0.02428632965037128
 2.2013779420447683 -0.03451983961607762
 2.2278333836624813 -0.049866488362264004
 2.2545867948559364 -0.07006278794836912
 2.2815956085428852 -0.09355869207297098
 2.3089236753467013 -0.11765836401840439
 2.3365284281851353 -0.1407788113925579
 2.3644311505993114 -0.16441962842534064
 2.3926318425892306 -0.16930809829787755
 2.4211305041548923 -0.17424429118049956
 2.4499271352962966 -0.19338285895700924
 2.4790430195545676 -0.21348260568964902
 2.508478156929706 -0.21624836731450003
 2.538189980339462 -0.223958655547241
 2.5682423404072097 -0.2295650061009687
 2.5986139535918245 -0.22826472619572075
 2.629304819893306 -0.22256045163169869
 2.6602936557705306 -0.21296887823729704
 2.6916443118468703 -0.20177653658255082
 2.7232929374989534 -0.19438301187887663
 2.7553033833501517 -0.18797485952341123
 2.787633082318218 -0.18331322904433964
 2.8203033179442745 -0.18942385506394863
 2.853314090228323 -0.2171574477230286
 2.8866653991703637 -0.2787360734694941
 2.92037852831152 -0.40414023346375966
 2.9544321941106673 -0.6339127133758119
