 0.0005593197229443525 8.1805292E-8
 0.0016845348209600908 0.0000013037922
 0.002822988672914983 0.000005879467
 0.003974842073391286 0.000016274985
 0.005140221965480255 0.000034809371
 0.006319325816212733 0.000063287893
 0.007512294673467891 0.00010272541
 0.008719283689912819 0.00015323885
 0.009940462123002527 0.00021410954
 0.011175999230192019 0.00028396377
 0.012426078373724222 0.00036100535
 0.01369082649669039 0.00044324556
 0.014970398751757614 0.00052869639
 0.016265077234684237 0.00061551202
 0.017574988888561516 0.00070207792
 0.01890027476126863 0.00078705542
 0.02024107590068474 0.00086939193
 0.02159781545044737 0.0009483069
 0.022970352362677353 0.0010232625
 0.024358968733133025 0.001093926
 0.025763946657572735 0.0011601307
 0.027185427183875656 0.0012218385
 0.028623692407800133 0.0012791072
 0.03007874232934617 0.0013320638
 0.03155085904427211 0.0013808836
 0.03304032464833629 0.0014257756
 0.0345472801894179 0.0014669712
 0.0360718667153961 0.0015047152
 0.03761436632202923 0.0015392546
 0.039175061105075654 0.001570828
 0.04075395106453536 0.001599658
 0.04235145934404587 0.0016259505
 0.043967585943607175 0.0016498987
 0.045602895054735984 0.0016716877
 0.0472572456295531 0.0016914937
 0.048930919763816895 0.0017094807
 0.050624340601164865 0.001725801
 0.05233764918947619 0.0017405987
 0.05407098657663006 0.0017540095
 0.05582477590626396 0.0017661564
 0.057599017178377926 0.0017771498
 0.05939399248873027 0.0017870907
 0.06121012498095854 0.0017960734
 0.06304755570294189 0.0018041832
 0.06490642570255949 0.0018114941
 0.06678715812344886 0.0018180696
 0.0686898940134892 0.0018239691
 0.07061491546843882 0.0018292492
 0.07256250458405607 0.001833964
 0.07453294345609932 0.0018379133100024907
 0.07652637313244771 0.0018419087
 0.0785432167567388 0.0018452383
 0.08058361537685171 0.0018481843
 0.08264799213642401 0.0018507603
 0.08473648808333484 0.0018529777
 0.08684938531334256 0.0018548554
 0.08898696592220551 0.0018564145
 0.0911496530535612 0.0018576662
 0.093337728803168 0.0018586109
 0.09555133421890505 0.0018592504
 0.09779075139653072 0.0018595964
 0.10005640347968252 0.0018596705
 0.10234857256411879 0.0018594953
 0.10466754074559789 0.001859086
 0.10701359011987815 0.001858458
 0.1093871438305971 0.0018576416
 0.11178834292563392 0.0018566822
 0.1142176105486261 0.0018556246
 0.11667536984321117 0.0018545002
 0.11916176185726833 0.0018533117
 0.12167720973443504 0.0018520298
 0.12422199557046971 0.0018506211
 0.12679654250900982 0.0018490735
 0.12940113264581374 0.0018473907
 0.13203618912451895 0.0018455793
 0.13470185299300466 0.0018436538
 0.13739868844278752 0.001841643
 0.1401271186175051 0.0018395759
 0.14288714351715737 0.001837471
 0.14567989152477773 0.0018353325
 0.1485050805446078 0.0018331352
 0.1513627105766476 0.0018308292
 0.15425419209968885 0.0018283727
 0.15717811463493989 0.001825737
 0.16013729913998406 0.0018228883
 0.1631303351360297 0.001819784
 0.16615863310186854 0.0018163882
 0.16922219303750055 0.0018126964
 0.1723224254217175 0.0018087497
 0.1754579197757276 0.0018046227
 0.1786286760995309 0.0018003855
 0.18183751535071083 0.0017960729
 0.18508443752926743 0.0017916969
 0.1883680321564089 0.0017872634
 0.19168970971092708 0.0017827596
 0.19505088067161355 0.0017781549
 0.19845013455967672 0.0017734199
 0.20189029233269995 0.0017685306
 0.20536994351189158 0.0017634752
 0.20888908809725157 0.0017582255092249452
 0.21244913656757164 0.0017529148
 0.21605149940164356 0.0017474004
 0.21969476612067554 0.0017416493
 0.22338175768225108 0.0017355784
 0.22711106360757846 0.0017291364
 0.23088268389665767 0.0017223189
 0.2346980290282804 0.0017151624
 0.2385585094812384 0.0017077255
 0.2424641252555317 0.0017000781
 0.24641346587236862 0.0016922874
 0.2504107627681242 0.0016843709
 0.2544517845064233 0.0016763303
 0.2585421730024329 0.0016682168
 0.26267769681977776 0.0016600747
 0.2668625873948331 0.0016518843
 0.2710954342488072 0.0016435888
 0.27537764786049174 0.0016351257
 0.2797092282298867 0.0016264564
 0.28409017535699216 0.0016175715
 0.28852331019939154 0.0016085112
 0.29300581179950136 0.0015993186
 0.2975419115936968 0.0015899417
 0.3021287886243945 0.0015803368
 0.3067706743279695 0.0015705949
 0.31146474774683847 0.001560838
 0.31621241935979305 0.0015510572
 0.32101651012441673 0.0015411273
 0.3258756095619178 0.0015309291
 0.3307897176722962 0.0015204431
 0.3357616554131355 0.0015097134
 0.3407900123056438 0.0014988039
 0.34587760930740474 0.0014877753
 0.35102303593962647 0.0014766305
 0.3562277026811007 0.0014653283
 0.3614916095318276 0.0014538625
 0.3668175774493905 0.0014422755
 0.37220278547620583 0.0014306527
 0.37765146504864894 0.0014190541
 0.3831636161667198 0.001407394
 0.38873782835162674 0.0013955093
 0.3943755120821613 0.001383353
 0.4000794883159071 0.0013709093
 0.40584834657407237 0.0013580635
 0.41168349733544884 0.0013447458
 0.4175849406000365 0.0013310433
 0.42355549732541875 0.0013171745
 0.42959375703280395 0.0013033524
 0.4357011302009838 0.00128974
 0.4418776168299583 0.0012763946
 0.44812603787731087 0.0012632993290988665
 0.4544463933430416 0.0012500533
 0.4608372727483586 0.0012367956
 0.4673029075296373 0.0012234028
 0.4738418872080858 0.0012098192
 0.4804556222624957 0.0011959063
 0.48714552317165905 0.0011816128
 0.4939115899355756 0.0011669585
 0.5007538225542455 0.0011519033
 0.507675041985252 0.0011365317
 0.5146766587073871 0.001121039
 0.5217558517630672 0.001105382
 0.5289168525886674 0.0010893741
 0.5361596611841878 0.00107304
 0.5434842775496285 0.001056495
 0.550892112163781 0.0010398978
 0.5583845755054372 0.0010233333
 0.5659630780533887 0.0010066025
 0.573626209328844 0.00098934744
 0.5813767902893864 0.00097145816
 0.5892162314138074 0.00095316302
 0.5971445327021074 0.00093479692
 0.6051616941542862 0.00091659955
 0.6132719472067192 0.00089850033
 0.6214724709018224 0.00088030311
 0.6297660861971799 0.00086182129
 0.6381527930927913 0.00084300228
 0.6466354125462401 0.0008239985
 0.6552139445575266 0.00080496675
 0.663889799605442 0.00078593088
 0.6726643881687785 0.0007667952
 0.6815362997687442 0.00074752604
 0.6905097658417141 0.00072812396
 0.6995833759088967 0.00070863839
 0.7087599509278756 0.00068916041
 0.7180394908986505 0.00066971323
 0.7274234063000132 0.00065035846
 0.7369131076107555 0.00063109978
 0.746510005309669 0.0006118115
 0.7562140993967539 0.00059246444
 0.7660282108295934 0.00057314567
 0.7759523396081878 0.00055394514
 0.7859864857325368 0.00053501469
 0.7961348806390158 0.00051626285
 0.806396113848833 0.00049747096
 0.8167730063195718 0.00047854792
 0.8272655580512323 0.00045938927
 0.8378751795226062 0.00044005146
 0.8486032812124852 0.00042070595
 0.859451273599661 0.00040168806
 0.8704205671629254 0.0003834598529537753
 0.88151257238107 0.00036502773
 0.8927286997328867 0.00034700611
 0.9040689492183753 0.00032925027
 0.9155347313163277 0.00031171555
 0.9271288669843273 0.0002945075
 0.9388527667011659 0.0002778081
 0.9507050199880517 0.0002615858
 0.9626898582813598 0.00024570807
 0.9748086920598821 0.00023017386
 0.9870601108448266 0.00021511822
 0.9994483460725687 0.00020044561
 1.0119733977431085 0.00018609369
 1.0246366763352377 0.00017223631
 1.0374395923277475 0.00015886264
 1.0503835561994304 0.00014602468
 1.0634713889078695 0.00013377875
 1.0767030904530646 0.0001220005
 1.0900800713138077 0.00011070221
 1.1036051524476822 0.000099980529
 1.1172783338546879 0.000089937744
 1.1311010260136172 0.000080620339
 1.1450760498820527 0.000071975966
 1.1592048159387864 0.000063981592
 1.1734873241838186 0.000056695158
 1.1879263955747326 0.00005009832
 1.2025234405903198 0.000044119328
 1.2172798697093723 0.000038779212
 1.2321985038894736 0.000033894018
 1.2472779326518317 0.000029305701
 1.262522387432822 0.000025240142
 1.277933278711236 0.0000218621
 1.293510606487074 0.00001899881
 1.309258602196711 0.000016503546
 1.3251758553613553 0.000014365533
 1.3412665974173819 0.000012519898
 1.3575322388435829 0.00001087496
 1.3739727796399581 0.0000094347877
 1.3905910407640907 0.0000081865085
 1.407388432694773 0.000007052905
 1.4243720078259632 0.0000060059483
 1.441523429933369 0.0000050417821
 1.4588723190716164 0.0000041771088
 1.4764045704527888 0.0000034376195
 1.4941342888648026 0.0000028083883
 1.512033264731824 0.0000022794519
 1.5301438124176043 0.0000018593361
 1.5484377223463095 0.0000015435925
 1.5669290993058562 0.000001314916
 1.585617943296245 0.0000011517132
 1.6045042543174755 0.0000010326999
 1.623588032369548 9.4512897E-7
 1.6428833822403792 8.7354472E-7
 1.6623903039299701 8.0016895E-7
 1.6820805878624852 7.2260329E-7
 1.7019965484016766 6.5189345E-7
 1.7221240807596274 5.9609879E-7
 1.742463184936337 5.5746243E-7
 1.7629997561438888 5.350993E-7
 1.783776108746034 5.311869224256757E-7
 1.8047499283790214 5.353790630686113E-7
 1.825963529406602 5.3961913E-7
 1.847388702252942 5.3592209E-7
 1.8690395517059581 5.054868E-7
 1.8909160777656508 4.6545809E-7
 1.9130182804320202 4.2503752E-7
 1.935360264492983 3.8319886E-7
 1.957927925160622 3.4211624E-7
 1.980735367222855 3.0458727E-7
 2.0037825906796813 2.6615416E-7
 2.0270554907431846 2.2117823E-7
 2.050582276989198 1.722855E-7
 2.0743347398418885 1.2721464E-7
 2.098355193665007 9.0774612E-8
 2.1226013240948016 6.3040781E-8
 2.1471154454950248 4.2787538E-8
 2.1718693482898415 2.9033211E-8
 2.196877137267169 2.0169879E-8
 2.222152917214925 1.4773688E-8
 2.2476684785572743 1.2042612E-8
 2.273452030870052 1.0938348E-8
 2.2995035741532583 9.9026018E-9
 2.3258090036189754 8.8637277E-9
 2.3523965288430375 8.3027402E-9
 2.379237940249611 8.0710092E-9
 2.40636144741453 7.9689879E-9
 2.4337529455498768 7.814524E-9
 2.4614124346556516 7.5808655E-9
 2.48936812430769 7.3580065E-9
 2.517591804930156 7.2086368E-9
 2.546097581310968 7.073593E-9
 2.574885453450125 6.8134907E-9
 2.603969526135545 6.3743735E-9
 2.6333356945793107 5.8803398E-9
 2.6629980635693387 5.4673348E-9
 2.69295663310563 5.1955466E-9
 2.7232114031881833 5.28258732651357E-9
 2.753762373817 5.3704802E-9
 2.784609544992079 5.7208167E-9
 2.8157529167134214 6.0915391E-9
 2.847220698556861 6.353972132634399E-9
 2.8789846809465627 6.6188754E-9
 2.911058968670445 6.6758236E-9
 2.943443561728507 6.6676253E-9
 2.9761384601207492 6.6593287E-9
 3.009157768635089 6.594888E-9
 3.042501487271526 6.3459186E-9
 3.076155511242143 5.9184515E-9
 3.110133945334857 5.4831858E-9
 3.1444508943375857 5.2039476E-9
 3.1790781486744946 5.0804019E-9
 3.214058022709335 4.9861077E-9
 3.2493482020783557 4.8542997E-9
 3.2849910011453085 4.7426076E-9
 3.3209582103343585 4.7045994E-9
 3.357263934433423 4.6668616E-9
 3.3939222782304195 4.4992486E-9
 3.43091913693743 4.0875229E-9
 3.468268615342373 3.3496945E-9
 3.5059566086573306 2.4319361E-9
 3.544011326458137 1.5784614E-9
 3.5824045591689586 9.4165083E-10
 3.6211645163656283 4.8676227E-10
 3.660277093260231 1.1586583E-10
 3.6997422898527645 8.890660448239562E-12
 3.7395742109311474 5.565241285249841E-11
 3.7797869612832975 1.0286125E-10
 3.8203523313333787 3.6552062E-10
 3.8612844258693086 5.9217116E-10
 3.902583244891089 7.9395215E-10
 3.944262893186635 8.6831184E-10
 3.9863233707559473 6.9017488E-10
 4.028750572811109 4.807694E-10
 4.071572708927954 5.882895839553948E-10
 4.114761569530649 6.9673056E-10
 4.158345364195028 1.1045543E-9
 4.202309988133171 1.5470092E-9
 4.246655441345083 1.8657556E-9
 4.2914099334065945 2.0799575E-9
 4.336545254741873 2.1922056E-9
 4.382075510138835 2.236729E-9
 4.42800069959748 2.3635301E-9
 4.47432082311781 2.7587539E-9
 4.521049985487741 3.3728839E-9
 4.568174081919354 3.9486519E-9
 4.615707217200569 4.3311177E-9
 4.6636493913313855 4.3667829E-9
 4.711986499523885 4.0973564E-9
 4.760746751353903 3.6834336E-9
 4.809916042033522 3.2164467E-9
 4.859494371562741 2.8324912014164322E-9
 4.90949584472948 2.4452587E-9
 4.959906356745818 2.2376444E-9
 5.010725907611758 2.1437557E-9
 5.061982706903134 2.1060755E-9
 5.113662649832027 2.0451725E-9
 5.165751631610521 1.8960794E-9
 5.218277861814452 1.6368072E-9
 5.271227235655901 1.2927853E-9
 5.3245997531348666 9.2924569E-10
 5.378409519039269 6.131908E-10
 5.43264242858119 3.5390398E-10
 5.487312586548546 1.2450493E-10
 5.54240588815342 -5.5165773E-11
 5.597950542971646 -1.4939737E-10
 5.653918341427392 -1.7796272E-10
 5.71033749309649 -1.7645408097621715E-10
 5.767193893191023 -1.7493375E-10
 5.824473436923075 -1.6943258E-10
 5.882204333868479 -1.6216282E-10
 5.9403865840272365 -1.5280928E-10
 5.999006082611429 -1.4197126E-10
 6.058062829621058 -1.3043481E-10
 6.117570929844039 -1.1881797E-10
 6.177530383280372 -1.0753137E-10
 6.237927085142141 -9.682675E-11
 6.298775140217264 -8.6846062E-11
 6.360074548505739 -7.7656768E-11
 6.421811205219649 -6.9276222E-11
 6.484013319934829 -6.1688741E-11
 6.546652683075445 -5.4857752E-11
 6.609757504217331 -4.8734397E-11
 6.673299573784653 -4.3263576E-11
 6.737292996565326 -3.8388077E-11
 6.801751877347272 -3.4051327E-11
 6.866648006554652 -3.0199133E-11
 6.9320095937633015 -2.6780709E-11
 6.997822534185304 -2.3749215E-11
 7.064086827820659 -2.1061947E-11
 7.130802474669368 -1.8680319E-11
 7.197969474731429 -1.6569687E-11
 7.265587828006843 -1.469911E-11
 7.333671639283526 -1.3041051E-11
 7.402192698985647 -1.1571078E-11
 7.471179216689036 -1.0267549E-11
 7.540602982817861 -9.1113292E-12
 7.610492206947956 -8.0855092E-12
 7.680818679503486 -7.1751577E-12
 7.751610610060286 -6.3670909E-12
 7.822839789042522 -5.6496685E-12
 7.89453442602603 -4.6858203E-12
 7.96666631143497 -4.4468312E-12
 8.039249550057265 -3.9443035E-12
 8.112270037104995 -3.4979245E-12
 8.185755982153996 -3.1014085E-12
 8.259665070840514 -2.7491885E-12
 8.334039617528301 -2.4363307E-12
 8.408837307853608 -2.1584598E-12
 8.484086351392268 -1.9116932E-12
 8.55978674814428 -1.6925834E-12
 8.635910288533811 -1.4980678E-12
 8.712471077348777 -1.3254241E-12
 8.789469114589178 -1.1722314E-12
 8.866904400255015 -1.0363362E-12
 8.944776934346287 -9.158223E-13
 9.023072612075078 -8.0898386E-13
 9.101805538229303 -7.1430231E-13
 9.18094750323313 -6.3042551E-13
 9.260526716662394 -5.561494E-13
 9.340529073729174 -4.9040177E-13
 9.420954574433473 -4.322279E-13
 9.501789113987373 -3.8077769E-13
 9.58304679717879 -3.3529435E-13
 9.664713519219811 -2.9510425E-13
 9.74678928011043 -2.5960794E-13
 9.829274079850652 -2.282721E-13
 9.912167918440474 -2.0062239E-13
 9.995470795879896 -1.7623709E-13
 10.079168607381003 -1.5474137E-13
 10.163247248155876 -1.3580222E-13
 10.247734927780352 -1.191239E-13
 10.33261754146651 -1.0444388E-13
 10.417880984426432 -9.1529244E-14
 10.503525256660122 -8.0173411E-14
 10.589550358167582 -7.0193264E-14
 10.675970393736721 -6.1426569E-14
 10.762743049003793 -5.372966E-14
 10.849896533544634 -4.6975384E-14
 10.93741674257132 -4.1051263E-14
 11.025289571295941 -3.5857851E-14
 11.11352912450641 -3.1307276E-14
 11.202121297414811 -2.7321934E-14
 11.29108019480906 -2.3833324E-14
 11.380363502325409 -2.0781019E-14
 11.469999429539689 -1.8111741E-14
 11.559973871663983 -1.5778542E-14
 11.65028682869829 -1.3740074E-14
 11.740924195854696 -1.1959943E-14
 11.8318859731332 -1.0406134E-14
 11.923172160533799 -9.0504959E-15
 12.01476865326858 -4.769396E-15
 12.10667545133754 -5.353686129309031E-15
 12.19889255474068 -5.256011699119503E-15
 12.291419963478003 -5.1580086E-15
 12.384229467973668 -4.4773104E-15
 12.477349277803514 -3.8849993E-15
 12.570737078603788 -3.3698154E-15
 12.664421079950326 -2.9219016E-15
 12.75837307226729 -2.5326333E-15
 12.852593055554683 -2.194468E-15
 12.947081029812505 -1.9008131E-15
 13.041822890252838 -1.6459091E-15
 13.1368327416636 -1.4247269E-15
 13.232082374468956 -1.2328773E-15
 13.32758589345682 -1.0665313E-15
 13.423315089051362 -9.2235043E-16
 13.519284066040498 -7.9742529E-16
 13.61547871963631 -6.8922143E-16
 13.71188494505088 -5.9553212E-16
 13.808516847072127 -5.1443687E-16
 13.905346216124217 -4.44265E-16
 14.002387156995065 -3.8356381E-16
 14.099625564896757 -3.3107064E-16
 14.197033230253453 -2.8568851E-16
 14.294638362640994 -2.4646474E-16
 14.392384542907703 -2.1257227E-16
 14.49041281893276 -1.8329342E-16
 14.588582142836993 -1.5800562E-16
 14.686751466741224 -1.3616895E-16
 14.7852028864038 -1.173154E-16
 14.883795353945546 -1.0103932E-16
 14.982528869366469 -8.6989248E-17
 15.081403432666562 -7.486072E-17
 15.180277995966655 -6.4390005E-17
 15.279434655025097 -5.534868E-17
 15.378591314083534 -4.753888E-17
 15.478030068900319 -4.0789181E-17
 15.577327775837935 -3.4951005E-17
 15.67690757853389 -2.9895492E-17
 15.776487381229849 -2.5510769E-17
 15.87620823180498 -2.1699584E-17
 15.97592908238011 -1.8377224E-17
 16.07564993295524 -1.5469699E-17
 16.175511831409544 -1.2912148E-17
 16.27551477774302 -1.0647443E-17
 16.375517724076495 -8.6249486E-18
 16.4753796225308 -6.7994216E-18
 16.57552361674345 -5.1300229E-18
 16.675526563076925 -3.5794263E-18
