 0.0008439903098742975 0.9999634724717494
 0.002541893316495119 1.000269940781808
 0.0042597730548153655 1.001114803535988
 0.005997872157203856 1.0025162853093281
 0.0077563821755307115 1.0043839581262217
 0.009535601079371672 1.0065715459778362
 0.011335741704137986 1.0089320836814406
 0.013157038168782016 1.0113040874158443
 0.014999745875797265 1.0135692570357893
 0.016864120227677217 1.0156491025454686
 0.0187504379104565 1.0175166884310005
 0.020658890476005224 1.0191628352136701
 0.022589712043275766 1.0205441163286766
 0.024543328283090613 1.0216897467847434
 0.02651993074731988 1.0226611204984588
 0.028519732271374824 1.0234779056463952
 0.030542945690666675 1.0241069946361165
 0.03259020951142917 1.024638485516005
 0.03466131089825108 1.0251148080408865
 0.03675667552195488 1.025471079692959
 0.038876729053363056 1.0257488104362356
 0.04102168432788686 1.0259573004995162
 0.04319196701634878 1.0261201380236005
 0.04538757711874882 1.0262356478889367
 0.04760894030590947 1.0262689484590186
 0.0498564822486532 1.0262405096400953
 0.052130415782391276 1.0261649936539636
 0.05443095374253494 1.0260264627856772
 0.056758521799906675 1.0258132210251016
 0.05911354562532897 1.0255505630631279
 0.061496025218801834 1.0252195912140383
 0.06390659908655899 1.0248113320132393
 0.06634526722860044 1.024304466092885
 0.06881288098657118 1.0236938803469575
 0.07130922752505993 1.022982285821156
 0.07383473251488921 1.0221218519410786
 0.07639003446229274 1.0211160773088077
 0.07897534620268178 1.0199748773968496
 0.08159088057146754 1.0186770097537077
 0.0842372760748838 1.0172266629550937
 0.08691453271293054 1.0156283759586802
 0.08962307615643023 1.0138637239103587
 0.09236354491161664 1.01194339619503
 0.09513615181390098 1.009883031497476
 0.0979411096986945 1.0076750069550346
 0.10077905707223096 1.0053235792681392
 0.10365020676992161 1.002836397538017
 0.10655498446258888 1.0002085900933557
 0.1094938158210553 0.9974421077467335
 0.11246712651614338 0.9943833213001669
 0.11547512938326433 0.991523789287479
 0.11851846292865191 0.9883791526787097
 0.12159733998771732 0.9851168779264815
 0.12471239906669435 0.9817409418498214
 0.1278638530009942 0.9782609083010684
 0.1310521274614394 0.9746815408330194
 0.1342776481188524 0.9710075919705653
 0.13754105347946696 0.967244410583416
 0.14084276921410557 0.963394690476978
 0.14418300815817944 0.9594499835273612
 0.1475621959825111 0.9554031840971123
 0.15098097119333428 0.9512636821817929
 0.15443975946147145 0.9470481672049861
 0.1579389864577451 0.9427643420395502
 0.16147907785297771 0.9384081926229375
 0.16506067215340306 0.9339738348214927
 0.16868398219443237 0.9294503872967108
 0.17234964648229936 0.9248199816349414
 0.17605830352323776 0.9200750788815574
 0.17981016615265885 0.9152158630447152
 0.1836058728767963 0.9102493846034205
 0.1874458493664727 0.9051870988633033
 0.1913307341279217 0.9000415760770312
 0.19526095283196582 0.8948280724640754
 0.1992371439848388 0.8895626354725912
 0.20325952042195186 0.8842497359431684
 0.20732893348494996 0.8788798190771298
 0.2114460216800669 0.8734457474050781
 0.21561078500730263 0.8679319736173532
 0.21982492614994717 0.8623373944964621
 0.22408801943717796 0.8566778886893794
 0.22840006486899497 0.8509582705577768
 0.23276319079951077 0.8452081200171315
 0.23717526887461285 0.839424339692523
 0.24164055580252605 0.8336063528999929
 0.246156923229138 0.8277585398566927
 0.25072649950856113 0.8218608239112161
 0.25534928464079537 0.8159070670828037
 0.2600274069799533 0.8099037458645085
 0.26475873817192236 0.8038443293874825
 0.26954327821670254 0.7976807839138889
 0.27438528382251887 0.7914039386227163
 0.2792847549893712 0.7850298775766358
 0.28423956336314715 0.7785371314876507
 0.2892518372979592 0.7719062921116168
 0.2943237051479197 0.7651547440648805
 0.2994530385589163 0.7582684004036095
 0.3046440942391739 0.7512403489096712
 0.30989474383458 0.7440901240481442
 0.3152049873451345 0.7367885556784132
 0.32057695312495005 0.7294261867004741
 0.326012769528139 0.7219339294524388
 0.33151030820058885 0.7143314849429605
 0.3370738258505246 0.7065955747876751
 0.3427011941238337 0.6987031415156465
 0.34839241302051627 0.6906281993002341
 0.35414961089468466 0.6823834267306079
 0.3599749161004513 0.6740042371298254
 0.36586832863781626 0.6655197890511467
 0.37182772015266713 0.656931877126758
 0.37785947570734113 0.6482698872155561
 0.38395721023950097 0.6395497777892493
 0.39012943716559645 0.6307774905253384
 0.3963697714232902 0.6219377539491215
 0.40268459807491963 0.6129958392399537
 0.4090717887663723 0.6039634219599862
 0.41553347185176054 0.5948499875704476
 0.4220696473310844 0.5856753211584154
 0.4286803152043439 0.5764390866349034
 0.435369732179764 0.5671297624833146
 0.44213364154911966 0.5577105729576508
 0.4489784283747483 0.548161177802134
 0.45589983594842504 0.5384954909411392
 0.4629042493324872 0.5287498223110944
 0.4699874118187099 0.51895335435672
 0.47715145176120555 0.5090871811082857
 0.48440062586819904 0.49914994420213027
 0.49173280578557804 0.4891538484379684
 0.4991479915133424 0.47909921618728185
 0.5066504397597171 0.469008772411411
 0.5142380221705897 0.4589088155224824
 0.521914995454185 0.44880880370545945
 0.5296792312563906 0.4387058184930652
 0.537532857931319 0.4285812877059283
 0.5454758754789701 0.4184183927180222
 0.553512540607569 0.4082165905565562
 0.5616385966088906 0.39796966345890145
 0.5698604285452723 0.38766704509931643
 0.5781780364167141 0.37731569558600414
 0.5865892918691036 0.3669114228244904
 0.595096323256553 0.35644112600952765
 0.6037033872872876 0.34589929905447403
 0.6124083556071946 0.3352957473255893
 0.6212133565703868 0.32465809733593193
 0.6301183901768639 0.31400920387433545
 0.6391277131348508 0.3033848331214342
 0.6482391970902353 0.2928132553802793
 0.6574549703971295 0.2823076427805315
 0.6667750330555338 0.27186858035103606
 0.6762036417736728 0.26159337720258946
 0.6857407965515465 0.2511978687907823
 0.6953843690350425 0.24100039890147903
 0.7051407442864984 0.23095997285312128
 0.7150077939518014 0.22111638603224615
 0.724987646385064 0.21149933076058033
 0.7350824299403989 0.2021269921993578
 0.7452921446178058 0.1929921947827156
 0.7556167904172848 0.1840552539574747
 0.7660606240470609 0.1752767875180669
 0.7766257738612464 0.16666148626596455
 0.7873079831516164 0.15823244047640872
 0.7981136369805085 0.15000060104519566
 0.8090427353479224 0.141944369102476
 0.8200952782538582 0.13406010595793721
 0.8312733940524283 0.12638331545423104
 0.8425792110977454 0.11892136002124741
 0.8540148577439215 0.11165710311593459
 0.8655782056368446 0.10457362948184025
 0.8772735114847394 0.09764612322762799
 0.8891029036417182 0.09088102186319724
 0.9010663821077812 0.08431262761590588
 0.9131639468829283 0.07796878730497103
 0.9254019830294972 0.07188010142183673
 0.9377762338392623 0.06608418905009746
 0.950290956020449 0.06057697667912307
 0.9629461495730572 0.05535231937723191
 0.9757460712053119 0.05043404663797098
 0.9886907209172129 0.04583422281142187
 1.0017822270628727 0.04153588138001688
 1.0150227179964035 0.03752830794622626
 1.0284100653636936 0.03382821887236921
 1.0419506542270796 0.030447474465027567
 1.0556423562324493 0.027377376038794782
 1.0694894280880276 0.024586340630102434
 1.0834918697938147 0.022046575207437552
 1.0976518097039227 0.01973189948571324
 1.1119713761724643 0.01759302422949829
 1.1264526975535518 0.015593581305668272
 1.1410957738471852 0.01372789966011713
 1.1559048617615895 0.012002686384863228
 1.1708799612967644 0.010438207552482374
 1.1860210724527105 0.009055033970918683
 1.2013345802917648 0.007846895157648278
 1.2168183564598147 0.006796099615636696
 1.2324766576650852 0.005885707563375223
 1.2483094839075763 0.005098809346695242
 1.2643189635414005 0.00442358078421341
 1.2805072249206704 0.0038510143707260356
 1.296876396399498 0.003364716805720814
 1.3134286063319962 0.0029707314719982516
 1.3301659830722772 0.0025761754714984384
 1.3470906549744537 0.002254734955992288
 1.3642026220385253 0.001961382996832148
 1.3815040126186044 0.0016739282621242948
 1.3989990834229167 0.0013766110741595212
 1.4166899628055738 0.0010666589445032396
 1.4345745224124637 0.0007570048974022461
 1.4526591473059234 0.0004693070211863768
 1.4709459658400657 0.0002146246898459863
 1.4894328496607778 -0.000009548675398822687
 1.5081261838303974 -0.00020995576597190738
 1.5270259683489242 -0.0004020101112019404
 1.546134331570471 -0.0006023372690136205
 1.5654534018491497 -0.0008240536147115165
 1.5849853075390732 -0.0010897256366126581
 1.6047343053484666 -0.00141117070703807
 1.6247003952773291 -0.0017673940569058397
 1.6448857056797739 -0.002130043026926712
 1.6652944932640255 -0.002500125914543079
 1.6859267580300838 -0.0029162024954122435
 1.706784628332062 -0.0033855188265354166
 1.727872360878184 -0.003796619611229031
 1.7491920840225628 -0.004003760968475362
 1.7707437977651983 -0.003921438258948958
 1.7925317588143155 -0.0038485288280313257
 1.8145580955240264 -0.0036550861878947172
 1.836824936248444 -0.0034412388950374666
 1.859336537695793 -0.00320706708789406
 1.882090771511961 -0.002939415251459901
 1.9050940227592852 -0.002617802591661201
 1.9283484197918779 -0.0022612470568065006
 1.9518539626097398 -0.0019451615213816468
 1.9756170362752072 -0.0017201373518486753
 1.9996355124341685 -0.0015364323631915087
 2.023915776148961 -0.0013134336970302455
 2.0484599557736964 -0.0010067004790825387
 2.0732680513083754 -0.0005760058815530445
 2.0983443194612224 -4.160177922284107E-7
 2.1236908885863506 0.0006722020141011209
 2.1493184004543218 0.0013192412431660282
 2.1751991864616738 0.0018190383361467066
 2.2013779420447683 0.002159328655532854
 2.2278333836624813 0.0023661253736374003
 2.2545867948559364 0.0023922192613285995
 2.2815956085428852 0.0022330561099547113
 2.3089236753467013 0.001996722058517358
 2.3365284281851353 0.0017379959084174333
 2.3644311505993114 0.0014279546607903083
 2.3926318425892306 0.0011001810992478504
 2.4211305041548923 0.0006269090377209454
 2.4499271352962966 0.0004416376938318928
 2.4790430195545676 0.00006075438126668143
 2.508478156929706 -0.0002705047957642807
 2.538189980339462 -0.0004384628688390665
 2.5682423404072097 -0.0003948329578748756
 2.5986139535918245 -0.00030004658463219757
 2.629304819893306 -0.0002305716143848565
 2.6602936557705306 -2.121820330747608E-7
 2.6916443118468703 0.00028614953569434747
 2.7232929374989534 0.0005973730646353437
 2.7553033833501517 0.0008883234883331029
 2.787633082318218 0.0010423150786828457
 2.8203033179442745 0.000975165995980091
 2.853314090228323 0.0006665027869986443
 2.8866653991703637 0.00015252112885350447
 2.92037852831152 -0.0004544663092673507
 2.9544321941106673 -0.0009886853841633947
 2.9888476801089308 -0.0012927288392595659
 3.0236249863063103 -0.0014684390139846266
 3.058742829161681 -0.001792356940133604
 3.0942437757572927 -0.002308444325607446
 3.130085259010895 -0.0028700079703248217
 3.166331129545863 -0.0033668336108095553
 3.202917536738822 -0.0033170692988962903
 3.239908331213146 -0.0032752952416139785
 3.277260945886586 -0.0029171781040717793
 3.314996664300266 -0.0027494903940112427
 3.353136769995311 -0.002776136309926862
 3.3916386958894726 -0.0027825491035928934
 3.4305450090649985 -0.002542450196242036
 3.46985570952189 -0.002346064744457341
 3.5095495137190214 -0.0016480773514040595
 3.549668988738642 -0.0011042610366878718
 3.590171567498503 -0.0008901046369756144
 3.6310998170808535 -0.00110325229093427
 3.6724324539445687 -0.0015546865437677158
 3.714169478089649 -0.0018650033885268776
 3.756353456598343 -0.0016940541851780358
 3.798941822388402 -0.0015404717496738456
 3.8419558590009504 -0.0012406336781107358
 3.8853955664359874 -0.0011296784139327115
 3.929282228234639 -0.000930527007503115
 3.97359456085578 -0.0007204310633204213
 4.018353847840534 -0.0006639285142897574
 4.063560089188903 -0.0005495440515190079
 4.109213284900885 -0.0005165936001853912
 4.155313434976481 -0.0006587429851916028
 4.201860539415691 -0.0007522164967390627
 4.248854598218514 -0.0008653244334903483
 4.296338178467201 -0.0009446521855147444
 4.344268713079501 -0.001964455941687955
 4.392667485596539 -0.0029726165018244205
 4.441534496018316 -0.004253170519451528
 4.490869744344831 -0.004628092165000776
 4.540694514117209 -0.004820383538340159
 4.591008805335449 -0.004939124198526661
 4.6417913344584285 -0.005268943654109278
 4.693063385027269 -0.005438250677495939
 4.744846240583098 -0.005632677767813396
 4.797097334043666 -0.00550154443759225
 4.849880516032344 -0.005340188162298778
 4.903131935925761 -0.004648219574661778
 4.956915444347289 -0.0041063952171367605
 5.011188474214681 -0.0038695137411570747
 5.06597230906906 -0.003635531072770901
 5.121288232451549 -0.00296863553306575
 5.177114960821027 -0.0020078613727368723
 5.233473777718617 -0.0012574034553385044
 5.290343399603193 -0.0012632947063504366
 5.347766393557006 -0.0017459244454736433
 5.405700192497806 -0.002405280512259875
 5.464187363507841 -0.002665957426027589
 5.523206623045989 -0.0023519354580925937
 5.5827579711122475 -0.00207850820043971
 5.642862691247743 -0.001296841256752566
 5.7035420669936 -0.0009917790724496608
 5.7647535312675675 -0.0005891045457127346
 5.82651836761077 -0.00045201731972577416
 5.888836576023211 -0.0008641862465156356
 5.9517294400460115 -0.0009815525203393219
 6.015196959679172 -0.0010636779592377227
 6.07921785138157 -0.0011232508050995297
 6.143834682235452 -0.00139676628926743
 6.209004885158571 -0.0012749461100503591
 6.274771027233175 -0.001172536965235395
 6.341111824918139 -0.000187906063492406
 6.4080272782134635 -0.0003287343688848963
 6.475559954201399 -0.0002653286935454191
 6.543667285799693 -0.00022841305147180987
 6.612370556549474 0.00021980085239935848
 6.681669766450739 -0.00016865729254651103
 6.751564915503489 -0.00015367888583784026
 6.82207728724885 -0.00019134017187795753
 6.893185598145694 0.0002796828183479836
 6.964911131735148 0.0006661238464848035
 7.037253888017213 0.0003832901581751104
 7.110192583450761 -0.0005905468961895021
 7.183769785118045 -0.0014181526266193263
 7.2579642094779375 -0.001994568025673074
 7.33277585653044 -0.0022468372155380607
 7.408226009816676 -0.0020574966242668433
 7.484293385795522 -0.001844265208541403
 7.5609779844669776 -0.0010655968194355969
 7.638322372913291 -0.0005954991190443163
 7.716305267593339 -0.00025025114401084573
 7.794905384965996 -0.0000370647200784289
 7.874165292113513 -0.0000010673239507960807
 7.954063705494763 0.000002863661341155184
 8.034600625109746 0.000016814511586788935
 8.115797334499588 0.000032465821946443317
 8.197632550123165 0.0000496674518066489
 8.2801275555216 0.00005212440738147515
 8.363261067153768 0.00004863555629679469
 8.44707565210192 0.00004438889192383219
 8.531528743283808 0.00004074471702832134
 8.616662907781675 0.00003780580537696303
 8.702456862054403 0.00003545210031730099
 8.788889322560864 0.00003354739968229752
 8.876002856383309 0.000031984322761019176
 8.963797463521736 0.000030700399771724365
 9.052251860435021 0.00002964099412918024
 9.141366047123165 0.00002874929223888853
 9.231161307127294 0.00002799357429805845
 9.321637640447403 0.000027360162006268795
 9.412773763542372 0.00002682165322109676
 9.504590959953324 0.000026355672215033658
 9.597089229680257 0.000025956032953917397
 9.69024728918205 0.000025604501430117786
 9.78410770554095 0.000025300826103054495
 9.87862791167471 0.000025033137641734154
 9.973850474665577 0.000024794455033192956
 10.069732827431302 0.00002458902416794481
 10.166296253513009 0.00002440059844882642
 10.263562036451823 0.000024229871596497438
 10.361487609165499 0.000024078019952812134
 10.460115538736279 0.0000239364339374935
 10.559424541623043 0.00002380466510804368
 10.659414617825789 0.00002368860850080372
 10.760085767344519 0.000023579994912902344
 10.861437990179233 0.000023477590922678197
 10.963471286329929 0.000023381355143847407
 11.066206939337732 0.000023295233160136743
 11.169602382120395 0.000023209615999557618
 11.273700181760162 0.000023130366847399663
 11.37845777117479 0.000023057150728094685
 11.483917717446527 0.000022982983669485423
 11.59003745349312 0.0000229172734427558
 11.69685954639682 0.000022856440194958385
 11.804341429075379 0.000022793992887788002
 11.912525668611046 0.000022736234821054823
 12.021369697921571 0.000022687615012432516
 12.130894800548079 0.000022637124262488798
 12.241079692949446 0.000022588431921335193
 12.351966942207921 0.000022545777700401147
 12.46349269770013 0.000022500826107448888
 12.575720810049445 0.00002246253208039027
 12.688587428632493 0.000022424001280392775
 12.802135120531528 0.000022387704763672796
 12.916363885746543 0.000022373848765477807
 13.031231157195291 0.000022365247157918738
 13.146758218418901 0.000022325553721207873
 13.262945069417366 0.000022286184546945176
 13.379791710190691 0.000022276301119280757
 13.497298140738875 0.000022268558082687377
 13.615443077520792 0.0000222609299080197
 13.734247804077567 0.000022226990349013382
 13.853669753326953 0.000022221522436939223
 13.973751492351198 0.000022242524207664247
 14.094471737609176 0.00002223719016577773
 14.215830489100888 0.000022261646307378644
 14.337806463285208 0.000022258363409286428
 14.460420943703264 0.000022254822663228813
 14.583652646813931 0.000022280892808191327
 14.707501572617204 0.0000223065700994431
 14.83196772111309 0.000022332126413346993
 14.957051092301583 0.000022357302922606896
 15.082751686182686 0.00002238424733060361
 15.209048219215275 0.000022414573687238996
 15.335919407858224 0.000022442886672585004
 15.463407819193783 0.000022495396637494815
 15.591492169680826 0.000022551384302394074
 15.72015117577823 0.000022582268435406365
 15.849384837485994 0.000022665229503880287
 15.979193154804122 0.00002271971153988531
 16.109597411273732 0.000022777174234605763
 16.240533756271454 0.00002286201789318541
 16.372044756879536 0.00002291850573232377
 16.504109129556856 0.000023003770801687848
 16.636705590762286 0.000023088455606952834
 16.769855424036955 0.000023197702729899074
 16.90353734583973 0.000023306260668735898
 17.037772639711747 0.000023367122386135157
 17.172497455029625 0.000023479510464910776
 17.307754358875613 0.00002363931832348546
 17.44352206770859 0.000023750008406525287
 17.579800581528552 0.00002386154343539206
 17.71656861679438 0.000024023706301830516
 17.853826173506068 0.000024160106834363278
 17.99157325166362 0.000024297321895790484
 18.12978856772591 0.000024460001621449634
 18.26847212169294 0.000024645950544932115
 18.407623913564706 0.000024830719397175607
 18.54724394334121 0.000025017974591931105
 18.687289643940204 0.00002520412367991827
 18.827803582443938 0.00002541497216772946
 18.968721908229035 0.000025626615221601685
 19.110087188377747 0.000025860731230789125
 19.25185685580782 0.00002612142725564048
 19.394030910519263 0.0000263567303198107
 19.53660935251207 0.000026616463059612495
 19.679570898245114 0.000026898418182279196
 19.822936831259526 0.000027204472203058402
 19.966664584473055 0.000027510934424130594
 20.11077544142682 0.000027841324016527862
 20.25522683503858 0.000028172205085437443
 20.400040048849455 0.00002852477000082153
 20.54519379931832 0.000028926576217376094
 20.690666802904055 0.000029326573994142354
 20.836480343147777 0.000029726920421497763
 20.982591852967246 0.000030174021114332823
 21.12902261590358 0.00003064242538042597
 21.275751348415657 0.00003113864407979459
 21.422735483421228 0.00003167917020687476
 21.570017588002543 0.00003222235125349884
 21.717512527995098 0.00003279531589523582
 21.865433138810143 0.000033411350272269755
 22.01356658503644 0.00003409660246153115
 22.161700031262733 0.0000348020860881046
 22.310259148311513 0.00003554831528863657
 22.459031100771536 0.00003633985866252956
 22.608015888642807 0.00003717453417349667
 22.757213511925322 0.00003812507135909325
 22.906411135207836 0.00003909205072786795
 23.05603442931284 0.000040124031614807334
 23.205657723417843 0.00004124326597422181
 23.35570668834534 0.00004250232857698207
 23.505542817861592 0.00004385046132868724
 23.655804618200325 0.00004525463064524728
 23.806066418539068 0.000046867872548145265
 23.95654105428905 0.000048636616103673585
 24.107015690039034 0.000050596871392366794
 24.257490325789014 0.000052745891393587474
 24.40817779695025 0.0000551219691267464
 24.559078103522715 0.000057867319010614854
 24.70997841009519 0.00006110006299223637
 24.860665881256416 0.00006474234149408797
 25.011779023240134 0.00006909639144531142
 25.162679329812608 0.00007434844134159139
