 0.0004074236980546693 2.2839180213135513
 0.0012270609780118613 2.2811236934536923
 0.0020563417263937535 2.2800710189331888
 0.0028953830703472043 2.280824714502544
 0.003744277478672366 2.283368615207081
 0.004603168791725029 2.2876466819718297
 0.005472159752616473 2.293570525780101
 0.006351363378769106 2.3010251684350833
 0.0072409029619164645 2.3098755198052894
 0.008140901793792083 2.319973059911412
 0.009051493440440624 2.331162783558658
 0.00997277037066224 2.3432891450697135
 0.010904845601879338 2.3562001180397587
 0.011847924620314478 2.3697494575305393
 0.01280209989476781 2.3837981740329157
 0.013767474168350616 2.398214660304076
 0.014744150184174173 2.412875657268954
 0.01573243617157232 2.4276661051649344
 0.016732229387433784 2.4424786383888835
 0.017743735317981114 2.457213562216668
 0.018767159449436875 2.4717790157456045
 0.019802604524912344 2.486092238863961
 0.020850276030630083 2.5000799777775837
 0.021910173966590094 2.5136789795567998
 0.022982503819014927 2.526835345994719
 0.024067471074127145 2.5395044756926155
 0.025165178475038033 2.551650019941819
 0.026275728764858865 2.56324211081785
 0.027399327429812204 2.5742559869386556
 0.028536179956120608 2.584671495109123
 0.029686286343784073 2.5944728374467
 0.03084995482213644 2.603647683503623
 0.032027185391177715 2.6121843015685076
 0.03321838902335301 2.6200685368352454
 0.034423462975551045 2.6272830587007805
 0.035642612733994376 2.6338114652218136
 0.03687614652801685 2.6396429119820306
 0.038124167100729744 2.6447739495615026
 0.03938677719524433 2.649207360284694
 0.040664285040894456 2.6529485164000923
 0.04195669063768013 2.656003392868784
 0.04326419947182389 2.6583810375662136
 0.04458711977265959 2.66009720941039
 0.0459255542832985 2.6611750286141853
 0.0472796057468519 2.6616420192449017
 0.04864958239265364 2.6615275484459917
 0.05003558696381499 2.660862089426895
 0.05143782494655851 2.65967830167355
 0.05285650182710676 2.658011259634395
 0.05429182309168231 2.6558949927105955
 0.055743891483396424 2.6533576146163447
 0.05721301523158294 2.650418719043909
 0.05869929707935315 2.647090980097357
 0.06020304525604088 2.6433847562041293
 0.06172436250475742 2.639311913389715
 0.06326345431172532 2.6348856908275264
 0.06482052616316716 2.6301197029881744
 0.06639588628841674 2.6250280149032372
 0.06798974017369666 2.6196280934215963
 0.06960219056211817 2.6139403177641474
 0.07123344293990384 2.6079847635399274
 0.07288380553638753 2.6017787084253365
 0.07455348383779176 2.595337164947266
 0.07624268333033911 2.588677753142082
 0.07795160950025214 2.581824711394056
 0.07968057057686467 2.574808228411197
 0.08142966930328802 2.56766144399687
 0.083199213908856 2.5604178442659657
 0.08498951262290243 2.553106494628714
 0.08680066818853864 2.5457455671729226
 0.08863298883509842 2.538342804188461
 0.09048668004880435 2.5309005336850343
 0.09236205005899029 2.523418237162524
 0.09425930435187875 2.515890756449518
 0.09617875115680362 2.508307487078646
 0.09812049321687615 2.500658317742992
 0.10008494150454145 2.492937910578128
 0.10207240424913337 2.4851419420144354
 0.10408288145065192 2.4772648227598175
 0.10611719505398734 2.4693022657269834
 0.10817513957291706 2.46125794517919
 0.11025671500744107 2.453139803890089
 0.11236294878867219 2.44494623469156
 0.1144928134854976 2.436657989390993
 0.1166483639601429 2.428244486675597
 0.1188285727814953 2.419678990439811
 0.1210344673806676 2.410952454082546
 0.12326604775765977 2.4020756642797196
 0.12552434134358464 2.3930711175630632
 0.1278083207073294 2.3839699724200134
 0.13011798584889406 2.3748106120197705
 0.13245539163050418 2.3656315266105685
 0.1348205380521598 2.3564608892951253
 0.1372123976827481 2.347318777180188
 0.1396319979533819 2.338231050369228
 0.14208036629517395 2.3292392220395035
 0.14455647527701151 2.320396524439603
 0.14706237976112013 2.3117488669288697
 0.14959705231638704 2.303314178858462
 0.15216049294281223 2.2950803196636405
 0.15475372907150847 2.2870229267241937
 0.1573777881335886 2.27911737258093
 0.16003164269793982 2.271340529829133
 0.16271734762678766 2.263667484564492
 0.16543387548901942 2.2560718962591038
 0.16818122628463503 2.2485352110330243
 0.1709604274447473 2.2410448338599656
 0.173772506400469 2.2335879972895296
 0.1766174631518002 2.226158463443769
 0.1794942702676281 2.2187588763408095
 0.182406010041291 2.211389857900491
 0.18534960017945054 2.2040446225181385
 0.18832915040655795 2.1967068481506127
 0.19134157842927485 2.1893484401112486
 0.1943899665409396 2.181938644831392
 0.1974732873104394 2.174463997354566
 0.20059256816888704 2.1669374670176405
 0.2037478091162825 2.1593837160124716
 0.20693901015262584 2.1518169864472076
 0.2101682261401426 2.1442361468259357
 0.21343340221660723 2.136629075355121
 0.21673762067535807 2.128974532007364
 0.22007882665416958 2.121258336753656
 0.2234601024463801 2.11349292562047
 0.22687939318976408 2.105716356157122
 0.23033772631543428 2.0979771381641448
 0.2338371566856163 2.090318448015735
 0.23737665686919737 2.0827673059668492
 0.24095622686617746 2.0753368688428755
 0.2445779215387822 2.068032560641117
 0.24824071345589874 2.0608377942319427
 0.2519466574797527 2.053700164820109
 0.2556947261792313 2.0465478491313265
 0.25948594698544725 2.03931686421058
 0.26332031989840066 2.031953080199618
 0.2671998997803171 2.0244169320767083
 0.27112263176897095 2.0167083900697373
 0.2750915981577006 2.0088765435597034
 0.27910679894650603 2.001013901883228
 0.28316720670427453 1.9932162078484283
 0.2872738488621188 1.985530318573345
 0.29142878028226443 1.9779628538841176
 0.29563097353359874 1.9705176300920342
 0.29988145604723443 1.9631914777173687
 0.30418022782317145 1.95595725511466
 0.3085293437236355 1.9487719426030432
 0.31292777631751373 1.9415993422425912
 0.31737655303591894 1.9344291639897484
 0.3218756738788512 1.9272855458459075
 0.32642719370853596 1.9202043071169232
 0.3310311125249733 1.913206195076957
 0.33568640289705043 1.9063173959346142
 0.34039614711810584 1.8995772519036866
 0.3451593177570265 1.8930119734620272
 0.34997694224492537 1.8866193187375617
 0.3548500480129152 1.8803866140290546
 0.359778635060996 1.874278607488408
 0.3647627033891678 1.8682255554868774
 0.36980430785965607 1.8621505383675518
 0.3749044759035738 1.856000511125134
 0.3800611526586952 1.8497381574706893
 0.3852774204183588 1.843361792971592
 0.39055327918256455 1.8369107679447276
 0.3958887289513124 1.8304196174173557
 0.4012847971557152 1.8238756805309329
 0.4067425112268858 1.8172500013949997
 0.41226289859593684 1.8105135052917103
 0.41784493183175575 1.8036047563070459
 0.4234906657965679 1.7964332518425745
 0.4292011279214862 1.7889156823143464
 0.4349763182065106 1.7809721850952207
 0.44081623665164116 1.7725168644355545
 0.4467239655502163 1.7634766044599754
 0.4526974500400102 1.7538112459810744
 0.45873874498324874 1.7435337034565626
 0.46484785037993176 1.732733878860907
 0.4710268210922849 1.721549291189937
 0.47727565712030817 1.710080422076488
 0.4835953858951143 1.6983819237455995
 0.489987034847816 1.686549624598349
 0.4964495765473008 1.6747613545475548
 0.5029860932869068 1.663139718034286
 0.5095955576355213 1.6516278596354115
 0.5162800244553699 1.6400950881257126
 0.5230394937464526 1.6284956273874616
 0.5298749929398822 1.6168027028035956
 0.5367875494667714 1.6049152207647743
 0.5437781907582331 1.5927385453637306
 0.5508469168142672 1.5803025455673354
 0.5579957824970995 1.567729823758929
 0.5652247878067297 1.555084038291087
 0.5725339327431581 1.5423059265023946
 0.579926299599723 1.5292817832139356
 0.5874008609453114 1.5158825330078878
 0.594959671642149 1.5019643798168087
 0.602602731690236 1.48738415673121
 0.610331068520685 1.4721809878236123
 0.6181457095646088 1.4565429740118216
 0.6260476822531202 1.4405911209384799
 0.6340380140173322 1.4243432286090532
 0.6421177322883572 1.4077612774497676
 0.6502878644973084 1.3907494226607258
 0.6585484106441856 1.373260664836231
 0.6669003981601014 1.3553199295697387
 0.6753458819072817 1.3368861888384582
 0.6838858893168394 1.3178862124733914
 0.6925193929576614 1.2983631655753
 0.7012494751230861 1.2784613683574935
 0.7100771632442264 1.258336841159376
 0.7190014298899695 1.2380495327473207
 0.7280253573536538 1.2175131781521737
 0.7371489456352793 1.196588366005987
 0.7463732221659589 1.1752115793828095
 0.7556992143768051 1.1534092372798708
 0.7651279496989308 1.131269214993127
 0.7746614829945618 1.108877899292258
 0.784299814263698 1.0862782403388302
 0.794043970937452 1.0635281089876665
 0.8038960078780497 1.0406421346629033
 0.8138559250854908 1.017631791584403
 0.8239247499908884 0.9946795763037607
 0.8341045374564678 0.9718874015471513
 0.8443963149133419 0.9490594979197282
 0.8548000823615108 0.9259262332674367
 0.8653178946632001 0.9022111562282537
 0.8759507792495224 0.8776906862992969
 0.8866997635515905 0.8524054493843884
 0.8975669024316304 0.8266700268183725
 0.9085511684585288 0.8007719937636149
 0.9196556439256243 0.7748386575857917
 0.9308813562640297 0.7489205063407135
 0.942228305473745 0.7230214529484331
 0.9536995738481086 0.69715471465288
 0.9652941339560077 0.6713500628849313
 0.9770150680907806 0.645687111835018
 0.9888634036835403 0.6202160343535662
 1.0008391407342865 0.5948930879462152
 1.0129443341052449 0.569696768826604
 1.0251800112275287 0.544656183617294
 1.0375513092567012 0.5197554902952469
 1.0500448715882964 0.49507503686234744
 1.062682274275683 0.4708723436357412
 1.0754532430077333 0.4473161008427773
 1.0883680520955747 0.4245397180939191
 1.1014061529169517 0.4025848825336066
 1.1145983684052478 0.38121261042169735
 1.1279241499382078 0.36026374095006336
 1.141393771826959 0.3399058711248465
 1.1550072340715014 0.3204743935394274
 1.1687645366718353 0.3021058979573317
 1.1826656796279607 0.2846403076985287
 1.1967209372510053 0.26792206372687516
 1.2109303095409696 0.25194960871347216
 1.225273247875597 0.23676602075015474
 1.2397805751882716 0.2223700187420713
 1.2544420171678656 0.20884120943682782
 1.2692575738143792 0.19625472193742854
 1.2842169708166842 0.18452648635855415
 1.2993510311081642 0.17348639841757763
 1.3146289317554358 0.16294837844269053
 1.3300814956918825 0.15273123338464875
 1.345688174295249 0.14280401000421347
 1.361459241876662 0.13324828755263995
 1.3773946984361227 0.12417921373539605
 1.393494543973631 0.1157501670684036
 1.4097690528003142 0.10806186920169597
 1.4262079506050447 0.10112983561962871
 1.4428215116989507 0.09490912557044441
 1.459609736082032 0.0893051081356615
 1.4765623494431603 0.08420672130774372
 1.493699900404592 0.07952695281359243
 1.511001840344071 0.07522910791658548
 1.5284989921949812 0.07132127607946881
 1.5461605330239387 0.06781641790740617
 1.5640172857643273 0.06469809208473191
 1.5820487017938913 0.06192397321743793
 1.6002650554237583 0.05946022338950962
 1.6186766209650565 0.057296183908937724
 1.6372628497955302 0.05542058492238894
 1.6560442905374348 0.053797675576302315
 1.6750209431907708 0.05237393388300141
 1.69418253344441 0.05109975649684946
 1.7135496099206082 0.049952627836769396
 1.7331016239971098 0.04892955617266837
 1.7528591242961704 0.04800010192074787
 1.772811836506662 0.04708738978595836
 1.792959760628585 0.04610545838299879
 1.813323445284195 0.044997015767522346
 1.8338823418512364 0.043734319503232984
 1.8546467246408367 0.04231038343736228
 1.875616593652996 0.04075189247332839
 1.8968022231988428 0.03914830060478035
 1.9181933389672485 0.03764724003875567
 1.9398002152693412 0.03639603490958539
 1.9616228521051213 0.03548874987986922
 1.9836612494745882 0.03497075695153353
 2.005915407377742 0.034857275060048126
 2.0283853258145834 0.03513402863238086
 2.0510710047851117 0.03573320099198249
 2.0739929929115832 0.03652103801446041
 2.0971307415717413 0.03735115639417905
 2.1204945250767144 0.03807585388624133
 2.144084343426503 0.03857106686167414
 2.1679001966211064 0.038796342051539166
 2.1919523589716534 0.03873206581166781
 2.2162408304781427 0.03835560686658973
 2.240755336829447 0.037710792329194394
 2.2655061523366946 0.036943281774201926
 2.290503551311013 0.03620895499974742
 2.315726985130147 0.035598715986756416
 2.341207276727479 0.03508642954039102
 2.3669136031696265 0.0345504107661431
 2.392876787389973 0.03389602345238947
 2.4190762807662627 0.033100380756076894
 2.445522357609623 0.03222598633599086
 2.4722252922311823 0.03145579589390466
 2.4991748103198126 0.030993969037185168
 2.526381186186642 0.03098562058285832
 2.553834145520542 0.03150564626197553
 2.581554236943769 0.032456108596904856
 2.609520911834067 0.03361412515569274
 2.6377547188136914 0.0347951299628422
 2.6662453835715154 0.0359292511936655
 2.694992906107538 0.03698837194778012
 2.7240075607328875 0.03772826825724487
 2.7532996217586923 0.037751696437236935
 2.7828485405626955 0.03692407927233341
 2.8126645914560253 0.035539434527709905
 2.8427477744386827 0.03400695112876519
 2.8731083638217942 0.03263625200852746
 2.903746359605361 0.03169234750721171
 2.9346514874782548 0.03128887515165433
 2.965844296062731 0.031208940521104605
 2.997304236736534 0.031006515919130107
 3.0290518581219206 0.030341566075368483
 3.0610768859077613 0.02932443752593706
 3.0933793200940567 0.028158873434825617
 3.1259797093030635 0.027165574664117537
 3.1588575049125245 0.026780106326093032
 3.1920229812335688 0.026989950974727242
 3.2254761382661954 0.027447641601406666
 3.259216976010405 0.027758123643621818
 3.293255768777325 0.02767282090564002
 3.3275822422558283 0.02704573464628554
 3.362206670757042 0.025980242537758453
 3.397129054280967 0.02481700120899756
 3.432339118516474 0.02378288277314829
 3.4678574120858205 0.022730069496637438
 3.5036736606778773 0.021606433136109906
 3.5397878642926446 0.020531845299404078
 3.5762102972412513 0.019477889460502083
 3.612930685212568 0.01862493607583256
 3.649949028206596 0.01823350776893432
 3.68728587484559 0.01826255333087428
 3.724930950818423 0.018455156706532375
 3.762873981813967 0.01859613022739007
 3.801135516454478 0.018591447593306148
 3.839705280428827 0.01840651001302909
 3.8785832737370147 0.018151545730754486
 3.9177797706901694 0.01790028163012428
 3.9572844969771626 0.017648632863565092
 3.997107726909123 0.017575379113496513
 4.037239186174921 0.01813597534714495
 4.0776994233968145 0.019269283482269063
 4.118467889952547 0.019746173264495688
 4.159565134464374 0.018348041799026556
 4.200980882621167 0.015533056041663116
 4.2427048601117985 0.012797603691834638
 4.284757615558525 0.010892682598032312
 4.327139148961346 0.00948956401322341
 4.369839186009133 0.007946079636430637
 4.412857726701888 0.006210471454044265
 4.456205045350737 0.004724860975393019
 4.49988114195568 0.003707599121632721
 4.543875742205591 0.0030321781125900943
 4.588199120411597 0.002545009744067781
 4.632851276573695 0.002168218826976735
 4.677821936380762 0.0018653618212927645
 4.72313164845505 0.0016164131062642486
 4.768759864174306 0.0014086468041798709
 4.814727132160784 0.0012332434934030257
 4.861012903792229 0.0010837758482440817
 4.907627453379768 0.0009554089970359773
 4.95458105523453 0.0008444252024601012
 5.0018531607342585 0.0007479176870919105
 5.049464318501209 0.0006635826326966977
 5.097404254224255 0.0005895721595519878
 5.145672967903395 0.0005243880221615778
 5.19427045953863 0.00046680289357550926
 5.24319672912996 0.0004158016112578466
 5.2924517766773835 0.0003705366449907181
 5.342045876492031 0.0003302941384697742
 5.3919584799516445 0.0002944677997901554
 5.44221013567848 0.0002625386903894387
 5.492780295050283 0.0002340594720751861
 5.543689506689308 0.00020864202939234485
 5.594917221973299 0.00018594769198100158
 5.646483989524514 0.00016567942054265965
 5.698369260720694 0.00014757557163363425
 5.750593584184099 0.00013140478157312396
 5.803136411292469 0.00011696182244234394
 5.856008016356933 0.00010406416294078554
 5.909198125066364 0.00009254910485214307
 5.962727286043019 0.0000822713733236068
 6.0165646763535126 0.00007310106624963244
 6.0707411189312275 0.00006492190845989266
 6.125225790842781 0.00005762973083454718
 6.18003924071043 0.00005113116033002125
 6.235181468534174 0.00004534247043253414
 6.2906319256917556 0.00004018856565197905
 6.346400886494304 0.00003560208815504568
 6.40248835094182 0.00003152262360908777
 6.458894319034301 0.000027895993110814118
 6.515618790771749 0.00002467361879882875
 6.572651491843037 0.000021811960593334577
 6.63000269655929 0.00001927200381904343
 6.687651856298255 0.00001701880620126139
 6.7456195196821875 0.000015021083265292819
 6.8038954123999575 0.000013250840579819988
 6.862479534451566 0.000011683039559691855
 6.921361611525885 0.000010295296545193153
 6.980551917934043 0.000009067612656537483
 7.0400401793649126 0.000007982129013109243
 7.099826395818492 0.000007022906884490489
 7.159910567294783 0.000006175729765287459
 7.220292693793784 0.0000054279237971613335
 7.280972775315496 0.0000047681982818321035
 7.3419405375487905 0.00000418649944610752
 7.40318570618254 0.0000036738811420705325
 7.464728829839 0.000003222387404490601
 7.526559634207043 0.0000028249469790962713
 7.588667844975541 0.0000024752790104027317
 7.6510534621444934 0.000002167807917127502
 7.713716485713902 0.000001897587265289302
 7.776667189994892 0.0000016602316014846955
 7.83987475205408 0.0000014518549522158044
 7.903359720513725 0.000001269016267962108
 7.967111821062696 0.0000011086702218075576
 8.031120779389866 9.681233756899893E-7
 8.095396869806363 8.449949794802327E-7
 8.159929818001059 7.371819269342002E-7
 8.22472989828508 6.428275249312349E-7
 8.289766287725046 5.602935943311047E-7
 8.35505953494321 4.881355664847713E-7
 8.420599365628446 4.250804847658309E-7
 8.486385779780752 3.700071772460499E-7
 8.552408503089001 3.2192878441191605E-7
 8.618667535553195 2.7997717876641143E-7
 8.68516287717333 2.4338911875516644E-7
 8.751884253638279 2.1149396433627979E-7
 8.818831664948046 1.837027888792678E-7
 8.886005111102625 1.594987193930889E-7
 8.953404592102022 1.3842836836087123E-7
 9.021009559323977 1.2009426882693972E-7
 9.088840561390747 1.041481693549798E-7
 9.156866775368947 9.028510881996838E-8
 9.225108749880835 7.823818013589162E-8
 9.293545936304154 6.777391323915734E-8
 9.362178334638903 5.8688189813095374E-8
 9.431005944885085 5.0802653022230294E-8
 9.50001849273157 4.396153407772537E-8
 9.569226252489488 3.802886644759023E-8
 9.638608675536577 3.288602762937489E-8
 9.708176036183971 2.842957848075507E-8
 9.777907785809413 2.4569367053952013E-8
 9.84781419872403 2.1226859042443405E-8
 9.917885000616694 1.8333675425575756E-8
 9.988109917176278 1.583030598886124E-8
 10.058499222713909 1.3664987845941197E-8
 10.129032368607332 1.1792712754562078E-8
 10.199719629167673 1.0174368869687132E-8
 10.270550730083807 8.775980375578692E-9
 10.341505122733475 7.568048434494129E-9
 10.412603355738936 6.524971704022552E-9
 10.483804331855673 5.624542317306411E-9
 10.555210794194972 4.847504527468119E-9
 10.626719999645552 4.177169433064876E-9
 10.69822920509613 3.599079072987058E-9
 10.769943896769268 3.1007147919174756E-9
 10.841761331553682 2.671242926752545E-9
 10.91368150944938 2.3012904628496157E-9
 10.985704430456355 1.982755095920073E-9
 11.057727351463331 1.7086355580324859E-9
 11.129955758692867 1.4728862868184624E-9
 11.202184165922402 1.270290214856859E-9
 11.274618059374497 1.0963518208138761E-9
 11.346949209715312 9.47198081593539E-10
 11.419485846278684 8.194994728174221E-10
 11.492022482842058 7.103984874318748E-10
 11.564661862516713 6.174465220790569E-10
 11.637301242191366 5.385524480693645E-10
 11.70994062186602 4.719391121133031E-10
 11.782682744651954 4.16103202746822E-10
 11.855527610549165 3.6978149568808423E-10
 11.928372476446377 3.3192775876805904E-10
 12.00111459923231 3.0168627476099425E-10
 12.074062208240804 2.783739870869413E-10
 12.146907074138017 2.61466157943141E-10
