 0. 0.5238509713640302
 0.0009141991464812636 0.5300132426038128
 0.0018391523879547084 0.5362475837492121
 0.0027749854973019433 0.5425548277287975
 0.0037218257009908606 0.5489358168662953
 0.004679801695471608 0.5553914029699686
 0.005649043663728537 0.5619224474432312
 0.006629683292025193 0.5685298213784433
 0.00762185378681299 0.575214405670194
 0.008625689891837585 0.581977091108199
 0.009641327905407367 0.5888187784905894
 0.010668905697859655 0.5957403787238891
 0.011708562729201375 0.6027428129345325
 0.012760440066944346 0.6098270125759174
 0.013824680404127394 0.616993919531968
 0.014901428077519195 0.6242444862347992
 0.015990829086026465 0.6315796757691634
 0.017093031109284427 0.6390004619874646
 0.01820818352644798 0.6465078296212817
 0.019336437435177514 0.6541027743963931
 0.020477945670825445 0.6617863031425041
 0.02163286282581425 0.6695594339198064
 0.022801345269235364 0.6774231961224947
 0.023983551166628717 0.6853786306053193
 0.02517964049998316 0.6934267898003863
 0.026389775087940676 0.7015687378322325
 0.027614118606201457 0.7098055506496014
 0.028852836608158922 0.7181383161343817
 0.030106096545724867 0.7265681342325089
 0.03137406779038304 0.7350961170734437
 0.032656921654451256 0.743723389102037
 0.033954831412573584 0.7524510871944509
 0.035267972323414894 0.7612803607908937
 0.036596521651586986 0.7702123720283419
 0.03794065868980642 0.7792482958547216
 0.0393005647812515 0.7883893201766718
 0.04067642334217722 0.7976366459781347
 0.04206841988473715 0.8069914874566092
 0.043476742040043044 0.8164550721585817
 0.04490157958146088 0.8260286411095699
 0.046343124448133814 0.8357134489504345
 0.04780157076874297 0.8455107640771468
 0.049277114885512216 0.8554218687736046
 0.05076995537844469 0.8654480593531362
 0.0522802930898063 0.8755906462957018
 0.05380833114884858 0.8858509543877247
 0.055354274996775706 0.896230322870742
 0.05691833241197079 0.9067301055705568
 0.05850071353544767 0.9173516710566202
 0.060101630896580785 0.9280964027729238
 0.061721299439063515 0.9389656991910983
 0.06335993654713365 0.9499609739573581
 0.06501776207205537 0.9610836560357744
 0.0666949983588512 0.9723351898579071
 0.06839187027329513 0.9837170354802863
 0.07010860522918054 0.9952306687224594
 0.07184543321582905 1.006877581328036
 0.07360258682588039 1.0186592811133517
 0.0753803012833418 1.0305772921259457
 0.0771788144719139 1.0426331547895242
 0.07899836696356954 1.054828426071398
 0.08083920204742497 1.0671646796318857
 0.08270156575887157 1.0796435059828025
 0.08458570690898433 1.0922665126475768
 0.0864918771142097 1.1050353243205824
 0.0884203308263314 1.1179515830281468
 0.09037132536271737 1.1310169482869565
 0.09234512093684309 1.1442330972696428
 0.09434198068910382 1.1576017249673516
 0.09636217071791066 1.1711245443529466
 0.09840596011107133 1.184803286547812
 0.10047362097746212 1.1986397009842262
 0.10256542847898312 1.212635555576718
 0.10468166086281255 1.2267926368859192
 0.1068225994939471 1.241112750290229
 0.10898852888804166 1.255597720151261
 0.111179736744538 1.270249389987271
 0.11339651398009595 1.2850696226423275
 0.11563915476231992 1.300060300459432
 0.11790795654378743 1.3152233254508212
 0.12020322009637487 1.330560619470242
 0.12252524954588406 1.3460741243935415
 0.12487435240698375 1.3617658022815695
 0.12725083961843547 1.3776376355667848
 0.1296550255786452 1.3936916272223667
 0.13208722818150984 1.409929800940928
 0.13454776885257597 1.4263542013088504
 0.13703697258550246 1.4429668939876332
 0.13955516797883985 1.4597699658910137
 0.14210268727311862 1.476765525360895
 0.1446798663882447 1.4939557023498178
 0.14728704496121317 1.5113426485986878
 0.14992456638413235 1.5289285378146522
 0.15259277784255817 1.5467155658588414
 0.15529203035415623 1.5647059509178751
 0.15802267880766313 1.5829019336924515
 0.16078508200217698 1.6013057775715922
 0.16357960268675192 1.6199197688239129
 0.16640660760032655 1.6387462167673872
 0.16926646751194838 1.6577874539632655
 0.17215955726133703 1.6770458363875913
 0.17508625579974652 1.696523743624328
 0.1780469462311646 1.7162235790368432
 0.18104201585381155 1.7361477699582502
 0.18407185620197083 1.7562987678702022
 0.18713686308813213 1.776679048585867
 0.19023743664545334 1.79729111243084
 0.1933739813705386 1.8181374844293503
 0.19654690616654105 1.8392207144782426
 0.19975662438656938 1.8605433775376168
 0.20300355387742697 1.882108073803778
 0.20628811702365282 1.9039174288966465
 0.2096107407918897 1.9259740940349748
 0.212971856775558 1.9482807462177543
 0.21637190123984598 1.970840088405827
 0.2198113151670173 1.9936548496985238
 0.22329054430202652 2.0167277855072787
 0.2268100391984378 2.0400616777434295
 0.2303702552646712 2.063659334984129
 0.23397165281053842 2.087523592651622
 0.2376146970940918 2.111657313189723
 0.24129985836878085 2.1360633862350005
 0.24502761193090777 2.160744728790071
 0.2487984381673854 2.18570428539153
 0.25261282260378803 2.210945028287459
 0.2564712559527124 2.2364699575943394
 0.2603742341624119 2.262282101477076
 0.2643222584657457 2.2883845163055443
 0.26831583542940024 2.3147802868199503
 0.2723554770034003 2.3414725262956484
 0.27644170057090667 2.3684643767039653
 0.28057502899829523 2.3957590088654186
 0.28475599068550295 2.423359622612494
 0.2889851196166584 2.4512694469392864
 0.29326295541097297 2.4794917401579495
 0.2975900433739053 2.508029790046737
 0.3019669345485845 2.5368869139948327
 0.3063941857674849 2.5660664591512146
 0.3108723597043621 2.5955718025671493
 0.3154020249264369 2.6254063513323134
 0.31998375594681633 2.65557354271548
 0.32461813327716144 2.686076844295
 0.32930574348058156 2.7169197540909416
 0.33404717922476 2.7481058006919974
 0.3388430393353009 2.7796385433839097
 0.34369392884929995 2.811521572258735
 0.3486004590691064 2.843758508346314
 0.35356324761631414 2.8763530037157703
 0.35858291848592955 2.9093087415887595
 0.36366010210073796 2.942629436446674
 0.3687954353658562 2.976318834127946
 0.37398956172345543 3.010380711927044
 0.3792431312076569 3.0448188786821526
 0.38455680049958024 3.079637174872016
 0.38993123298256116 3.1148394726830824
 0.39536709879748627 3.1504296761008947
 0.400865074898287 3.1864117209775107
 0.4064258451075518 3.2227895750919107
 0.41205010017224336 3.259567238221724
 0.417738537819541 3.29674874219085
 0.42349186281276635 3.3343381509236796
 0.4293107870074035 3.3723395604810253
 0.43519602940718205 3.4107570991100347
 0.44114831622024686 3.4495949272599566
 0.4471683809153558 3.4888572376175233
 0.45325696427813916 3.5285482551167138
 0.45941481446737553 3.568672236952824
 0.4656426870712931 3.6092334725819164
 0.4719413451638694 3.65023628371752
 0.4783115593611254 3.691685024317295
 0.48475410787739653 3.7335840805592877
 0.49126977658156207 3.7759378708203477
 0.4978593590532369 3.818750845627725
 0.5045236566388788 3.8620274876211678
 0.5112634785078297 3.905772311494029
 0.5180796417082539 3.9499898639300146
 0.5249729712229664 3.9946847235277
 0.5319443000251287 4.039861500714774
 0.5389944691337958 4.08552483766325
 0.5461243276693148 4.131679408170533
 0.5533347329085158 4.17832991755982
 0.5606265503397292 4.225481102546777
 0.5680006537175706 4.273137731100711
 0.5754579251174826 4.321304602304502
 0.5829992549900335 4.3699865461890175
 0.5906255422149251 4.419188423562102
 0.5983376941547044 4.468915125829653
 0.6061366267081608 4.519171574790562
 0.6140232643633671 4.569962722437619
 0.6219985402503719 4.621293550724409
 0.6300633961934867 4.673169071337611
 0.6382187827631732 4.725594325446667
 0.6464656593274967 4.778574383428595
 0.6548049941030961 4.8321143446089065
 0.6632377642057052 4.886219336945946
 0.67176495570012 4.940894516742201
 0.6803875636496637 4.996145068304951
 0.6891065921650599 5.05197620361403
 0.6979230544527247 5.1083931619635985
 0.7068379728624351 5.165401209589246
 0.715852378934345 5.223005639275116
 0.7249673134453168 5.281211769948153
 0.7341838264545449 5.340024946254693
 0.7435029773484396 5.399450538113327
 0.7529258348847309 5.459493940254921
 0.7624534772357695 5.520160571740963
 0.7720869920309883 5.581455875459585
 0.7818274763984825 5.643385317614257
 0.7916760370056989 5.7059543871707685
 0.8016337900991596 5.7691685953095275
 0.8117018615432294 5.833033474830381
 0.821881386857846 5.897554579558072
 0.8321735112552101 5.962737483715524
 0.8425793896753849 6.02858778127036
 0.8531001868207525 6.095111085271429
 0.863737077189314 6.162313027150591
 0.8744912451067705 6.230199256007822
 0.8853638847573564 6.298775437865237
 0.8963562002133719 6.368047254908475
 0.9074694054633897 6.438020404688288
 0.9187047244390704 6.508700599310134
 0.9300633910405617 6.580093564583701
 0.9415466491604154 6.65220503916355
 0.9531557527060031 6.725040773646302
 0.9648919656203565 6.798606529650682
 0.9767565619014036 6.8729080788662245
 0.9887508256195431 6.94795120207089
 1.000876050933505 7.023741688129621
 1.013133542104464 7.100285332949367
 1.0255246135083291 7.177587938417592
 1.0380505896461796 7.255655311302199
 1.0507128051527825 7.334493262124973
 1.063512604803145 7.414107603998432
 1.0764513435170329 7.494504151443437
 1.0895303863614312 7.575688719152634
 1.1027511085508426 7.657667120749115
 1.1161148954454203 7.740445167485692
 1.129623142546833 7.8240286669272106
 1.143277255491828 7.90842342159344
 1.1570786500434267 7.99363522756476
 1.171028752079687 8.07966987306134
 1.1851289975799861 8.166533136968896
 1.199380832608731 8.254230787353706
 1.213785713296476 8.342768579917411
 1.2283451058183448 8.432152256426795
 1.2430604863697128 8.522387543108437
 1.2579333411390858 8.613480148993434
 1.272965166278093 8.705435764233135
 1.288157467868537 8.79826005837886
 1.3035117618864451 8.8919586786069
 1.3190295741630214 8.986537247920214
 1.3347124403424595 9.082001363304416
 1.3505619058365397 9.178356593832032
 1.3665795257759155 9.275608478747802
 1.3827668649580604 9.373762525487425
 1.3991254977917553 9.472824207675409
 1.4156570082380842 9.572798963063512
 1.432362989747829 9.673692191443719
 1.449245045195226 9.775509252495375
 1.4663047868079617 9.878255463612831
 1.48354383609338 9.981936097672364
 1.5009638237607907 10.086556380757793
 1.5185663896398107 10.192121489852985
 1.5363531825946757 10.29863655046296
 1.554325860434403 10.406106634226921
 1.5724860898187873 10.514536756448983
 1.5908355461600867 10.623931873602487
 1.609375913520355 10.734296880795279
 1.628108884504349 10.845636609160726
 1.6470361601478842 10.957955823230597
 1.6661594498016041 11.071259218248347
 1.6854804710100615 11.185551417431812
 1.7050009493860239 11.300836969197219
 1.7247226184799325 11.417120344328374
 1.7446472196444223 11.534405933106449
 1.7647765018938326 11.65269804238163
 1.7851122217586075 11.772000892603542
 1.805656143134514 11.892318614808016
 1.8264100371266008 12.013655247545215
 1.8473756818877973 12.136014733767952
 1.8685548624520818 12.259400917668884
 1.8899493705621304 12.383817541469103
 1.91156100449136 12.509268242168782
 1.9333915688603032 12.635756548230736
 1.9554428744471934 12.763285876238669
 1.9777167379927196 12.891859527490336
 2.000214981998834 13.021480684555705
 2.022939434521555 13.152152407783772
 2.045891928957672 13.283877631760431
 2.0690743038252712 13.416659161726928
 2.0924884025380086 13.550499669944239
 2.1161360731730396 13.685401692023337
 2.1400191682325445 13.821367623198448
 2.1641395443987483 13.958399714563097
 2.1884990622823763 14.09650006926526
 2.2130995861644633 14.235670638651191
 2.2379429837314397 14.375913218371858
 2.2630311258034173 14.517229444450482
 2.288365886055616 14.659620789299519
 2.313949140732839 14.803088557708456
 2.3397827683569434 14.947633882785066
 2.3658686494272305 15.093257721864015
 2.3922086661136963 15.239960852368174
 2.4188047019430563 15.387743867646291
 2.44565864147751 15.53660717276316
 2.472772369986156 15.686550980270376
 2.500147773109027 15.837575305922266
 2.527786736513651 15.98967996438742
 2.555691145544122 16.14286456489954
 2.58386288486259 16.297128506910127
 2.6123038380831565 16.452470975688357
 2.6410158873980945 16.608890937908875
 2.6700009131963673 16.76638713720803
 2.6992607936743944 16.92495808972604
 2.7287974044390357 17.08460207961663
 2.75861261810274 17.24531715454595
 2.7887083038708376 17.40710112116923
 2.8190863271209414 17.569951540593905
 2.8497485489744276 17.73386572383229
 2.8806968258599825 17.898840727232248
 2.911933009069174 18.06487334791445
 2.9434589443040617 18.231960119184908
 2.9752764712168003 18.400097305958496
 3.007387422941256 18.569280900165033
 3.0397936256166056 18.73950661617411
 3.0724968979029548 18.91076988620118
 3.1054990504889335 19.083065855736027
 3.1388018855913167 19.256389378964275
 3.1724071964466565 19.430735014219326
 3.206316766794974 19.60609701942549
 3.2405323703554987 19.78246934756935
 3.2750557702945096 19.959845642194974
 3.309888718685307 20.13821923290755
 3.3450329559603453 20.31758313091844
 3.3804902103555845 20.497930024599064
 3.4162621973470895 20.679252275096363
 3.452350619079969 20.86154191195229
 3.4887571637896797 21.04479062877942
 3.525483505215775 21.22898977898274
 3.562531302008193 21.414130371511156
 3.599902197126129 21.600203066680844
 3.637597817229617 21.787198172029065
 3.6756197720638784 21.975105638240542
 3.71396965383656 22.16391505514096
 3.7526490365879814 22.35361564772934
 3.791659475554455 22.544196272315244
 3.8310025065248694 22.735645412694506
 3.870679645190595 22.92795117643973
 3.9106923864889205 23.121101291228907
 3.9510422039400743 23.315083101316674
 3.991730548978098 23.509883564030112
 4.032758850275596 23.70548924642447
 4.074128513062652 23.90188632199271
 4.115840918440008 24.099060567495012
 4.157897422686698 24.296997359912904
 4.200299356562382 24.495681673483364
 4.243048024604486 24.69509807688907
 4.286144704420462 24.895230730536323
 4.329590645975268 25.09606338399648
 4.373387070874414 25.297579373539065
 4.417535171642676 25.4997616198548
 4.462036110998857 25.702592625857474
 4.5068910211266955 25.90605447470579
 4.552101002942336 26.110128827902255
 4.597667125358469 26.314796923619724
 4.643590424545565 26.520039575131353
 4.68987190319035 26.725837169462388
 4.7365125297519475 26.9321696661505
 4.783513237715842 27.139016596254315
 4.830874924846122 27.34635706149139
 4.878598452436213 27.554169733579716
 4.926684644558464 27.76243285378486
 4.975134287312942 27.971124232636928
 5.023948128075735 28.180221249883616
 5.07312687474717 28.38970085461085
 5.122671195000244 28.599539565616414
 5.172581715529708 28.80971347195883
 5.2228590213021 29.020198233772092
 5.273503654807219 29.230969083250148
 5.324516115311291 29.44200082592948
 5.375896858112398 29.653267842132646
 5.427646293798411 29.86474408872862
 5.479764787507997 30.076403101053735
 5.532252658194988 30.288217995166274
 5.58511017789667 30.500161470270466
 5.638337571006314 30.712205811460233
 5.691935013550489 30.92432289270047
 5.745902632471581 31.13648418004124
 5.8002405049159185 31.348660735166284
 5.854948657528094 31.56082321913519
 5.910027065751812 31.77294189647018
 5.965475653137874 31.984986639455222
 6.02129429065966 32.19692693278052
 6.0774827960367235 32.40873187840445
 6.134040933066861 32.62037020076526
 6.190968410967287 32.831810252211326
 6.2482648837252786 33.04302001880397
 6.305929949458949 33.25396712632184
 6.363963149788501 33.46461884664745
 6.422363969218625 33.674942104371475
 6.481131834532421 33.88490348377396
 6.540266114197505 34.09446923601092
 6.5997661177846565 34.30360528669318
 6.659631095399697 34.51227724371019
 6.719860237129014 34.72045040535086
 6.780452672499263 34.928089768777845
 6.841407469951854 35.13516003872835
 6.90272363633263 35.34162563659273
 6.96440011639738 35.54745070971662
 7.02643579233359 35.75259914108157
 7.088829483299088 35.957034559204125
 7.151579944977966 36.16072034840016
 7.214685869154411 36.363619659290435
 7.278145883304869 36.56569541964645
 7.341958550209145 36.766910345469455
 7.4061223675808305 36.96722695243029
 7.470635767717691 37.16660756750646
 7.535497117172376 37.365014340991046
 7.6007047164440715 37.562409258705415
 7.666256799691475 37.75875415451046
 7.732151534467603 37.954010723124334
 7.798387021476959 38.14814053312716
 7.864961294355413 38.341105040308996
 7.931872319473359 38.53286560118933
 7.999117995762475 38.72338348687103
 8.066696154566658 38.91261989705338
 8.134604559517415 39.10053597433848
 8.202840906434218 39.287092818757586
 8.271402823250213 39.47225150247646
 8.340287869963587 39.65597308478961
 8.409493538615113 39.83821862724207
 8.479017253292067 40.01894920902631
 8.548856370159038 40.19812594248607
 8.619008177515772 40.375709988907765
 8.689469895882587 40.55166257435874
 8.760238678113426 40.725945005815966
 8.83131160953706 40.898518687339504
 8.902685708126507 41.069345136482724
 8.974357924697097 41.238386000746615
 9.046325143133252 41.405603074250415
 9.118584180644357 41.57095831442199
 9.191131788049752 41.73441385888262
 9.263964650093207 41.89593204233168
 9.337079385786845 42.055475413578854
 9.410472548784801 42.21300675262314
 9.48414062778668 42.36848908774884
 9.55808004697085 42.521885712743206
 9.632287166457798 42.67316020404811
 9.706758282803383 42.8222764380298
 9.781489629522271 42.96919860814595
 9.856477377641294 43.113891242226416
 9.931717636282983 43.25631921959849
 10.007206453278986 43.39644778830679
 10.082939815813537 43.53424258217251
 10.15891365109669 43.66966963788792
 10.235123827067392 43.80269541193923
 10.311566153126087 43.93328679754851
 10.388236380896888 44.06141114139275
 10.46513020501892 44.187036260324284
 10.542243263966851 44.31013045785372
 10.619571140900181 44.43066254057118
 10.697109364541197 44.5486018343689
 10.774853410081224 44.66391820047015
 10.852798700114876 44.77658205135112
 10.930940605602052 44.886564366346796
 11.00927444685721 44.99383670716213
 11.087795494565682 45.098371233049654
 11.16649897082649 45.20014071584477
 11.245380050221383 45.299118554636564
 11.324433860909508 45.39527879029352
 11.403655485747398 45.488596119576954
 11.48303996343361 45.57904590909622
 11.562582289677708 45.666604208808366
 11.642277418392815 45.751247765359494
 11.722120262911432 45.83295403493111
 11.802105697223688 45.911701195886984
 11.882228557237658 45.98746816094848
 11.96248364206093 46.06023458907589
 12.042865715302899 46.129980896953676
 12.123369506397115 46.196688270040184
 12.203989711942908 46.26033867331524
 12.284720997065772 46.32091486147181
 12.365557996795534 46.378400388858445
 12.446495317461867 46.43277961883348
 12.527527538106145 46.48403773278053
 12.608649211909018 46.53216073865608
 12.6898548676329 46.577135479007644
 12.771139011078462 46.618949638672156
 12.852496126554556 46.657591751830566
 12.933920678360442 46.693051208732356
 13.015407112279767 46.7253182618203
 13.096949857085212 46.75438403145766
 13.178543326053152 46.780240511055624
 13.260181918487252 46.80288057182077
 13.341860021250355 46.822297966855885
 13.423572010303527 46.8384873348705
 13.505312252251567 46.851444203303416
 13.587075105893984 46.861164990949455
 13.668854923780536 46.86764701005384
 13.750646053770446 46.870888467924
 13.83244284059442 23.435444233961263
