 0. 0.
 0.0029454806485652786 0.003990026287600622
 0.0059256101795039685 0.014184997934862123
 0.0089407938235476 0.029197027580166113
 0.011991441494772997 0.04783244100790936
 0.01507796784342886 0.06908760123266805
 0.01820079230926489 0.09214001922807383
 0.021360339175482888 0.11633693740965023
 0.02455703762321524 0.1411789055309681
 0.02779132178664033 0.1662967736788377
 0.03106363080862035 0.19142375808160844
 0.03437440889697604 0.21636847102031148
 0.03772410538132363 0.24099361934469704
 0.0411131747705388 0.26520059807309965
 0.04454207681082254 0.2889184808910541
 0.04801127654434935 0.31209712709501103
 0.05152124436857706 0.3347028880096422
 0.055072456096143856 0.3567149483463375
 0.058665393015412085 0.3781212937277834
 0.06230054195163907 0.39891550396346714
 0.06597839532879465 0.41909515337182274
 0.06969945123199585 0.4386613378573155
 0.07346421347065289 0.45761889352449703
 0.07727319164219754 0.47597646041242275
 0.0811269011965228 0.4937452142743936
 0.08502586350107953 0.5109367525379216
 0.08897060590661991 0.5275622140778421
 0.092961661813682 0.5436326194973197
 0.09699957073968674 0.5591584838127032
 0.10108487838677109 0.5741488186630124
 0.10521813671029279 0.5886104842424299
 0.10939990398807672 0.6025488980739643
 0.11363074489031304 0.615970132754566
 0.11791123055020149 0.6288818413115409
 0.12224193863534225 0.6412908805365346
 0.1266234534197685 0.6531998381189602
 0.13105636585681008 0.6646071748580239
 0.13554127365262375 0.675510669985569
 0.14007878134048973 0.6859099442756881
 0.14466950035586962 0.6958057341092075
 0.1493140491121955 0.7051964476679405
 0.15401305307742566 0.7140769162225474
 0.15876714485138602 0.722443667151824
 0.1635769642438584 0.7303052223925729
 0.1684431583534644 0.7376881176724194
 0.17336638164732093 0.7446294828101436
 0.17834729604148156 0.7511642380388908
 0.18338657098221414 0.7573203924920804
 0.18848488352800435 0.7631195884712185
 0.19364291843245549 0.7685734385714024
 0.19886136822792416 0.7736796841277132
 0.204140933310017 0.7784280937328693
 0.20948232202291336 0.7828126915692901
 0.21488625074549378 0.7868365879001501
 0.22035344397830978 0.7905043422788913
 0.225884634431439 0.7938109282950084
 0.23148056311311666 0.7967417175517422
 0.2371419794192726 0.7992842051945549
 0.24286964122390395 0.8014346539458312
 0.24866431497033925 0.8031935706296209
 0.25452677576331734 0.8045646790986553
 0.26045780746200786 0.8055636272042738
 0.2664582027738718 0.8062212806952848
 0.2725287633494131 0.8065707009871382
 0.2786702998778309 0.806629575956359
 0.2848836321835669 0.8063949640357008
 0.291169589323759 0.8058523368511179
 0.297529009686585 0.8049900346251366
 0.3039627410905373 0.8038126549526594
 0.3104716408846119 0.8023488312813688
 0.3170565760494153 0.8006443181576466
 0.3237184232992088 0.7987376000891461
 0.330458069184866 0.7966398783714558
 0.3372764101977938 0.7943386239265867
 0.3441743528747747 0.7918163005779691
 0.35115281390377434 0.789066970092621
 0.3582127202306793 0.7861013692516722
 0.3653550091670099 0.7829373815119856
 0.3725806284985845 0.7795914570187391
 0.37989053659515687 0.7760913968843467
 0.38728570252101135 0.7724936869827456
 0.39476710614652677 0.7688118439312595
 0.40233573826075536 0.7650013193355504
 0.409992600684918 0.7610351450198373
 0.4177387063869486 0.7569411121698654
 0.42557507959698937 0.7527651864765942
 0.4335027559238909 0.7485106437220843
 0.44152278247269244 0.744122397431033
 0.44963621796312203 0.7395532429756454
 0.45784413284909226 0.7348006256263346
 0.46614760943918554 0.7298711871192974
 0.4745477420181652 0.7247733929147305
 0.4830456369694859 0.719525739156474
 0.4916424128988041 0.7141525328602915
 0.5003392007585445 0.7086781505533939
 0.5091371439734304 0.703114001707876
 0.5180373985670745 0.6974555620418552
 0.5270411332895502 0.6917017674311945
 0.5361495297460367 0.6858901681921086
 0.5453637825264207 0.6800789765158233
 0.554685099335987 0.6742963091822675
 0.5641147011270733 0.6685532224982488
 0.5736538222318129 0.6628363335307668
 0.5833037104958392 0.6571249267808756
 0.5930656274130613 0.6514222180896023
 0.6029408482614461 0.6457111943895666
 0.6129306622398275 0.6399538581580065
 0.6230363726057335 0.6341251149541862
 0.6332592968142606 0.6282040072743622
 0.6436007666579263 0.6221606013534927
 0.6540621284075928 0.6159757257587776
 0.6646447429543646 0.6096478412909019
 0.6753499859525381 0.6031897447754769
 0.6861792479635385 0.5965927503810687
 0.6971339346008738 0.5898075803703346
 0.7082154666761137 0.582777259001978
 0.719425280345858 0.5754824621614488
 0.7307648272596836 0.5679500986282999
 0.7422355747091471 0.5602209650705509
 0.7538390057777188 0.5523126883737602
 0.7655766194917267 0.5442486409260302
 0.7774499309722918 0.5360910823456821
 0.7894604715882254 0.5279277903855951
 0.8016097891099025 0.519845853194171
 0.8138994478640774 0.5119140607882453
 0.8263310288896987 0.5041397988613482
 0.838906130094606 0.49651122098602674
 0.8516263664132399 0.4890163674123734
 0.8644933699652299 0.4816067450249616
 0.8775087902149148 0.47423343410904334
 0.8906742941317882 0.4668701049432807
 0.9039915663518484 0.4594973534147912
 0.9174623093398103 0.45209713125113327
 0.9310882435522322 0.44465481028656306
 0.9448711076014841 0.4371591911889085
 0.9588126584205958 0.4296305427929488
 0.9729146714289374 0.4221395843597721
 0.9871789406987134 0.41475907904647613
 1.0016072791222952 0.4075339234038861
 1.016201518580354 0.4004994614188972
 1.0309635101107577 0.3936874527154
 1.045895124078263 0.38712906414935566
 1.060998250344936 0.38086671179751325
 1.0762747984413192 0.3749628587570948
 1.0917266977383109 0.36946667438569025
 1.107355897619767 0.3643871152789074
 1.123164367655718 0.3597076546224428
 1.1391540977763215 0.355396016037026
 1.1553270984463917 0.3514044954942327
 1.17168540084056 0.347691742294558
 1.1882310570190402 0.3442329760061428
 1.2049661401039433 0.34101097589153345
 1.2218927444561447 0.33801518979450673
 1.239012985852647 0.3352421968918408
 1.2563290016644881 0.3326884333687675
 1.273842951035023 0.33034486696278936
 1.2915570150587252 0.3282001154135684
 1.3094733969603611 0.3262468573430694
 1.3275943222745084 0.3244769343679195
 1.3459220390254765 0.3228730864447365
 1.364458817907494 0.3214129701208825
 1.3832069524652015 0.32007618708653335
 1.402168759274347 0.31885163518599785
 1.4213465781227614 0.317739921469123
 1.440742772191422 0.3167500607129817
 1.460359728235717 0.31589492361294225
 1.4801998567667618 0.31518890639126407
 1.5002655922327979 0.31464956192350685
 1.520559393200586 0.3142924300762881
 1.5410837425367818 0.31412042594946293
 1.561841147589236 0.3141246273781539
 1.5828341403681627 0.3142895125340042
 1.6040652777271833 0.31459881922708194
 1.6255371415441016 0.3150429227211254
 1.6472523389014628 0.315619490104176
 1.669213502266784 0.31632740365252104
 1.6914232896724275 0.31716101352734016
 1.7138843848950487 0.31810951058671244
 1.7365994976345653 0.31915998876372503
 1.759571363692646 0.32029761140409474
 1.7828027451505322 0.3215010411630371
 1.8062964305462996 0.3227366771241786
 1.8300552350513712 0.32395771398810175
 1.8540820006462464 0.3251110645748883
 1.8783795962954468 0.3261483803042808
 1.9029509181215272 0.32703630983832555
 1.9277988895781275 0.3277636879986914
 1.9529264616220186 0.3283414262271148
 1.9783366128839923 0.32879825252601635
 2.004032349838636 0.32916550356161833
 2.0300167069727935 0.3294605861300177
 2.0562927469527468 0.3296935874325449
 2.0828635607899906 0.3298885543505505
 2.109732268005459 0.330083852566425
 2.136902016792294 0.33030566697758573
 2.164375984176843 0.3305471181078202
 2.1921573761780295 0.3307780670028411
 2.220249427964817 0.3309685955266605
 2.2486554040118034 0.3310971625545308
 2.277378598252806 0.3311509547605321
 2.306422334232343 0.33112980089801963
 2.33578996525491 0.33104427171661494
 2.3654848745319756 0.33090920198728835
 2.395510475326593 0.330738433182419
 2.4258702110955017 0.3305392119452024
 2.4565675556286393 0.3303098806538699
 2.487606013185945 0.3300456138223404
 2.518989118631335 0.3297430897993125
 2.5507204375637933 0.3293581879384867
 2.5828035664453632 0.3287789394212573
 2.615242132726051 0.327927297755158
 2.6480397949653884 0.32685094356671845
 2.6812002429506503 0.3257078463583627
 2.7147271978115475 0.3246529839728529
 2.7486244121312464 0.32371562724279584
 2.7828956700536582 0.32286762955556797
 2.8175447873868023 0.32214232049251706
 2.8525756117021484 0.32157458669997824
 2.887992022429767 0.3211274723917757
 2.9237979309492106 0.3207332217541569
 2.95999728067591 0.3203871747475135
 2.9965940471430104 0.32017694089166965
 3.0335922380784277 0.32018202428743775
 3.070995893477071 0.3203746633504336
 3.10880908566799 0.32066371133616794
 3.14703591937635 0.3210286796938911
 3.185680531780057 0.3215464985883955
 3.22474709256086 0.3222551212305938
 3.264239803949822 0.323194545446007
 3.304162900766915 0.32461124035925815
 3.3445206504546463 0.3268844466904213
 3.3853173531055027 0.33025966996558265
 3.4265573414830537 0.3346411920544214
 3.4682449810365226 0.3396087699494769
 3.510384669908701 0.344675790171724
 3.552980838936919 0.34951392720212754
 3.5960379516470278 0.3538679009975297
 3.639560504240075 0.35741629718688306
 3.683553025571565 0.3600026642029537
 3.7280200771230962 0.36166382439413286
 3.772966252966149 0.36251306882405093
 3.8183961797178934 0.362739302336351
 3.8643145164887023 0.3625146858590779
 3.9107259548213174 0.36201189209436074
 3.9576352186213244 0.3612720037554445
 4.005047064078802 0.3602925239823375
 4.052966279580945 0.3593180665087953
 4.101397685615374 0.35860300393638633
 4.150346134663983 0.3583069607738307
 4.199816511087111 0.35827891882854346
 4.2498137309977295 0.3580673818574532
 4.300342742125526 0.35734308085863575
 4.351408523670612 0.35611395005114754
 4.403016086146576 0.35466512387022875
 4.455170471212771 0.3532439722771953
 4.5078767514954565 0.3519654987846451
 4.561140030397691 0.35065853176486605
 4.614965441897625 0.34917813320668145
 4.669358150335067 0.3478751631757692
 4.724323350185936 0.34752213384737024
 4.7798662658245075 0.34854545243783497
 4.8359921512730955 0.35067810604411515
 4.892706289938955 0.353449834855475
 4.950013994338202 0.35644381646958667
 5.007920605806364 0.3592235047866878
 5.066431494195501 0.3614633375498248
 5.125552057557456 0.362920983487429
 5.185287721813057 0.36364002814523855
 5.245643940407077 0.36428400766198726
 5.306626193948523 0.36503380495896703
 5.368239989836151 0.36534781976518876
 5.430490861868875 0.36494451113205806
 5.493384369840786 0.364298543908589
 5.556926099120563 0.36418608638709987
 5.621121660214963 0.3650253538465733
 5.685976688316176 0.36669693850263546
 5.751496842832713 0.3686713814270457
 5.817687806903602 0.3701156816813014
 5.884555286895632 0.37094346690880553
 5.952105011883331 0.37173399587239336
 6.020342733111447 0.3723414536269531
 6.089274223439646 0.37232158456053804
 6.158905276769148 0.37115680628582
 6.229241707451102 0.3689925780739363
 6.300289349676303 0.3665302454946634
 6.372054056846127 0.36505493188400284
 6.444541700924307 0.36526307662726426
 6.517758171769357 0.36677151982368156
 6.591709376447352 0.3682273898086749
 6.666401238524801 0.3696565129712054
 6.741839697341366 0.371006831942237
 6.818030707262153 0.3727805980267944
 6.8949802369093645 0.3751049480778711
 6.9726942683729956 0.37742882327951005
 7.0511787964003645 0.3792155747545486
 7.130439827564257 0.3803396688910445
 7.210483379409383 0.3811080012586798
 7.291315479576937 0.38136553987923844
 7.372942164907061 0.3802211982360222
 7.455369480518891 0.378142849938245
 7.538603478868068 0.3738070379146673
 7.622650218781406 0.36775409129620507
 7.707515764468569 0.3623465749825129
 7.793206184510472 0.35922890169116556
 7.8797275508242794 0.357404614735994
 7.967085937604732 0.3564059709217764
 8.055287420241692 0.3547721809058227
 8.144338074213605 0.35230097850592457
 8.234243973956849 0.34816180999861324
 8.325011191710617 0.34416617551199785
 8.416645796337374 0.3421782338266102
 8.509153852118558 0.34085818120106237
 8.602541417525488 0.33979718046426927
 8.696814543965264 0.3412165312269821
 8.79197927450162 0.34436296242769737
 8.888041642550526 0.3440460047391495
 8.985007670550477 0.3416525770188345
 9.082883368607344 0.3378614861610498
 9.181674733113733 0.333684962352681
 9.281387745342748 0.3273059980591025
 9.382028370016092 0.3227221461241193
 9.483602553846495 0.32197265878232506
 9.586116224054344 0.3229873759217322
 9.689575286858593 0.32591437180282334
 9.793985625941845 0.3273378939120971
 9.899353100889687 0.3266501133271086
 10.005683545604217 0.3225506978956845
 10.112982766691864 0.3182329820402278
 10.221256541825445 0.31607491407080196
 10.330510618080677 0.31414782284017395
 10.440750710247043 0.31294866119966347
 10.551982499113212 0.3122388243980946
 10.664211629727118 0.3094564209312002
 10.777443709630763 0.30521264049223074
 10.891684307069973 0.30172876241331065
 11.00693894917914 0.2985694063279377
 11.123213120141342 0.29449790255180214
 11.240512259323788 0.29069419345446024
 11.358841759388993 0.28613572687841704
 11.478206964381867 0.2790222555693998
 11.598613167792928 0.2709100200108763
 11.720065610598034 0.2585335389407569
 11.842569479274788 0.2439846409194
 11.96612990379605 0.22915338796377727
 12.090751955600926 0.2118353459612615
 12.216440645543429 0.19208918967700325
 12.34320092181944 0.17108745257983576
 12.47103766787216 0.14807752421367773
 12.59995570027669 0.12363426521653216
 12.729959766603994 0.1022059344336548
 12.861054543265002 0.0859495177951245
 12.993244633335014 0.0727492088018601
 13.126534564359297 0.060252710337055725
 13.260928786140195 0.04897230795159464
 13.396431668506393 0.04038853849362741
 13.533047499065068 0.03335526604914124
 13.670780480937353 0.027081469892279757
 13.809634730478011 0.02240768917541187
 13.949614274979812 0.01927797336345013
 14.090723050363492 0.017033786361672992
 14.232964898853878 0.01527924361213584
 14.376343566643186 0.013831300680284141
 14.520862701541974 0.012594986841443197
 14.666525850618962 0.011514316931356836
 14.813336457830166 0.010553567186061732
 14.961297861638625 0.009688777994004959
 15.1104132926253 0.008903289599733945
 15.260685871092381 0.008185158686180017
 15.412118604659648 0.007525569855834752
 15.56471438585523 0.006917825187171557
 15.718475989701538 0.00635668144048467
 15.87340607129748 0.0058379095651683284
 16.029507163398137 0.005357998295940799
 16.186781673992858 0.004913952597759107
 16.345231883883066 0.004503155363535747
 16.504859944260765 0.004123273056498332
 16.665667874289134 0.0037721897033994737
 16.82765755868622 0.0034479617835182475
 16.990830745313193 0.0031487869209526997
 17.15518904276816 0.002872981546786999
 17.320733917987177 0.0026189654457599875
 17.487466693853367 0.002385251134732777
 17.655388546815963 0.0021704359513319378
 17.824500504520135 0.0019731960126496977
 17.994803443449484 0.0017922819622580655
 18.166298086582195 0.0016265153296990602
 18.338985001062586 0.0014747856140990424
 18.512864595889443 0.0013360474892701913
 18.687937119622415 0.0012093184467343984
 18.86420265810837 0.0010936763212048765
 19.041661132228775 0.0009882569998634681
 19.22031229567008 0.0008922520024947436
 19.400155732718257 0.0008049062582321685
 19.581190856079466 0.0007255155512361362
 19.763416904728032 0.0006534242810607109
 19.94683294178377 0.0005880230269088214
 20.131437852419804 0.0005287461969080677
 20.317230341803025 0.00047506965065423535
 20.504208933068327 0.00042650842936488824
 20.69237196532873 0.00038261443813621105
 20.881717591722644 0.00034297426039937856
 21.072243777500393 0.00030720700334507084
 21.26394829815115 0.00027496220611484173
 21.456828737572465 0.00024591785508865706
 21.650882486283805 0.00021977842247407792
 21.846106739685762 0.00019627306509167284
 22.042498496366868 0.000175153856436418
 22.24005455645939 0.0001561941222445284
 22.438771520046124 0.00013918686152674574
 22.638645785619527 0.00012394326635472644
 22.839673548595243 0.00011029130865554133
 23.041850799881335 0.00009807443159476878
 23.245173324505192 0.00008715031515613383
 23.449636700299518 0.00007738970893323381
 23.65523629664933 0.00006867536924506211
 23.861967273301197 0.000060901046710827526
 24.06982457923685 0.000053970556534586855
 24.27880295161222 0.00004779691160390009
 24.488896914763952 0.00004230152149623544
 24.70010077928465 0.00003741345044390777
 24.912408641168444 0.000033068734676610674
 25.125814381028597 0.000029209750903237587
 25.3403116633883 0.000025784636505214996
 25.555893936046452 0.000022746757894680217
 25.77255442951951 0.000020054220217972646
 25.990286156561186 0.000017669420372927372
 26.209081911760997 0.000015558637637483872
 26.42893427122319 0.000013691658937424603
 26.649835592327403 0.000012041437680233164
 26.87177801357196 0.00001058378291011095
 27.094753454501518 0.000009297076293230496
 27.31875361571972 0.000008162014434456212
 27.543769978988408 0.000007161374846138814
 27.76979380741404 0.000006279805943702923
 27.996816145722864 0.00000550363311526669
 28.22482782062519 0.000004820686336266169
 28.453819441270298 0.000004220143016178669
 28.683781399792338 0.000003692386204004495
 28.91470387194844 0.000003228877323604606
 29.146576817849414 0.000002822040765988322
 29.37938998278412 0.0000024651605078850746
 29.61313289813772 0.000002152287181541239
 29.847794882404862 0.0000018781543080440018
 30.083365042297796 0.0000016381035229394295
 30.31983227395027 0.0000014280172602372468
 30.557185264217424 0.0000012442586266428395
 30.795412492071872 0.0000010836175653127633
 31.034502230096532 9.432628427086251E-7
 31.274442546073924 8.206989604229986E-7
 31.51522130467258 7.137279826637997E-7
 31.756826169229946 6.204152578783592E-7
 31.9992446036325 5.390591291930496E-7
 32.24246387429211 4.6816380827155546E-7
 32.48647105221926 4.0641536870898425E-7
 32.73125301519214 3.526603488212269E-7
 32.97679645002191 3.0588684907082757E-7
 33.22308785491311 2.652076737071311E-7
 33.470113541919275 2.2984546406754147E-7
 33.71785963949264 1.9911955176541548E-7
 33.966312095127755 1.724342458722275E-7
 34.21545667809793 1.492685643937209E-7
 34.465278982283834 1.291671278278822E-7
 34.715764429093454 1.1173212764395495E-7
 34.96689827047211 9.661624575771438E-8
 35.21866559200199 8.351642611368508E-8
 35.4710513160895 7.216836521216765E-8
 35.724040205239724 6.234170126226425E-8
 35.97761686541633 5.3835748258326056E-8
 36.23176574948594 4.6475770176614276E-8
 36.48647116074502 4.0109705824969766E-8
 36.74171725652847 3.460529135543527E-8
 36.99748805189749 2.9847539180826624E-8
 37.25376742340603 2.5736531922409122E-8
 37.51053911294302 2.2185485281021225E-8
 37.76778673164971 1.9119060045465347E-8
 38.02549376390919 1.6471878310558388E-8
 38.28364357140706 1.4187231858383158E-8
 38.54221939726051 1.221595261965925E-8
 38.80120437021424 1.0515425127492471E-8
 39.06058150890097 9.04872755279738E-9
 39.32033372616401 7.783880504751461E-9
 39.58044383344038 6.6931919367999005E-9
 39.840894545201095 5.752688595596272E-9
 40.10166848344748 4.941618617475004E-9
 40.36274818226001 4.242019210348141E-9
 40.62411609239783 3.638340230544266E-9
 40.8857545859464 3.117116266135E-9
 41.14764596101018 2.66668128644071E-9
 41.409772446448585 2.2769194463145595E-9
 41.672116206651665 1.93904847276284E-9
 41.934659346353534 1.6454299102236502E-9
 42.19738391548029 1.3894034299683247E-9
 42.460271914030066 1.1651414259568234E-9
 42.72330529698201 9.675205733456968E-10
 42.98646597923187 7.92008520629782E-10
 43.249735840550684 6.345622766734551E-10
 43.5130967305643 4.915365444175071E-10
 43.776530473750526 3.5959963538749406E-10
 44.04001887445094 2.3565374145486126E-10
 44.30354372189457 1.1675717090849665E-10
 44.56708679523058 9.526480697855135E-17
