 0.001472741666691792 2.49627357687614
 0.0044355393132953225 2.4928538226601136
 0.007433195849620523 2.4922560106655767
 0.010466134662991946 2.4944615328492232
 0.013534690006560561 2.499275282869293
 0.016639381829672305 2.506428768460299
 0.019780581524717147 2.5156182030220196
 0.02295869762332403 2.526529518001299
 0.026174175796360923 2.5388507515907612
 0.029427461714695766 2.5522827431257653
 0.032719038188435516 2.5665515846232334
 0.036049239470731125 2.5814161563057176
 0.039418474093211565 2.5966673278663905
 0.042827484840656745 2.6121235128320026
 0.046276605966217625 2.6276289403435857
 0.04976620886228418 2.6430610170230295
 0.053296664921246364 2.658338882523626
 0.05686908832027405 2.6734249850260086
 0.060483107666977294 2.6883149731401548
 0.064139465746136 2.703019705743364
 0.06783890534253009 2.7175470836970654
 0.07158179784854954 2.7318916138502334
 0.07536888604897427 2.7460304635478066
 0.07920016994380426 2.759919231434618
 0.08307639231781944 2.7734848800199745
 0.08699829595579972 2.7866315275565774
 0.09096625225013508 2.7992696815058244
 0.09498063259321547 2.811344324550205
 0.09904217976982083 2.8228461232950415
 0.10315163656473104 2.8338159624293193
 0.10730900297794614 2.8443324673937758
 0.11151539318663597 2.854477295216238
 0.11577080719080057 2.864303445091991
 0.12007673055999978 2.873830531321755
 0.1244327919018436 2.88305586446438
 0.12883973400111198 2.891965792764147
 0.1332986710349748 2.900540002856209
 0.13780997439582202 2.908749607834465
 0.14237401547604359 2.916550839918368
 0.14699190845280938 2.923880432075324
 0.15166365332611945 2.9306617087791844
 0.15638999288075364 2.936826602190142
 0.1611720412938819 2.9423389655878456
 0.16601016995789414 2.947189942495662
 0.17090475026518032 2.9513748725238482
 0.17585689639291036 2.954903118566639
 0.1808669797334742 2.9578309111264303
 0.18593574307165175 2.960254372967202
 0.19106392919222293 2.962263733057633
 0.1962522808799677 2.9639012285766393
 0.201501169527276 2.9651499699040653
 0.20681170931131768 2.9659533172100665
 0.21218427162448272 2.9662452515116366
 0.217619970643941 2.9659563545739047
 0.22311917776208248 2.964998201280319
 0.2286826357636871 2.963274235728155
 0.2343110874335348 2.9607192958975395
 0.24000564694879536 2.957318753041889
 0.24576705709424881 2.9530792009593063
 0.25159568926228504 2.9480005122986874
 0.257492286237684 2.942119386725337
 0.2634579621976156 2.9355730462003238
 0.2694934599268597 2.928572073865841
 0.2755995222101962 2.9212987484101225
 0.2817768918324051 2.9138400280884076
 0.2880266829706563 2.9062045229583005
 0.29434926701733966 2.8983742589170025
 0.3007457581496252 2.890352105688076
 0.30721727054468256 2.8821837181233625
 0.313764175594902 2.873945618405304
 0.3203875874774531 2.865701201206301
 0.3270882489771161 2.8574134799766466
 0.3338672742710606 2.8489181771655767
 0.34072540614406666 2.840004987676584
 0.3476637587733042 2.8304661233735375
 0.354682703551163 2.8200842562844217
 0.36178372604720305 2.8086654632291417
 0.3689679404385942 2.7961181831987427
 0.3762353467253365 2.7825104807548104
 0.38358891604654954 2.7680388885307123
 0.39102790561745343 2.75283377582582
 0.3985523154380482 2.736868653585085
 0.40616585943223343 2.7201397599259334
 0.4138648236761095 2.7028013177169794
 0.42165663601747566 2.6851080181885267
 0.4295375825324323 2.66717359161133
 0.437511377144879 2.648887470814433
 0.44557801985481565 2.6300806048350496
 0.4537412245861421 2.6106514470536903
 0.46199727741495855 2.5904957459265416
 0.470346178341265 2.5694167640333405
 0.4787953552128608 2.547189575984281
 0.4873448080297459 2.5236895909512023
 0.49599082286802065 2.4989801240337943
 0.5047371136515847 2.4732405299751847
 0.5135873943043375 2.446587951653118
 0.5225379509023796 2.419036102676715
 0.5315962112935102 2.390650970649214
 0.5407584615538298 2.3616921540327795
 0.5500247016833381 2.3324793829951305
 0.5593986456059349 2.303138781870558
 0.5688840072455199 2.2735749301988792
 0.5784770726781933 2.243584842986869
 0.5881852697517542 2.2130609609592393
 0.5980048845423034 2.1820936315134447
 0.6079359170498407 2.1508422141224712
 0.6179820811982656 2.11938674579013
 0.6281470909114777 2.0877073182789605
 0.6384309461894772 2.0556989956915896
 0.6488299331083643 2.02322195491246
 0.659355193439838 1.9901679474517264
 0.6699955854121992 1.9564277650702153
 0.6807659647210466 1.9219193129414571
 0.6916551895946812 1.886642351473833
 0.702674401804802 1.8506895227060853
 0.7138198874275093 1.8142823143569262
 0.7250953603867026 1.7776789941339255
 0.736500820682382 1.7409616051515422
 0.7480362683145476 1.7040128511579287
 0.7597091311309984 1.6668082223371166
 0.7715119812839353 1.6296185720160234
 0.783455960545057 1.5928101703992943
 0.7955336410665645 1.5564752093240892
 0.8077561646201564 1.5204149697761742
 0.8201161033580338 1.484494961816379
 0.832617171204096 1.4487488756828786
 0.8452667960061422 1.413258860784237
 0.858061263840273 1.3781024466465408
 0.8710005747064883 1.3431975939514247
 0.8840921564525873 1.3082494013132815
 0.8973322951546704 1.2728943678962572
 0.9107284186605367 1.2368465625701694
 0.9242768130462868 1.200006915263643
 0.9379811922358202 1.1625044412715924
 0.9518415562291369 1.1246960620254562
 0.9658653328740362 1.0871614759169497
 0.9800450943227187 1.0505178968998115
 0.9943919823468833 1.0151932947953186
 1.0089059969465302 0.9812935045185998
 1.0235834241977595 0.9486775563891149
 1.0384279780244707 0.9171767738145704
 1.0534470862744634 0.8867406582151633
 1.068637035023838 0.8574140456283681
 1.0840015381964936 0.8292536854297716
 1.0995405957924307 0.8023296085629364
 1.1152616356594482 0.7766875356855463
 1.1311609438736467 0.7522535586867687
 1.1472422343589257 0.728851909226031
 1.1635055071152853 0.7063006395074007
 1.1799581899905247 0.6844141883857551
 1.1966002829846436 0.6629915531755376
 1.2134280721737427 0.6418650128410236
 1.230452699329521 0.6209375780045279
 1.2476704505280785 0.6002031765086205
 1.2650850396933147 0.579730596624655
 1.2827001807491296 0.5596170438659294
 1.300515873695523 0.5399866515997873
 1.318532118532495 0.5209942483391774
 1.3367563431078446 0.5027769728699915
 1.3551922613454717 0.4854258399138393
 1.3738324453975768 0.46901169819932326
 1.392688037035859 0.45360880248050406
 1.411759036260318 0.4392734734067869
 1.431045443070954 0.42600863544637185
 1.4505509713916667 0.4137726629482062
 1.4702793351463554 0.40250447402352957
 1.4902342482589197 0.3921357371211992
 1.5104119968054606 0.3826064722040677
 1.5308200086337767 0.37386188474455695
 1.5514619976677675 0.36583227509066496
 1.5723379639074335 0.35843779228620787
 1.593447907352774 0.35161612031272854
 1.614802969775489 0.3453355917106062
 1.6363957233277782 0.33958679880636855
 1.658233595857441 0.33436497822480926
 1.6803165873644779 0.3296463144664711
 1.7026521256966876 0.3253674728571272
 1.7252402108540703 0.32142137334184273
 1.7480845567605257 0.31766564152305066
 1.771188877339953 0.313936159146584
 1.7945494586684532 0.31007244672840584
 1.8181774425177244 0.30595543608973896
 1.8420691149638675 0.3015386701093702
 1.8662319038546817 0.2968561412012611
 1.8906658091901671 0.2920065925128285
 1.9153745448942228 0.2871214602390344
 1.9403618248907488 0.28233699876277024
 1.9656313631036444 0.277769059250141
 1.99118315953291 0.2734817294764281
 2.0170246420263442 0.269470008109043
 2.043155810583948 0.26567012458474615
 2.0695766652057204 0.2620034897124811
 2.0962983476633608 0.2584310338669235
 2.1233171440329697 0.254981860902059
 2.1506404821623453 0.2517363895854317
 2.178268362051489 0.24876877862341631
 2.206204497624299 0.24609766561199933
 2.234452602804676 0.2436909585984261
 2.263016391516519 0.2415120166399445
 2.2918995776837283 0.23956205859916466
 2.3211058752302027 0.23789620260324465
 2.3506389980798423 0.23660424943132133
 2.3804989462326467 0.23575513311402554
 2.4106894336125158 0.2353518331242634
 2.4412178880672486 0.23533013241672895
 2.472088023520745 0.23557892796928642
 2.5032961260491056 0.23598588457967054
 2.5348533374240283 0.23647760741927656
 2.5667633715694134 0.23697258218960407
 2.599022514561361 0.23724607421357022
 2.63164190817157 0.23703573418256546
 2.6646215524000407 0.23645170120037998
 2.6979651611706723 0.23604174024082908
 2.731676448407365 0.23624505736053308
 2.7657591280340172 0.23698213118469172
 2.8002206278984296 0.23792269980131114
 2.835060948000601 0.23890384927501535
 2.8702838022644315 0.23987182933850032
 2.9058966185377204 0.2407173842588838
 2.9418993968204674 0.24132313662561564
 2.9782958510365725 0.24160416850641356
 3.0150934090338346 0.2415811116385262
 3.052295784736153 0.24147949137058938
 3.0899029781435288 0.2415992323732624
 3.12792241710376 0.2420449155663532
 3.1663578155407466 0.24263542884526298
 3.205212887378388 0.24303965109372302
 3.2444950604644847 0.24293097716528278
 3.2842006208751355 0.24210954403704618
 3.3243407103820397 0.24089729235667962
 3.364919042909097 0.24012051945341475
 3.405935618456308 0.24035004269575594
 3.44740157879537 0.2414224772022341
 3.489313210002385 0.24263014239974295
 3.5316816538490508 0.24331925577957758
 3.5745106242592675 0.2433314646211923
 3.617800121233035 0.24274956322814845
 3.6615575726181517 0.24176389918906574
 3.7057866923385188 0.2406229049567319
 3.750506050013633 0.23947577585273752
 3.7956673646328 0.2386010653800357
 3.841348628597911 0.2382261658208138
 3.8875127026699707 0.23828140632088823
 3.9341967260879747 0.23832232428817618
 3.9813264203739314 0.23780310091908968
 4.029013203244828 0.2368911602469445
 4.077182796222673 0.2362188169096751
 4.125872338546462 0.23595307025790038
 4.175081830216196 0.2356873788945507
 4.224811271231874 0.23499433211000859
 4.275060661593497 0.23367450469345066
 4.325867140540059 0.23203607179043623
 4.377230708071563 0.2313699225081334
 4.429077085710015 0.23269216565129386
 4.481517691172402 0.23570696282953194
 4.534515385219731 0.23931532461441107
 4.588070167851999 0.24256970253865248
 4.642144899830213 0.24569236343888806
 4.696850998871358 0.24949556539898887
 4.752077047258449 0.2536152670525157
 4.80793446270847 0.2567727761598355
 4.864348966743433 0.25826439494454884
 4.921357698602332 0.2586112343015427
 4.978960658285167 0.2593666361935198
 5.037157845791939 0.2612206446873983
 5.095986400361644 0.2636763666337694
 5.155409182755284 0.26553528481099786
 5.215463332211858 0.2669242864447633
 5.2761488487313635 0.26836303491068214
 5.337428593074806 0.2688934766574203
 5.399376843720177 0.2675032257747222
 5.461919322189483 0.26346607432471847
 5.525167446199715 0.2566660727653274
 5.589009798033882 0.24910142341594488
 5.653557795408974 0.24340027224675603
 5.718737159847 0.24047177325109054
 5.784585030586952 0.2405397403208377
 5.85113854686783 0.24276842726383113
 5.91832343021164 0.24512024961845408
 5.986213959096374 0.2460609608682407
 6.054810133522034 0.2456330176199613
 6.124074814249622 0.24459042927951344
 6.194082279757129 0.2432521623303274
 6.264758251566565 0.2414670645308349
 6.336177008155923 0.2400529161900746
 6.408301410286204 0.2403452771414804
 6.48113145795741 0.24169107587206767
 6.554741429647533 0.24342382647868904
 6.62905704687858 0.246098266997741
 6.704115448889548 0.24938655683809846
 6.779916635680435 0.2529698569239044
 6.8564977464902395 0.25814021138868537
 6.933821642079964 0.26388849089202926
 7.011925461688606 0.2694304848518183
 7.090809205316165 0.2728642802965309
 7.170472872962638 0.27300943020733975
 7.2509164646280295 0.2713103553251182
 7.332139980312338 0.26963754940967616
 7.414143420015562 0.2700662610817203
 7.497001062215696 0.2713102762671308
 7.580638628434744 0.2711858657929183
 7.665093257911706 0.27151800859664044
 7.750364950646581 0.27310707023346564
 7.836453706639368 0.27683324786586794
 7.923396665129063 0.28124172900722005
 8.011193826115669 0.2832712788162215
 8.099808050360185 0.28174973718105917
 8.18927647710161 0.2775325581331026
 8.27963624557894 0.2722243624448185
 8.370813077314182 0.26901452214467986
 8.462918390024326 0.26771476146837364
 8.55584076599238 0.26445633823040987
 8.649691622935338 0.26721883340197367
 8.744396682375202 0.2782234345165229
 8.839993083550972 0.282721079240251
 8.936517965701643 0.27513768883314016
 9.033934189588217 0.2632871599912554
 9.132278894449692 0.2484836613973495
 9.231514941047074 0.23280215486406924
 9.33171660785835 0.22259055765470026
 9.432809616405532 0.22476121195963447
 9.534868245166608 0.22946731200849185
 9.637855354902587 0.23120844747068703
 9.741770945613466 0.23302924923321178
 9.846652156538243 0.22980409503362528
 9.952536126915913 0.22040031679833497
 10.059348578268482 0.20903233064215737
 10.167126649834946 0.20158854345921934
 10.27587034161531 0.19316974133804243
 10.385616792848564 0.18027083487880813
 10.496366003534712 0.174857621142262
 10.608080834434757 0.17490020223562908
 10.72083556402669 0.17159490763557528
 10.83455591383252 0.16632421101726672
 10.94931616233024 0.1618303107874098
 11.065079170280852 0.15720293431891205
 11.181844937684355 0.15969470029445798
 11.299687743018744 0.16587767922302576
 11.418533307806026 0.16863407676944323
 11.538418771285196 0.17130398008253736
 11.659344133456255 0.17433459796497322
 11.781309394319202 0.16892890029106325
 11.904351693113036 0.15784593611439923
 12.028433890598755 0.14899973336192376
 12.15359312601536 0.14149878469577323
 12.279829399362853 0.132708975364497
 12.40710557140223 0.12066073726462118
 12.535495920611492 0.10475408697149938
 12.664963307751636 0.08483792470321143
 12.795507732822665 0.06841732700351799
 12.927166335063577 0.05732140544904086
 13.05990197523537 0.0487517107655598
 13.193714653338052 0.041484748071957504
 13.328678647849607 0.036067610076403134
 13.464756819531043 0.031704656197310735
 13.601912029143366 0.027570297574155776
 13.740218555164565 0.02403906710100387
 13.879639258355647 0.0212007007280488
 14.020174138716605 0.018822815956032916
 14.161860335486443 0.016780207565357252
 14.30466070942616 0.015002748201779229
 14.448612399774756 0.01344225798428143
 14.593678267293232 0.01206347452323038
 14.73993259045958 0.010839433747777237
 14.887301090795809 0.00974880662794855
 15.03585804677991 0.008774283210409475
 15.18556631917289 0.007901534992076307
 15.336388768735748 0.007118515868537539
 15.488399673946482 0.0064149724954734475
 15.641599034805086 0.005782089319923298
 15.795949712072568 0.0052122243981750985
 15.951451705748926 0.004698707806962476
 16.10814215507316 0.004235684653065822
 16.26602106004526 0.0038179905024041862
 16.425051281426242 0.003441051234764257
 16.585269958455097 0.003100801181360121
 16.746677091131822 0.0027936156774228138
 16.909235540217427 0.0025162546206679163
 17.0730195841899 0.002265815118441429
 17.23795494457125 0.002039691190216913
 17.404115899839468 0.001835539556072768
 17.571428171516562 0.0016512498647589578
 17.73992889884153 0.0014849192350634428
 17.909655221053367 0.0013348300067494183
 18.08053285967408 0.001199430295772788
 18.25263609318166 0.0010773169610363944
 18.425927782337116 0.0009672204773418277
 18.60040792714044 0.0008679917684393459
 18.776076527591645 0.0007785902612893603
 18.95293358369072 0.0006980734089625877
 19.130979095437663 0.0006255873000610383
 19.31025020207148 0.0005603581930385505
 19.490672625114172 0.0005016850036196403
 19.672320643043733 0.00044893245762734995
 19.85511997738217 0.0004015249729183513
 20.039144906607476 0.00035894112589929884
 20.224321152241657 0.00032070862753715197
 20.410722992762707 0.0002863997899260233
 20.598276149692637 0.0002556274269815105
 20.787054901509435 0.00022804112980020277
 20.97698496973511 0.00020332383571166612
 21.168103493608655 0.00018118882153275097
 21.36037333389108 0.00016137685374944893
 21.553868769060376 0.00014365366821637594
 21.748478381399547 0.00012780765181574606
 21.94431358862559 0.00011364774449503905
 22.14126297302151 0.00010100151638895216
 22.33940081306531 0.00008971343882535972
 22.53872710875698 0.00007964328320118415
 22.739167581618528 0.00007066469977296379
 22.940759370888955 0.00006266388188381385
 23.14350247656826 0.000055538400132085495
 23.347396898656438 0.00004919610005468524
 23.552442637153494 0.00004355412297587456
 23.75860255282043 0.00003853801205888742
 23.965913784896244 0.00003408089721697088
 24.17430205490294 0.000030122758167128604
 24.38384164131852 0.000026609754638722024
 24.594495404903977 0.000023493620975068645
 24.806263345659314 0.000020731110894875814
 25.019108324345535 0.000018283502123446074
 25.233067480201637 0.00001611614543999953
 25.448103673988626 0.000014198052682517232
 25.664216905706496 0.000012501528783738006
 25.881407175355257 0.000011001837135498405
 26.099674482934898 0.000009676896778619163
 26.319018828445422 0.000008507010845766103
 26.53940307264784 0.000007474619174606238
 26.760790076303145 0.000006564077001552514
 26.98325411788934 0.000005761454603555916
 27.20675805816742 0.000005054357651953785
 27.431264757898393 0.000004431764371705965
 27.65677421708226 0.0000038838801218204645
 27.88328643571902 0.000003402006158215981
 28.110838553047667 0.000002978421961997642
 28.339319151351216 0.0000026062796404290774
 28.56880250910766 0.000002279509096796539
 28.799251487077996 0.000001992732970763121
 29.030628946023235 0.0000017411906992130809
 29.26297202518237 0.000001520670420954748
 29.496243585316407 0.0000013274479982538516
 29.730480765664336 0.0000011582325720110044
 29.96557214850918 0.0000010101180710163944
 30.201592012328923 8.805396654796585E-7
 30.43850321788457 7.672351681556051E-7
 30.676305765176117 6.682105503163117E-7
 30.91496251496458 5.817091269252544E-7
 31.15447346724995 5.061843621169966E-7
 31.394838622032225 4.4027545724468104E-7
 31.636020840072412 3.827857968987557E-7
 31.87802012137052 3.326637370267668E-7
 32.12083646592653 2.889855970539039E-7
 32.36446987374046 2.509405676757764E-7
 32.60884606633431 2.1781731851201412E-7
 32.85403932218607 1.889921256604188E-7
 33.099938223578754 1.6391844106173204E-7
 33.34661704899035 1.42117573409055E-7
 33.59400151994288 1.2317050721635953E-7
 33.84209163643633 1.0671066555164173E-7
 34.0908873984707 9.241752304334137E-8
 34.340351666807 8.001096444070366E-8
 34.59052158068423 6.924632481755606E-8
 34.84132286162439 5.99100169961453E-8
 35.092792648866485 5.181567290920112E-8
 35.344856663932504 4.4800765832832354E-8
 35.597552046061466 3.8723627121617077E-8
 35.85084165601436 3.346083423077101E-8
 36.104688354552195 2.8904909489043965E-8
 36.35912928091396 2.4962310436054207E-8
 36.61409015662168 2.15516562935575E-8
 36.86960812091433 1.8602187728077523E-8
 37.125646034552936 1.6052401825229038E-8
 37.382129619059484 1.3848871107142386E-8
 37.63913315291198 1.1945202519322162E-8
 37.89650807915444 1.0301129819018863E-8
 38.15462579017681 8.881720640753288E-9
 38.41311489358915 7.656683370186037E-9
 38.67160399700149 6.599763936078486E-9
 38.93083588519375 5.68821716744289E-9
 39.19043916577596 4.902347544999747E-9
 39.45041383874814 4.225110001045113E-9
 39.71075990411028 3.641761242878653E-9
 39.97110596947242 3.139554394735307E-9
 40.23219481961448 2.7074801027935518E-9
 40.493283669756536 2.336032455507776E-9
 40.75511530467851 2.017016437907155E-9
 41.016575547210536 1.743369614502304E-9
 41.27877857452248 1.509017010656425E-9
 41.54098160183442 1.3087425470130543E-9
 41.80355602153632 1.138077466435675E-9
 42.066130441238215 9.932022997937522E-10
 42.328704860940114 8.70871054426527E-10
 42.591650673031985 7.683345824767402E-10
 42.85496787751379 6.832851265297172E-10
 43.118285081995616 6.138073270941851E-10
 43.38123089408748 5.583344767308883E-10
 43.64491949095926 5.156161486610181E-10
 43.90823669544108 4.846892495860552E-10
