 0.00038981665248849934 0.9999519906566271
 0.0011740328437735213 1.0001329793932558
 0.0019674757555405483 1.0007066451948978
 0.002770257453220535 1.0016974358067858
 0.0035824664095221318 1.0030519698678657
 0.004404240248658791 1.0046842989403504
 0.0052356772736401255 1.0065097788223218
 0.006076885617776703 1.0084099327707265
 0.006927983244680058 1.0102815111558967
 0.007789088117961722 1.0120388584938595
 0.008660328031534189 1.0136355151811514
 0.009541791458106106 1.015039354352674
 0.010433586530988047 1.0161835804516621
 0.01133590985619923 1.0170804517315566
 0.012248849906448303 1.017780577931723
 0.01317250498474488 1.018295173188139
 0.014106973394098566 1.0185858755203971
 0.015052550043538195 1.0187463761260025
 0.01600913663005416 1.018823927812151
 0.016976929759665672 1.0187578936571149
 0.01795612603839196 1.0185993805471139
 0.01894682376924263 1.0183653423170438
 0.019949219558236902 1.0180860823610771
 0.02096331340537478 1.0177655777741532
 0.021989301916675478 1.0173737323469678
 0.02302738169815822 1.0169345537595234
 0.024077651052832615 1.0164655452845768
 0.025140208283708273 1.0159536864740795
 0.026215249996804416 1.015390395215978
 0.02730297279814026 1.0148024272970089
 0.028403376687715812 1.0141772909895275
 0.029516756574559898 1.01351394614089
 0.030643112458672517 1.0128028492528067
 0.03178283755209211 1.0120528716190702
 0.03293583355180907 1.0112778167219172
 0.03410229706384261 1.0104462080623893
 0.03528252299722157 1.0095694886505282
 0.03647660965495555 1.0086635581088694
 0.03768465534005417 1.0077177888754494
 0.03890695496154625 1.0067394892790378
 0.04014350851943181 1.005734789526441
 0.04139451261973004 1.0046905938616
 0.042660262171469794 1.003615311647134
 0.043940855477660676 1.002518056730203
 0.045236390841312285 1.0013892858540043
 0.04654716317145347 1.0002328346084606
 0.04787327077109383 0.9990631012019431
 0.04921491024625258 0.9978910972478626
 0.050572278202948955 0.9967302588422217
 0.051945571247202164 0.9955921316261822
 0.053334887682021825 0.9944768269047082
 0.05474052241643677 0.9933822164360958
 0.05616257375345658 0.992301176907404
 0.05760133660211013 0.9912241912188431
 0.059056909265407 0.9901457626889076
 0.06052948834936642 0.9890584324464081
 0.06201927046000761 0.9879595119306618
 0.06352655050635939 0.9868508909381914
 0.06505152509444101 0.9857370535925027
 0.06659429252726204 0.9846150081683942
 0.06815504941084173 0.9834792359044519
 0.0697340906542089 0.9823312028052741
 0.07133161286338276 0.9811752098025421
 0.07294781264438255 0.9800116232556028
 0.07458288660322747 0.9788392122013297
 0.07623712964894637 0.9776639898945535
 0.07791064008454886 0.9764933748900434
 0.07960371281906375 0.9753332881025623
 0.08131664276151988 0.9741926747380978
 0.08304952821492688 0.9730701895185929
 0.08480266408831354 0.9719572166883962
 0.08657624698769911 0.970850189017844
 0.08837057182211241 0.9697555070517705
 0.09018583519757267 0.9686825128115889
 0.09202233202310872 0.9676364303381685
 0.09388016060173016 0.9666181885621281
 0.0957597141454754 0.9656294543024413
 0.09766128756337333 0.9646737244576091
 0.09958488085542393 0.963740921276499
 0.10153128044570407 0.9628279358428827
 0.10350028972819454 0.9619354490049525
 0.10549190870289532 0.9610445405197329
 0.10750712039990255 0.9601540860752007
 0.1095449417891201 0.9592481834840709
 0.11160733893074015 0.9583242692717461
 0.11369332879466666 0.9573932873477593
 0.11580389441099569 0.9564531971108574
 0.11793903577972722 0.9555122932628647
 0.12009973593095741 0.954587725122029
 0.1222850118345901 0.9536969860905549
 0.12449486349062533 0.9528264154394955
 0.1267312569592553 0.9519741540256039
 0.12899419224047998 0.9511536456796698
 0.1312826863042033 0.9503565195732838
 0.13359772218052135 0.9495760710995932
 0.13594028289953022 0.948831986004943
 0.13830938543113383 0.9481200169296526
 0.14070699583552437 0.9474358887423215
 0.14313213108260572 0.9467818257723046
 0.14558479117237794 0.9461292345802079
 0.14806595913493706 0.9454858562973807
 0.15057661800037922 0.9448248482343135
 0.15311578473860832 0.9441326055823394
 0.15568542540981653 0.9433934986505703
 0.1582845569839078 0.9425988966938349
 0.1609131794608821 0.9417280380980617
 0.16357227587083553 0.9407712761692665
 0.16626282924386418 0.9397268171489116
 0.16898483957996807 0.9386006675096329
 0.1717373238490511 0.9373774230793654
 0.17452323114140159 0.9360499834188132
 0.17733961236673115 0.9346003233333267
 0.18019039964542427 0.9330190065135653
 0.18307264388719266 0.9312989077348246
 0.18598929418232457 0.9294226921294831
 0.18893936750072393 0.9273922855493866
 0.19192384687248681 0.9252095224353956
 0.19494273229761322 0.9228964331346072
 0.19799602377610317 0.9204760796431128
 0.20108568736814889 0.9179829017691977
 0.20420975701355812 0.9154256126909394
 0.20737118180261918 0.9127980262232679
 0.21056799567513992 0.9100856597399202
 0.21380314772140857 0.9072854557833584
 0.21707467188123297 0.9044174391261732
 0.2203835511847092 0.9014957401182138
 0.2237317516920295 0.8985598365837772
 0.22711829037309772 0.8956348538408587
 0.23054316722791388 0.8927043237106617
 0.2340083483166702 0.8897628526733528
 0.23751285060927055 0.8868195704920989
 0.24105864016590714 0.8838801973188375
 0.2446447339564839 0.880952285010871
 0.24827211501109686 0.8780404512529502
 0.2519407833297461 0.875141665372015
 0.2556527049726238 0.8722558481055076
 0.2594059138795377 0.869369179906642
 0.2632033591407762 0.866450512698624
 0.2670450407563392 0.8634963537890074
 0.2709299756961307 0.860512962126734
 0.2748591469902467 0.8574966895200943
 0.2788345206988795 0.8544409031275512
 0.2828551137919329 0.8513202418888892
 0.2869219092995031 0.8481176740143777
 0.29103490722159003 0.8448446978251343
 0.2951960736183859 0.8415215719341641
 0.2994044254597946 0.8381402199289488
 0.3036609457759123 0.8346685899513621
 0.3079656345667389 0.8310808451237564
 0.3123204578924667 0.8273010164192971
 0.31672541575309565 0.8234914148647191
 0.32117952511852965 0.8194893397525138
 0.32568573507905707 0.8154020672605605
 0.3302430626045817 0.8112657944284951
 0.33485249072519957 0.8070724313919456
 0.3395150024710071 0.802807290086672
 0.34423059784200394 0.7984544545996263
 0.3489992768381903 0.7939900043478372
 0.35382300551975826 0.7894082593366732
 0.3587027669168041 0.784728689332968
 0.36363659496913536 0.7799289806715622
 0.36862743876704057 0.7750055277729333
 0.3736752983105196 0.7700062637287765
 0.37878017359957256 0.7649698970537452
 0.3839430476642954 0.7599024411309656
 0.38916490353478433 0.7547796490856865
 0.3944467242411354 0.7495970655076465
 0.39978752675325263 0.7443531898739012
 0.40518927713132813 0.7390354588727638
 0.41065295840545785 0.7336245175821566
 0.41617857057564206 0.7280979430640375
 0.4217661136418806 0.7224148296460103
 0.4274185366944619 0.7165306863082372
 0.4331338736731935 0.7104359899784842
 0.43891409063826786 0.7041460418846283
 0.4447591875896849 0.6977317539746241
 0.4506711305876368 0.6912666125008227
 0.4566499196321236 0.68474188719121
 0.4626965377532414 0.678143393232516
 0.46881196798108615 0.6714965103683458
 0.474995227285562 0.6647865642225695
 0.481249264756957 0.658004670579364
 0.4875730973651753 0.6511428088309146
 0.4939686911704089 0.6441314269497243
 0.5004360461726579 0.6369257397919214
 0.5069761454020185 0.6295503536006045
 0.5135899718885866 0.6220675816916317
 0.5202785086624583 0.6144873994059502
 0.5270417557236338 0.6068019614317848
 0.533881679132305 0.5990304881865535
 0.5407982788884722 0.5912074517971605
 0.5477915549921353 0.5833404164903733
 0.5548644565335826 0.5753660543320088
 0.562016000482718 0.5672257830127652
 0.5692481528997336 0.5588559806851209
 0.5765609137846296 0.5501959021776225
 0.5839552661675019 0.5412711238370352
 0.5914321930784467 0.5321073141111428
 0.5989926775475601 0.5226682314938741
 0.6066377026049383 0.5129386701157501
 0.6143682512806772 0.5030922577490881
 0.622185306604873 0.4930705575284584
 0.6300888685775257 0.4829401237088509
 0.6380799202287313 0.4726658684290285
 0.6461604276186822 0.46228290175432646
 0.6543313737774744 0.45177456303411756
 0.6625917756750118 0.44115231720251324
 0.6709445824015827 0.43048386669202704
 0.6793907769872832 0.41975235178870907
 0.6879293764020172 0.40897115134949863
 0.6965633297360729 0.3981687047499166
 0.7052926369894505 0.38731094221173945
 0.7141182811922461 0.3763091605745033
 0.7230412453745556 0.3651025715094386
 0.7320625125664751 0.35371356978737384
 0.7411840488281972 0.34216510734958966
 0.7504058541597214 0.33052470584469423
 0.7597289115911441 0.31889422243104915
 0.7691551871826573 0.30730512768505536
 0.7786846809342611 0.29565502481684597
 0.7883183758760519 0.28388306755590526
 0.7980582380682214 0.2720235731043805
 0.8079052505408658 0.25998538567619706
 0.8178594132939854 0.24770760499353547
 0.8279226923877722 0.235337647868747
 0.8380960708523222 0.22308669011310536
 0.8483805317177318 0.2111028001646573
 0.858778041044193 0.1994388020085371
 0.8692876158016096 0.18806835289810042
 0.87991220508027 0.17693794314377734
 0.8906527919102705 0.16600416303409038
 0.9015093762916109 0.1552336827972535
 0.9124849073145793 0.14469732408693015
 0.92357840194908 0.1344825161573807
 0.9347928092854012 0.12454181340598153
 0.946129112353639 0.11489641438521421
 0.9575873111537931 0.10565061930060582
 0.969169371746056 0.09676438574341092
 0.9808762771605238 0.08828497598757383
 0.992712942547677 0.08035591858383095
 1.004666588516266 0.07295685668542984
 1.0167578586983093 0.06597814444596259
 1.0289769227928458 0.059403498915377786
 1.0413336111008364 0.05326389627339228
 1.0538082630203591 0.04760457936860173
 1.066430369454297 0.04242592436458208
 1.079180269800728 0.03766024849933471
 1.0920677943606132 0.033235462226952735
 1.1050929431339527 0.029186416394248082
 1.118255716120746 0.02576517406764071
 1.1315561133209937 0.022324370938374024
 1.1450039650356565 0.01946043972784218
 1.1585992712647344 0.016884911191102
 1.1723223714063056 0.014582232629487997
 1.1862027563632527 0.012554299254473874
 1.200230595834615 0.01077317535142421
 1.2144058898203927 0.009230588004067926
 1.2287188080196245 0.007911800863050067
 1.2431988413351933 0.006784586321463935
 1.2578164988642166 0.005818745396662589
 1.2726012715095767 0.005009846717483461
 1.2875334986693523 0.004354228966392079
 1.3026230106445038 0.0038212775408343084
 1.3178698074350315 0.0033596999405112477
 1.3332738890409355 0.0029223483719006127
 1.3488450857631766 0.0024966283324733534
 1.364573567300794 0.0020997771697379227
 1.3804691639547484 0.0017392175555700673
 1.39653187572504 0.0014116446802421706
 1.412751872310708 0.0011161899935558373
 1.4291488143136741 0.0008650047697036265
 1.4457030411320162 0.0006710621715710453
 1.4624440436686177 0.0005130458530210409
 1.4793423310205953 0.0003615516250498865
 1.496427394090832 0.00020641472074575513
 1.5136795722774061 0.0000535952615432464
 1.531108695881278 -0.00009578859702135213
 1.5487245952034094 -0.0002504796436245185
 1.566507609641878 -0.0004183797265390353
 1.5844773997986057 -0.0005973979098023065
 1.6026339656735928 -0.0007760462306780682
 1.6209674769658782 -0.000941806066341976
 1.6394975942773835 -0.0010819976842719268
 1.658204657006187 -0.0011853955745038673
 1.6771083257542108 -0.00125142106928472
 1.6961987702204937 -0.0012966446284678032
 1.7154759904050358 -0.001348496662489964
 1.7349596469097595 -0.0014307069223232325
 1.754630079132742 -0.0015504619812141578
 1.7744971173749449 -0.0016818313656590325
 1.794560761636368 -0.0017843293816127096
 1.8148308422179722 -0.0018479346331792938
 1.8352975288187967 -0.001894277578181268
 1.8559706517398025 -0.0019445204561373325
 1.8768502109809895 -0.0020018236458691084
 1.8979362065423575 -0.0020536676955900486
 1.919228638423907 -0.0020872682217581537
 1.9407275066256375 -0.0020968380750157143
 1.9624328111475495 -0.001772853565086399
 1.9843642125915648 -0.0014457222414634725
 2.006502050355761 -0.0020827830836127386
 2.0288561547410997 -0.0020970370870049934
 2.0514265257475803 -0.002109905854335887
 2.0742131633752035 -0.002175427144317482
 2.09722589792493 -0.002328345931073564
 2.1204647293967596 -0.0025189755629071273
 2.1439198274897313 -0.0026635998289995023
 2.1676010225048064 -0.002674396491127936
 2.1915181447429455 -0.0026307277836528347
 2.215651533602227 -0.002594762244687279
 2.2400306799855336 -0.0025333535007289565
 2.264626092989983 -0.0025049219548977293
 2.2894672635184574 -0.0024739135636372197
 2.3145345309690346 -0.002423035778971897
 2.339837725642677 -0.0024066969091671546
 2.365386677840344 -0.002483030105121359
 2.391171557261075 -0.002605720264021509
 2.417202194205832 -0.0025812556856849417
 2.443468758373653 -0.002513790981910802
 2.46999091036646 -0.0024563882147375917
 2.4967489895823314 -0.0024210819604612603
 2.5237626566231888 -0.002470356856240369
 2.551022081188072 -0.0025557719456825753
 2.57852726327698 -0.0025420800118672224
 2.6062880331908747 -0.0025451388723625712
 2.6343142212307167 -0.0022880959365761864
 2.6625861667945836 -0.00181095875440879
 2.6911137001834367 -0.0011408000538507671
 2.7198968213972767 -0.00041097809464089136
 2.7489453607370637 0.00026150050880890334
 2.7782593182027977 0.0008242794866045011
 2.8078288634935182 0.0012881530149306615
 2.837673657211147 0.0016816663048620144
 2.8677740387537622 0.0019788334171288013
 2.898149668723286 0.0021452735315674026
 2.9287907168187566 0.0022065174058189556
 2.9596971830401744 0.0021827928853622707
 2.990888727989462 0.002093753773813989
 3.0223456910646966 0.0019698545260370057
 3.0540779025668394 0.0020072523262859338
 3.0860853624958904 0.002036653901888501
 3.11836807085185 0.002179718338733066
 3.150935857935679 0.002159545336223069
 3.1837788934464157 0.0019992622360122765
 3.2169070076850224 0.001790318722665994
 3.2503202006514984 0.0016199124259393145
 3.284008642044882 0.0015496264584022503
 3.3179919924670966 0.0015406232183308123
 3.3522604216171805 0.0015438152818510594
 3.3868139294951334 0.001595631749850305
 3.421662346401917 0.001642486077393774
 3.456795842036569 0.0016420238612014873
 3.4922144163990914 0.0015905365758236503
 3.5279377300914043 0.001486969635444152
 3.563955952812548 0.001343813658865596
 3.600259254261561 0.001190073391931979
 3.636867295040365 0.0010445868404390963
 3.6737702448480003 0.0009325419377892935
 3.710968103684465 0.0008664218565721495
 3.748470701850721 0.0007616437645619499
 3.7862682090458075 0.0005592969533158475
 3.8243704555706857 0.0003198417207139806
 3.8627676111243936 0.00007729255350055373
 3.9014793363088542 -0.00019092507896495864
 3.9404859705221456 -0.0004203729671255992
 3.9798071743661887 -0.0005546727217608599
 4.019433117540023 -0.0005383207611123586
 4.059353969742688 -0.0005159995957609877
 4.099589391576106 -0.0003945934756238464
 4.140139383040275 -0.0002746003059260349
 4.1809941138342355 -0.0001569500250051338
 4.222153583957988 -0.00005624692337221196
 4.263627623712493 0.000012790198153571798
 4.305416233097749 0.00004592427475548052
 4.347509581812798 0.00005320154015132482
 4.389917500158599 0.000049970637115820995
 4.4326399881351515 0.000044833103872358424
 4.475667215441496 0.00004025494664822233
 4.519018842679554 0.00003662825450903746
 4.562675209247403 0.00003378311302170187
 4.606655975746965 0.00003150537796999967
 4.650941481576319 0.00002971031885593681
 4.6955415570364245 0.00002825374396405124
 4.740466032428244 0.000027109356145305237
 4.785695247149855 0.000026178509688063628
 4.831248861803179 0.00002537530423091224
 4.877117046087255 0.00002474773121050298
 4.923299800002084 0.000024265326670888754
 4.969797123547665 0.000023867534226882672
 5.016609016723999 0.000023537151686644553
 5.0637354795310845 0.000023258187250504304
 5.111186342269884 0.000023024446156099443
 5.1589419443384745 0.000022824971701427008
 5.207021946338779 0.000022652821504311492
 5.255406687668874 0.000022502580424456266
 5.304115828930683 0.000022369829920607303
 5.353129709522282 0.000022287053137091825
 5.402467990045595 0.00002225097763517534
 5.4521110098987 0.00002215224305148903
 5.502078429683518 0.000022046777143254628
 5.552350588798127 0.000022047136868038015
 5.602937317543488 0.000022003047391636665
 5.653828785618641 0.00002196019621300444
 5.705044653625508 0.00002192250876491473
 5.756555430661205 0.00002188696728695935
 5.808390607628615 0.000021887440977449163
 5.860520693624855 0.00002185737711489957
 5.912965349251849 0.000021857845320436636
 5.9657245745095935 0.000021863447289592443
 6.018778708796169 0.00002183800238581082
 6.072137582412536 0.00002184445351401437
 6.125801195358693 0.000021883980159135937
 6.179769547634643 0.00002189087507795727
 6.234042639240383 0.000021867064962099552
 6.288610639874954 0.00002190840096032397
 6.343483379839316 0.0000219515344355518
 6.398641198531548 0.000021962222780731638
 6.454103756553572 0.00002200267309142691
 6.509861223604425 0.00002204485250228658
 6.565913599684109 0.00002205697003557857
 6.62225105449166 0.00002213154143839382
 6.678883418328044 0.00002217458157546635
 6.735800860892297 0.00002221864942056619
 6.793003382184418 0.00002229356094139079
 6.85049098220441 0.000022336792252154872
 6.908263660952271 0.000022410251509878625
 6.9663214184280005 0.000022515241426500967
 7.024654424330639 0.000022592975493802993
 7.0832528483592245 0.000022637754974276205
 7.1421363511156795 0.000022740221158859014
 7.201295102299042 0.000022845638040385515
 7.260719271608353 0.000022922204039535652
 7.320408859043609 0.000023027630222265703
 7.380363864604815 0.00002315976474988706
 7.440594118592928 0.000023265214242627787
 7.501070130105067 0.000023371551812312997
 7.561811559743153 0.000023504242073440707
 7.622808577206225 0.000023639603193908723
 7.684051352193322 0.00002380266628530128
 7.745549715005406 0.000023935828102853824
 7.807293835341515 0.00002406769144314221
 7.869293543502609 0.000024259425124767033
 7.931519348585808 0.000024423288920712726
 7.993990911193032 0.0000245838693364109
 8.05669840102332 0.000024773388279816144
 8.119641818076671 0.000024963429671851343
 8.182811332052127 0.000025154044694336997
 8.246206942949687 0.00002537113514745692
 8.309828650769347 0.000025588754311528807
 8.373666625210152 0.000025806764010704494
 8.4377208662721 0.00002602339810832364
 8.501991373955187 0.000026265942723613085
 8.566478148259419 0.000026565803986913524
 8.63116152858287 0.00002680919537213215
 8.696061175527463 0.000027080101591724397
 8.761147598190316 0.000027378786072886854
 8.82644045717335 0.000027675491145928068
 8.891920091874642 0.00002800174966741408
 8.957586502294195 0.000028299195810179443
 9.023439688432006 0.000028650719428721656
 9.089469819987116 0.000029027202616813544
 9.155686727260486 0.00002940371146308372
 9.222070749650191 0.000029780488340103272
 9.288631717457195 0.00003018400628196928
 9.355349970079576 0.00003061437714038751
 9.422235337818293 0.000031042588464997846
 9.489277990372386 0.000031526106509682146
 9.556468097440895 0.00003203380265864069
 9.62381548932478 0.00003254156431121968
 9.69130050542212 0.000033049523314500344
 9.758932976033874 0.00003360757932504013
 9.826703070859082 0.000034222993695794735
 9.894591129295824 0.00003486217914396784
 9.962616811946019 0.00003553016837585356
 10.030740797605823 0.000036180130244125525
 10.099061389284847 0.0000368787271938188
 10.167480283973484 0.000037706089787951747
 10.23589917866212 0.000038531031464909645
 10.304514679369975 0.00003937672524131881
 10.37322848308744 0.00004029880377969869
 10.442040589814516 0.00004126961344213102
 10.5109509995512 0.00004234513526581891
 10.579861409287886 0.000043439798983656283
 10.648968425043794 0.00004463359520773099
 10.718075440799698 0.00004590040725272136
 10.787379062574825 0.00004727369468046127
 10.856584381340342 0.000048798842505924396
 10.925986306125077 0.00005038797808328221
 10.995388230909814 0.0000521619887455778
 11.064888458704162 0.00005408648133968378
 11.134388686498507 0.000056252332406970143
 11.203888914292852 0.00005860696831106425
 11.273487445096812 0.00006116845410363904
 11.343184278910377 0.0000641470588037605
 11.412881112723943 0.00006757333484096058
 11.482479643527899 0.00007143933831938958
 11.552274780351077 0.00007600922939748275
 11.621971614164645 0.00008111125727878793
