 0.0004903553893676018 0.2671934613276113
 0.0014768310398332774 0.30715061541780214
 0.0024749131008657077 0.3384189482613822
 0.003484742541014286 0.3659035096963534
 0.0045064306512390614 0.3898110405807981
 0.005540150550811218 0.4101723856315004
 0.006586025896353031 0.427189573019912
 0.007644192710149004 0.44118233047433464
 0.008714799380145867 0.4525054132732907
 0.00979799429429035 0.4615003927180441
 0.010893938206191412 0.4684765440477154
 0.012002742406809097 0.4737085012111845
 0.013124542918427913 0.47744076835541976
 0.014259587054292408 0.4798937247049802
 0.015407986105362627 0.4812677862272385
 0.01656986372826085 0.4817448803415913
 0.01774534357960935 0.4814875375556317
 0.018934796629274952 0.48063807822511845
 0.020138099220635385 0.47931917505520927
 0.02135549866693519 0.477636662913899
 0.02258724228141893 0.47568234459321795
 0.023833453720708872 0.47353638266427217
 0.025094380298049567 0.47126858473716854
 0.02637002201344102 0.4689386240963392
 0.027660626180127774 0.4665963904430721
 0.028966440111354384 0.46428264494399857
 0.030287587463743125 0.4620304824224487
 0.03162419189391627 0.4598663845246936
 0.03297650071511837 0.45781054384627967
 0.034344761240593984 0.45587720669886733
 0.0357289734703431 0.45407527527098224
 0.03712950837423255 0.45240876519386264
 0.03854636595226234 0.4508773367290439
 0.039980040830921555 0.44947761219199167
 0.041430409353587924 0.4482049812905022
 0.04289771883350601 0.44705531901861506
 0.04438234024054263 0.44602582310734173
 0.045884397231320054 0.4451152773815431
 0.047404013462460565 0.4443226746632897
 0.048941559903830985 0.44364633787298025
 0.05049703655543133 0.44308339067669295
 0.052070690730506124 0.44262945713923996
 0.05366289339892221 0.4422793703905491
 0.05527376821730186 0.44202833360755833
 0.05690343884226733 0.4418718505705822
 0.05855227624368548 0.441804512216417
 0.060220404078178566 0.4418191348290332
 0.061908069658991136 0.4419079894518096
 0.06361552029936775 0.4420654057297717
 0.06534300331255295 0.4422238044771836
 0.06709064235516903 0.44257049528307774
 0.06885880839708279 0.44290853647698475
 0.07064762509491651 0.4432969281524292
 0.07245746341853702 0.44373144305000156
 0.0742884470245666 0.44420771939744913
 0.07614082322624982 0.4447217563850998
 0.07801483933683119 0.445270082934605
 0.07991086632617755 0.44584959555150233
 0.08182915150753346 0.446459500850045
 0.08376981853752119 0.4471021963379152
 0.08573311472938529 0.4477808397215153
 0.0877194110529926 0.4484970574585355
 0.08972895482158763 0.4492502341414627
 0.09176199334841496 0.45003719172208834
 0.09381877394671916 0.45085366961948287
 0.09589966758636702 0.45169472830558083
 0.09800479792398083 0.45255465057678695
 0.10013453592942742 0.4534279425504364
 0.10228925257257358 0.4543081801066366
 0.10446907151004166 0.45519111618290997
 0.1066743637116984 0.456077221109813
 0.10890537649078842 0.45696629919874343
 0.11116248081717851 0.45785345228178326
 0.11344592400411321 0.4587320967659217
 0.1157560770214594 0.45959748754944174
 0.11809306352583929 0.46044772941493506
 0.12045737814374201 0.4612856849218904
 0.12284939184503438 0.46211712988379106
 0.12526910462971644 0.4629458385957421
 0.12771750575076632 0.46377204904628
 0.13019434789493953 0.4645956074101642
 0.13269963106223603 0.4654175229217432
 0.1352345918188786 0.4662396982006686
 0.13779799359864447 0.4670634741315885
 0.14039230953397916 0.4678856366443809
 0.14301630305865992 0.46869667523443126
 0.14567121073890948 0.4694845036242035
 0.14835703257472782 0.47023740547102527
 0.15107500513233776 0.4709473916663782
 0.1538238918455165 0.4716119584323613
 0.15660369271426405 0.4722334815316473
 0.15941688087102593 0.47281674805096013
 0.16226345631580213 0.4733689973018803
 0.1651421824823699 0.47389780236472756
 0.16805429593695198 0.474406575721861
 0.1710010332457711 0.47489890167077714
 0.17398115784260457 0.47537826573648556
 0.17699714285989784 0.47584583774096634
 0.1800477517314282 0.4763021808187092
 0.1831329844571956 0.47675970151359254
 0.18625407760342283 0.47720472204825276
 0.18941226773633266 0.477669507493525
 0.1926063182897023 0.4781444827699754
 0.19583870239597725 0.4786138305325261
 0.1991081834889348 0.47906572103494754
 0.2024147615685749 0.47949702736961247
 0.20575967320112035 0.4799102357598276
 0.20914415495279384 0.4803083496478865
 0.21256820682359545 0.48069209062033275
 0.2160305922473024 0.4810648106278143
 0.2195350209225829 0.48143499437596227
 0.2230777831507687 0.4818065627458642
 0.22666382519675085 0.4821730166407918
 0.2302894373618611 0.4825271665632582
 0.2339583293447677 0.48287120436352277
 0.2376692645792479 0.483219716928078
 0.2414234796315244 0.48358642122912465
 0.24522097450159722 0.48397553390743864
 0.2490617491894664 0.4843785351196033
 0.2529482768275774 0.4847776189648466
 0.2568780842834848 0.48514886984402705
 0.2608548812558567 0.485475253968915
 0.26487619461224776 0.4857570336886876
 0.26894573405132616 0.48599703081066575
 0.2730610264406464 0.48618947876319085
 0.2772233083464312 0.48633711093594323
 0.28143505290112614 0.4864535692820603
 0.2856950235385084 0.4865430196575899
 0.290003220258578 0.4865970128342715
 0.2943621161937805 0.4866236454692868
 0.29877047477789304 0.4866426240868055
 0.30323076914336117 0.4866583458867273
 0.30774176272396225 0.4866612580563368
 0.3123046920859188 0.4866416174797534
 0.31691955722923104 0.4866064292406622
 0.3215888312863444 0.4865816906075531
 0.3263100411248133 0.48659514910648677
 0.33108689644330613 0.48666251059730187
 0.3359193972418228 0.4867842623004192
 0.3408063069541406 0.4869375945628981
 0.3457488621464822 0.4870955438366715
 0.3507495359512932 0.4872522647406297
 0.3558070918023508 0.4874153672210865
 0.3609227662658778 0.48759300701612096
 0.36609655934187413 0.4877919817446457
 0.37133094416278534 0.48802083931144213
 0.37662468416238865 0.4882845662095156
 0.38197901590690686 0.4885831332125147
 0.38739393939634 0.48891528943622303
 0.3928719277631334 0.48922743471443453
 0.3984129810072872 0.4895909948626709
 0.40401586256257865 0.4898470558790026
 0.40968428212767605 0.4899985471412033
 0.41541700313635654 0.49004175637110464
 0.4212152621548428 0.4899836038627917
 0.4270802957493578 0.4898400150527551
 0.4330121039199014 0.48964203603002476
 0.4390106866664737 0.4894262093063388
 0.44507851712152 0.4892136552682333
 0.4512168318512633 0.4890037808338365
 0.457423157723258 0.4887929153853852
 0.46370120443617224 0.48858288634101504
 0.47005097199000623 0.48838175968172154
 0.4764724603847598 0.48818101503259215
 0.4829669061866557 0.4879765978658283
 0.4895355459619169 0.487785693030262
 0.4961796162767659 0.48762176429240645
 0.5028978805649801 0.4874870802021865
 0.509692811959005 0.48739953485563287
 0.5165656470250631 0.4873413255761286
 0.5235163857631548 0.4872452469931347
 0.5305450281732799 0.4870491966252958
 0.5376552839541067 0.4867308490490597
 0.5448446799731894 0.4863071867989179
 0.552115689362974 0.48581107804898876
 0.5594683121234602 0.48526509398820983
 0.5669050213870935 0.4846770002191408
 0.5744258171538742 0.4840374461675247
 0.5820319359900246 0.4833147421214911
 0.5897246144617676 0.48247396106645435
 0.5975026160028808 0.48146528616409934
 0.6053696503120319 0.4802473104079205
 0.6133244808229986 0.47884145999573885
 0.6213695806682262 0.47734047032431065
 0.6295049498477148 0.4758078228875991
 0.637731824927687 0.47425644818003637
 0.6460514424743656 0.47267163501596066
 0.6544650390539734 0.4710848729000875
 0.6629726146665104 0.4695278506916871
 0.6715766424444221 0.46793912898714257
 0.6802771223877084 0.4661687700343038
 0.6890740544963695 0.4641327065358302
 0.6979711484690736 0.46189668529204203
 0.7069671677395979 0.4595712584623093
 0.7160645854403878 0.45725305966162894
 0.7252634015714434 0.4550206547487375
 0.7345648526989875 0.4529165060764878
 0.7439701753892428 0.4509060715020816
 0.753480606208432 0.44887633652876957
 0.7630973817227781 0.44680950969334776
 0.7728217384985036 0.4447275319661144
 0.7826549131018312 0.4425210761256916
 0.7925969055327611 0.4399674410650531
 0.8026489523575158 0.4369605275870128
 0.8128135267085411 0.43350929872559674
 0.8230918651520598 0.4296554089825375
 0.8334827311218488 0.425525966234783
 0.8439898343165765 0.42124220020529374
 0.8546144113024657 0.4169170440468569
 0.8653552255132937 0.41269526494505
 0.8762159866477287 0.40867135480294137
 0.8871966947057707 0.40470181900142055
 0.8982985862536423 0.40051405266332263
 0.9095228978575666 0.3960148654789422
 0.9208708660837659 0.391312026865916
 0.9323449640646861 0.38639557562483645
 0.9439451918003271 0.3812888489313348
 0.9556727858569115 0.37605307472854
 0.967530219366885 0.3707284757074743
 0.9795174923302474 0.3654408193912869
 0.9916358413132217 0.3601085346849174
 1.0038877394482533 0.35425377219160414
 1.0162744233015646 0.34751579958255
 1.0287958928731562 0.3397207918911557
 1.0414546212954734 0.3309664329841173
 1.0542518451347385 0.3214701710231531
 1.0671888009571748 0.3112980329196278
 1.0802679618952278 0.3003733088602183
 1.0934880913826746 0.28878218008877293
 1.1068528991181832 0.27615698760024004
 1.1203636216679767 0.2618685309992407
 1.1340202590320552 0.24547998787705033
 1.1478265209090863 0.22703483732784327
 1.161781170732848 0.20760040292722845
 1.1758879182020083 0.18775790774697648
 1.1901479998827897 0.16730289970810236
 1.2045614157751927 0.14705789188729992
 1.219130639011662 0.1283534071071198
 1.2338569061584215 0.1111476717963457
 1.248746400046584 0.09464052163735796
 1.2637830453152539 0.07883752601559096
 1.2789928098551093 0.06474565815589652
 1.2943633280039226 0.05259325470806525
 1.3099069654239213 0.04246360931601359
 1.32559899079065 0.0347362420495537
 1.3414765010907919 0.028740721408344584
 1.3575147649998913 0.02319279514081353
 1.3737261481801761 0.017589618688785877
 1.3901106506316465 0.012362152141803029
 1.406668272354302 0.012552048431070363
 1.4233990133481431 0.0035788171065659195
 1.4403152392753968 -0.0005166876657564485
 1.4574169501360636 -0.0037285115532412877
 1.474679414605688 -0.005434416878466723
 1.4921397296709529 -0.004950640856100759
 1.5097855296696308 -0.004441416779506596
 1.5276168146017213 -0.0025038201438636457
 1.5456212188049976 -0.0007607998862952999
 1.5638358392661413 0.00020718982685145854
 1.5822235789984707 0.0007844713339677826
 1.6008215349886676 0.0019757026212130213
 1.619604975912278 0.004699383632874776
 1.6385862674315281 0.009209381039936645
 1.657765409546419 0.0148207772522661
 1.6771424022569503 0.020811933892136845
 1.6967296112253496 0.0273081042442268
 1.716514670789389 0.03453489456788539
 1.7365099466112965 0.041775653360955164
 1.756715438691072 0.04796318134254101
 1.7771187813664877 0.052620662259154696
 1.797744705961999 0.05570886832578964
 1.8185684811531506 0.057963828494770095
 1.8396272039266253 0.06098931562989536
 1.8608837772957403 0.06573355536187966
 1.8823752982471782 0.07178907938407975
 1.9040770354564842 0.07817145990421014
 1.9260013545858854 0.08344647592388649
 1.9481606212976095 0.0853948349840868
 1.9705301042672019 0.08263507230948018
 1.993134534819117 0.07691043652155333
 2.0159739129533554 0.06984304554433655
 2.039035873007689 0.058219626000520434
 2.062345146306573 0.03855289366732415
 2.0858770015255526 0.01291369074784778
 2.1096561699890826 -0.014789777506155314
 2.1336702860349357 -0.03987345580677222
 2.1579193496631115 -0.05732979164037411
 2.1824280921980654 -0.06728259283545497
 2.2071717823153425 -0.07483346606599324
 2.23216278567717 -0.08361819170776279
 2.2574011022835476 -0.09355861972757923
 2.282899097796704 -0.10407615705799031
 2.3086444065544103 -0.11306793449597265
 2.3346493942188946 -0.11790657792878347
 2.3609140607901575 -0.12009201943586745
 2.3874384062681977 -0.1241266356824334
 2.4142224306530164 -0.13015110295953256
 2.441266133944613 -0.13482013244571323
 2.4685695161429875 -0.12415723425084163
 2.496157308572595 -0.11301054206561328
 2.5240047799089806 -0.14150383345882886
 2.5521242958143717 -0.1443079336196758
 2.580515856288769 -0.1456361897969215
 2.6091794613321713 -0.15049822777066532
 2.6381274766068064 -0.16151213088682198
 2.667359902112675 -0.17455696639937704
 2.696864372187549 -0.18373687848325002
 2.726653252493656 -0.19105624281437306
 2.7567389086932237 -0.20025548716810537
 2.787096609461797 -0.19974085170203268
 2.817763451786058 -0.19177925453832326
 2.848702338679325 -0.18563504597339894
 2.87995036712828 -0.16355056683423105
 2.911482805808468 -0.13946842340234786
 2.9433120203821166 -0.11554252123412079
 2.9754503765114535 -0.09486440434506291
 3.0078855085342506 -0.08597530919622812
 3.040629782112736 -0.09201792992861978
 3.0736708315846824 -0.1012296105929656
 3.107033388274544 -0.09733531854440818
 3.1406927208578663 -0.09408273307511548
 3.174673560659104 -0.08104150641974868
 3.2089635420160305 -0.07691698688856853
 3.243562664928644 -0.07880745861567286
 3.278483295059174 -0.08000693724165663
 3.3137377980698473 -0.06784607923264649
 3.349301442636208 -0.055693075979441314
 3.3851865944204844 -0.04711096756562157
 3.4213932534226776 -0.03953991773951885
 3.4579337853050127 -0.03738163410858539
 3.4948081900674914 -0.036524448141968945
 3.532004102047886 -0.0354957502348465
 3.569546252570651 -0.018237826734847955
 3.6074099103113317 0.004408154793214062
 3.6456198065943832 0.024000996145408845
 3.684163575757578 0.04645699333616522
 3.7230412178009153 0.09920605117440146
 3.7622774640488514 0.17544358236770388
 3.8018475831769303 0.22755475242272286
 3.8417639408473803 0.2421577939131517
 3.8820265370602005 0.24587197304287708
 3.922635371815392 0.2560263547589842
 3.9636028107751815 0.25479410785267914
 4.004916488277341 0.24651821272183053
 4.046588769984099 0.24232237143923627
 4.088619655895457 0.23416800254243048
 4.130996780349183 0.2281301642263748
 4.173744874669737 0.22421559015314418
 4.216851573194888 0.2025600155731796
 4.260316875924637 0.16864952249228793
 4.304153148521213 0.13046385930913168
 4.348348025322386 0.08983584276946718
 4.392901506328157 0.052426551401444574
 4.437838322862982 0.02447955542498446
 4.4831461092646325 -0.010571829482256639
 4.528812499870881 -0.06938433006052297
 4.574862226006183 -0.12926349966850523
 4.621282922008311 -0.16473518806313442
 4.668074587877264 -0.17561296119887113
 4.715249589275271 -0.1795644922653635
 4.762795560540104 -0.1899672435645321
 4.81072486733399 -0.19831200459653248
 4.859025143994701 -0.2227651740026141
 4.907721121846693 -0.2559710945757216
 4.956788069565512 -0.2787121110160185
 5.006250718475611 -0.25130413114602795
 5.056096702914763 -0.12827677033509044
 5.106313657220741 0.06094679998706027
 5.156926312717999 0.21188269188384792
 5.207934669406539 0.2985133464852398
 5.259326361624131 0.3526184059423133
 5.311101389370777 0.3956817828607393
 5.363272118308704 0.434542771706483
 5.415838548437912 0.4707570877970054
 5.468788314096173 0.5046274130929284
 5.5221337809457145 0.5361868343524678
 5.575874948986537 0.5654104343718007
 5.6299994525564125 0.5922744387578616
 5.684532022979797 0.6167788964470362
 5.7394479289322335 0.6389562335852103
 5.794771901738179 0.6588719239337016
 5.850479210073178 0.6766204959537897
 5.906582219599458 0.6923194622261671
 5.963093295979246 0.7061020821259234
 6.019987707888087 0.7181107073631101
 6.077290186650437 0.7284907958300874
 6.134988366604067 0.7373861652341684
 6.193082247748978 0.7449355870502117
 6.25157183008517 0.7512703000531018
 6.310457113612643 0.7565124630193847
 6.369738098331396 0.7607746853022367
 6.429427149903659 0.7641596223449512
 6.489499537004974 0.7667603136439762
 6.549979990959797 0.7686606261643806
 6.610843780443673 0.7699358090530534
 6.672115636781059 0.7706533027196975
 6.733770828647496 0.7708734397415015
 6.795834087367443 0.770650067614912
 6.858280681616443 0.7700313072400525
 6.9211353427189515 0.7193341450778555
 6.984373339350513 0.767775162759657
 7.048007037173354 0.7662105797954968
 7.1120240705252495 0.7643972797035946
 7.176449170730654 0.7623628573082905
 7.2412452408028845 0.7601321680176184
 7.3064493777286215 0.7577275441459775
 7.372024484521185 0.7551689792561965
 7.43799529250503 0.7524746203896857
 7.504361801680155 0.7496608248899984
 7.571099280722106 0.7467423521009385
 7.63822009529311 0.7437324949919066
 7.705724245393167 0.7406433033556445
 7.773611731022278 0.7374857555213439
 7.841882552180442 0.7342696922273614
 7.910524343205432 0.7310040588525551
