 0.0005593197229443525 0.8859330514499293
 0.0016845348209600908 0.8834288038326243
 0.002822988672914983 0.8861923981737291
 0.003974842073391286 0.8891791877142879
 0.005140221965480255 0.8919783176743087
 0.006319325816212733 0.8944832705741226
 0.007512294673467891 0.8966182948749867
 0.008719283689912819 0.8983267619734527
 0.009940462123002527 0.8995785983868916
 0.011175999230192019 0.9003692427143485
 0.012426078373724222 0.9007131142941053
 0.01369082649669039 0.9006357388663365
 0.014970398751757614 0.9001683568258292
 0.016265077234684237 0.8993432721504385
 0.017574988888561516 0.8981920708298186
 0.01890027476126863 0.8967445414538365
 0.02024107590068474 0.895028070678357
 0.02159781545044737 0.8930678081429508
 0.022970352362677353 0.8908867289085708
 0.024358968733133025 0.8885059562723677
 0.025763946657572735 0.8859455578708398
 0.027185427183875656 0.883225154287638
 0.028623692407800133 0.8803632924518356
 0.03007874232934617 0.8773754226879028
 0.03155085904427211 0.8742740714984281
 0.03304032464833629 0.871069017656039
 0.0345472801894179 0.8677692487547891
 0.0360718667153961 0.864384590163144
 0.03761436632202923 0.8609260442920693
 0.039175061105075654 0.8574046643988478
 0.04075395106453536 0.8538309380278559
 0.04235145934404587 0.8502140890235385
 0.043967585943607175 0.84656144845117
 0.045602895054735984 0.8428788083568782
 0.0472572456295531 0.8391709782319288
 0.048930919763816895 0.8354421025723049
 0.050624340601164865 0.8316944063610661
 0.05233764918947619 0.8279286309062313
 0.05407098657663006 0.8241473322822435
 0.05582477590626396 0.820355874319821
 0.057599017178377926 0.816560696772356
 0.05939399248873027 0.812766668145048
 0.06121012498095854 0.8089783429798503
 0.06304755570294189 0.8052013714642161
 0.06490642570255949 0.8014401327768547
 0.06678715812344886 0.7976940547823326
 0.0686898940134892 0.793961743153594
 0.07061491546843882 0.7902437905213575
 0.07256250458405607 0.7865401127595933
 0.07453294345609932 0.7832130807833246
 0.07652637313244771 0.7791656393719979
 0.0785432167567388 0.7754917928128496
 0.08058361537685171 0.7718293024165711
 0.08264799213642401 0.7681798356966265
 0.08473648808333484 0.7645436682045793
 0.08684938531334256 0.7609240504081405
 0.08898696592220551 0.7573288335388921
 0.0911496530535612 0.753764300250278
 0.093337728803168 0.7502273432059198
 0.09555133421890505 0.7467081736224888
 0.09779075139653072 0.7431994513934334
 0.10005640347968252 0.7397007802704142
 0.10234857256411879 0.7362152886641289
 0.10466754074559789 0.7327486131662018
 0.10701359011987815 0.7293108155191659
 0.1093871438305971 0.7259102845413369
 0.11178834292563392 0.7225480168053445
 0.1142176105486261 0.7192214960169677
 0.11667536984321117 0.7159312967672663
 0.11916176185726833 0.7126852404901637
 0.12167720973443504 0.7094929104878707
 0.12422199557046971 0.706356957380423
 0.12679654250900982 0.7032716709337627
 0.12940113264581374 0.7002256714521836
 0.13203618912451895 0.6972105262516988
 0.13470185299300466 0.6942234186883436
 0.13739868844278752 0.6912666984495552
 0.1401271186175051 0.6883456841100534
 0.14288714351715737 0.6854647036247392
 0.14567989152477773 0.6826301265579146
 0.1485050805446078 0.6798459311811942
 0.1513627105766476 0.6771066566491118
 0.15425419209968885 0.6744020469013772
 0.15717811463493989 0.6717238832511003
 0.16013729913998406 0.6690749787998124
 0.1631303351360297 0.6664628499963564
 0.16615863310186854 0.6638861867406698
 0.16922219303750055 0.6613424933971372
 0.1723224254217175 0.6588369901923286
 0.1754579197757276 0.6563835498694548
 0.1786286760995309 0.6539968078102643
 0.18183751535071083 0.6516847577792853
 0.18508443752926743 0.6494452786928833
 0.1883680321564089 0.6472676416583877
 0.19168970971092708 0.645138222042339
 0.19505088067161355 0.6430458035306472
 0.19845013455967672 0.6409843758675642
 0.20189029233269995 0.6389478636912407
 0.20536994351189158 0.6369364524014612
 0.20888908809725157 0.6350656355663264
 0.21244913656757164 0.6330121817929389
 0.21605149940164356 0.6311067529650823
 0.21969476612067554 0.629251038855302
 0.22338175768225108 0.6274416329857687
 0.22711106360757846 0.6256583799956474
 0.23088268389665767 0.6238805600003724
 0.2346980290282804 0.6220979967839457
 0.2385585094812384 0.6203133792496393
 0.2424641252555317 0.6185293817689549
 0.24641346587236862 0.6167391316065202
 0.2504107627681242 0.6149352156654561
 0.2544517845064233 0.6131196567496547
 0.2585421730024329 0.6113126393983046
 0.26267769681977776 0.609548943650085
 0.2668625873948331 0.6078581400058993
 0.2710954342488072 0.6062555851291476
 0.27537764786049174 0.6047277248238961
 0.2797092282298867 0.6032487575384249
 0.28409017535699216 0.6018175839170178
 0.28852331019939154 0.6004415023827372
 0.29300581179950136 0.5991136671153369
 0.2975419115936968 0.5978072584212849
 0.3021287886243945 0.5965051912510769
 0.3067706743279695 0.5952270859176592
 0.31146474774683847 0.5939737954058354
 0.31621241935979305 0.5927164962241527
 0.32101651012441673 0.5914555494759741
 0.3258756095619178 0.5901951261228049
 0.3307897176722962 0.5889338697530022
 0.3357616554131355 0.5876919357523976
 0.3407900123056438 0.586486886620862
 0.34587760930740474 0.585316695546786
 0.35102303593962647 0.584162702647421
 0.3562277026811007 0.5830220968699144
 0.3614916095318276 0.581956295059244
 0.3668175774493905 0.58104938808134
 0.37220278547620583 0.5803424778936775
 0.37765146504864894 0.5798319996744546
 0.3831636161667198 0.5794752597918519
 0.38873782835162674 0.5791736890393161
 0.3943755120821613 0.5788327164878486
 0.4000794883159071 0.5784262526984866
 0.40584834657407237 0.5779609369928903
 0.41168349733544884 0.5774658807308688
 0.4175849406000365 0.5769831255487501
 0.42355549732541875 0.5765307603293942
 0.42959375703280395 0.5761121658525014
 0.4357011302009838 0.5757646412926777
 0.4418776168299583 0.5755143252274729
 0.44812603787731087 0.5754105690431924
 0.4544463933430416 0.5752842410599099
 0.4608372727483586 0.5752381440621372
 0.4673029075296373 0.5751631215561852
 0.4738418872080858 0.5750251421431304
 0.4804556222624957 0.5748192329726447
 0.48714552317165905 0.5746143912700005
 0.4939115899355756 0.5744723758824409
 0.5007538225542455 0.5743612891912356
 0.507675041985252 0.5742610110157705
 0.5146766587073871 0.5741932890518137
 0.5217558517630672 0.5741906777364274
 0.5289168525886674 0.5742701229405027
 0.5361596611841878 0.574407735360221
 0.5434842775496285 0.5745464721305003
 0.550892112163781 0.5746612602353905
 0.5583845755054372 0.5748201781295627
 0.5659630780533887 0.5750701925082244
 0.573626209328844 0.5753382560939178
 0.5813767902893864 0.5755382379225578
 0.5892162314138074 0.5756993201629663
 0.5971445327021074 0.5758669154912275
 0.6051616941542862 0.5760489374816415
 0.6132719472067192 0.5761949498920157
 0.6214724709018224 0.5761764670922699
 0.6297660861971799 0.5758675734470001
 0.6381527930927913 0.5753617653567401
 0.6466354125462401 0.5748497616680478
 0.6552139445575266 0.5743940083316685
 0.663889799605442 0.5739205896275463
 0.6726643881687785 0.5733405328624368
 0.6815362997687442 0.5726972641682762
 0.6905097658417141 0.5720975933680283
 0.6995833759088967 0.5715833449385767
 0.7087599509278756 0.5711104342524019
 0.7180394908986505 0.5707557092379657
 0.7274234063000132 0.5705734365795724
 0.7369131076107555 0.570458896070202
 0.746510005309669 0.5704023864402193
 0.7562140993967539 0.5704020823399026
 0.7660282108295934 0.5703529282562843
 0.7759523396081878 0.5701971629791487
 0.7859864857325368 0.5700278922672016
 0.7961348806390158 0.5697451750057516
 0.806396113848833 0.5690951201261478
 0.8167730063195718 0.5679129064267511
 0.8272655580512323 0.5660494663335538
 0.8378751795226062 0.5635088619935503
 0.8486032812124852 0.5603291584380997
 0.859451273599661 0.5565560488999683
 0.8704205671629254 0.5531438320167661
 0.88151257238107 0.5485821778422315
 0.8927286997328867 0.5444409735811239
 0.9040689492183753 0.5399270302356273
 0.9155347313163277 0.5350624214136614
 0.9271288669843273 0.5298955984150855
 0.9388527667011659 0.5244857074180653
 0.9507050199880517 0.5186547231851557
 0.9626898582813598 0.5122547071600235
 0.9748086920598821 0.5051222769473774
 0.9870601108448266 0.4968816533644146
 0.9994483460725687 0.4871220812265253
 1.0119733977431085 0.4758283819501325
 1.0246366763352377 0.46330608274892543
 1.0374395923277475 0.4497406413810456
 1.0503835561994304 0.434910087184825
 1.0634713889078695 0.4185752854487783
 1.0767030904530646 0.4006985688738159
 1.0900800713138077 0.3819011032885928
 1.1036051524476822 0.3624071985818783
 1.1172783338546879 0.34262077713967587
 1.1311010260136172 0.32308402942886716
 1.1450760498820527 0.3029493303000004
 1.1592048159387864 0.28190113735524236
 1.1734873241838186 0.26109593734505293
 1.1879263955747326 0.24144448824334055
 1.2025234405903198 0.2221746250609541
 1.2172798697093723 0.20213699709836222
 1.2321985038894736 0.17991488515255505
 1.2472779326518317 0.15699858480048942
 1.262522387432822 0.1366900263574155
 1.277933278711236 0.12006846601340307
 1.293510606487074 0.1047527155120709
 1.309258602196711 0.08917114052155706
 1.3251758553613553 0.0748819963927847
 1.3412665974173819 0.06167241763762746
 1.3575322388435829 0.04900054948059085
 1.3739727796399581 0.039073516898939356
 1.3905910407640907 0.0314113554620109
 1.407388432694773 0.02495784391019616
 1.4243720078259632 0.01955716697449821
 1.441523429933369 0.013575947666010751
 1.4588723190716164 0.008237652063480764
 1.4764045704527888 0.005114376596884572
 1.4941342888648026 0.0027137701130455476
 1.512033264731824 0.0007400322771512038
 1.5301438124176043 0.0011652505425202681
 1.5484377223463095 0.0017192310048525926
 1.5669290993058562 0.0015385607444582934
 1.585617943296245 -0.0008645401882618113
 1.6045042543174755 -0.003736925743239722
 1.623588032369548 -0.004590824395661301
 1.6428833822403792 -0.004739312022647422
 1.6623903039299701 -0.005049404224958996
 1.6820805878624852 -0.0038077641574356235
 1.7019965484016766 -0.0007531310904528887
 1.7221240807596274 0.003523222981659417
 1.742463184936337 0.007170983545067879
 1.7629997561438888 0.009575659435925782
 1.783776108746034 0.013635617258168586
 1.8047499283790214 0.020479118455533254
 1.825963529406602 0.029357160055353576
 1.847388702252942 0.04619108663011615
 1.8690395517059581 0.07196941983863651
 1.8909160777656508 0.09212047760567627
 1.9130182804320202 0.09600694576577315
 1.935360264492983 0.08880259821941809
 1.957927925160622 0.07873683820674623
 1.980735367222855 0.06974555832158401
 2.0037825906796813 0.06393591645006602
 2.0270554907431846 0.06322646095185161
 2.050582276989198 0.06813409953394052
 2.0743347398418885 0.07830172141526648
 2.098355193665007 0.09150781895426638
 2.1226013240948016 0.10584875549693436
 2.1471154454950248 0.12172222450611067
 2.1718693482898415 0.1396319134353368
 2.196877137267169 0.1587919068722177
 2.222152917214925 0.1701597193429205
 2.2476684785572743 0.14903144352271105
 2.273452030870052 0.08409298755609541
 2.2995035741532583 0.027949096663440618
 2.3258090036189754 0.05286418024294681
 2.3523965288430375 0.08618952548561112
 2.379237940249611 0.13919857450862175
 2.40636144741453 0.17407558088581043
 2.4337529455498768 0.20130018377395448
 2.4614124346556516 0.2260976600748013
 2.48936812430769 0.24980994924646793
 2.517591804930156 0.26462203924138344
 2.546097581310968 0.28450493468195653
 2.574885453450125 0.34978476206727094
 2.603969526135545 0.45163062218195404
 2.6333356945793107 0.5617009598984493
 2.6629980635693387 0.7203408206728426
