 0.00038981665248849934 0.9336184283235328
 0.0011740328437735213 0.9020099444413099
 0.0019674757555405483 0.8990989135731252
 0.002770257453220535 0.899783608943116
 0.0035824664095221318 0.9013864737510907
 0.004404240248658791 0.9031787859071501
 0.0052356772736401255 0.9048549585549996
 0.006076885617776703 0.9062611514880751
 0.006927983244680058 0.9073205792121253
 0.007789088117961722 0.9080012556164798
 0.008660328031534189 0.9082983246790444
 0.009541791458106106 0.9082229272358578
 0.010433586530988047 0.9077947475156585
 0.01133590985619923 0.9070372415123826
 0.012248849906448303 0.9059748931303866
 0.01317250498474488 0.9046316580764024
 0.014106973394098566 0.9030310815507094
 0.015052550043538195 0.9011956989142162
 0.01600913663005416 0.8991465655642439
 0.016976929759665672 0.8969037262348158
 0.01795612603839196 0.894486129522445
 0.01894682376924263 0.8919108821463947
 0.019949219558236902 0.889193359410644
 0.02096331340537478 0.8863471494827945
 0.021989301916675478 0.883384970055627
 0.02302738169815822 0.8803183289861273
 0.024077651052832615 0.8771582617504111
 0.025140208283708273 0.8739150510299392
 0.026215249996804416 0.8705991755949204
 0.02730297279814026 0.8672214458967018
 0.028403376687715812 0.8637919865241107
 0.029516756574559898 0.860318997860532
 0.030643112458672517 0.8568082881140445
 0.03178283755209211 0.8532645686271143
 0.03293583355180907 0.8496923431581362
 0.03410229706384261 0.8460981124284552
 0.03528252299722157 0.8424903024295297
 0.03647660965495555 0.838876738802195
 0.03768465534005417 0.835262570076392
 0.03890695496154625 0.8316515157741107
 0.04014350851943181 0.8280481515779017
 0.04139451261973004 0.8244577431900052
 0.042660262171469794 0.820882975160846
 0.043940855477660676 0.8173229833728736
 0.045236390841312285 0.8137758806824286
 0.04654716317145347 0.8102412169904456
 0.04787327077109383 0.8067182895811942
 0.04921491024625258 0.8032044511973172
 0.050572278202948955 0.7996958712269228
 0.051945571247202164 0.7961899759666751
 0.053334887682021825 0.7926881194187736
 0.05474052241643677 0.7891950552777813
 0.05616257375345658 0.785714873374059
 0.05760133660211013 0.7822489688939632
 0.059056909265407 0.7787976486205808
 0.06052948834936642 0.7753620721772031
 0.06201927046000761 0.7719422968382684
 0.06352655050635939 0.7685355743387163
 0.06505152509444101 0.7651383928009319
 0.06659429252726204 0.761750137684288
 0.06815504941084173 0.7583757976215585
 0.0697340906542089 0.7550222191572735
 0.07133161286338276 0.7516894063024547
 0.07294781264438255 0.7483714854373764
 0.07458288660322747 0.7450618550971263
 0.07623712964894637 0.7417550789523356
 0.07791064008454886 0.7384461805297678
 0.07960371281906375 0.7351311097617924
 0.08131664276151988 0.7318154413663355
 0.08304952821492688 0.7285182849348429
 0.08480266408831354 0.725260472884881
 0.08657624698769911 0.7220552155482781
 0.08837057182211241 0.7189118747004877
 0.09018583519757267 0.7158446113290955
 0.09202233202310872 0.7128628469792525
 0.09388016060173016 0.7099577932558833
 0.0957597141454754 0.7071112467616398
 0.09766128756337333 0.7043091003973098
 0.09958488085542393 0.7015441671862135
 0.10153128044570407 0.69881202856283
 0.10350028972819454 0.6961094300795759
 0.10549190870289532 0.6934346124863348
 0.10750712039990255 0.6907882884020745
 0.1095449417891201 0.6881699714437471
 0.11160733893074015 0.6855709118296761
 0.11369332879466666 0.6829766826010268
 0.11580389441099569 0.6803822168677393
 0.11793903577972722 0.6777934748112305
 0.12009973593095741 0.6752203927068945
 0.1222850118345901 0.6726714183383055
 0.12449486349062533 0.6701517417527342
 0.1267312569592553 0.6676702282066372
 0.12899419224047998 0.6652401359507537
 0.1312826863042033 0.6628684287213537
 0.13359772218052135 0.6605593461070042
 0.13594028289953022 0.6583284293779892
 0.13830938543113383 0.656198679572839
 0.14070699583552437 0.6541817290607553
 0.14313213108260572 0.6522714108823823
 0.14558479117237794 0.6505892170872233
 0.14806595913493706 0.6486883827384311
 0.15057661800037922 0.6469662979335387
 0.15311578473860832 0.6452670186901382
 0.15568542540981653 0.6435960399039571
 0.1582845569839078 0.6419486796996361
 0.1609131794608821 0.6403028891279142
 0.16357227587083553 0.6386459520198396
 0.16626282924386418 0.636981899443669
 0.16898483957996807 0.6353254549942053
 0.1717373238490511 0.633691313349401
 0.17452323114140159 0.6320880391797564
 0.17733961236673115 0.6305185980047242
 0.18019039964542427 0.628974689265414
 0.18307264388719266 0.6274457588570038
 0.18598929418232457 0.6259413330303321
 0.18893936750072393 0.6244762992295828
 0.19192384687248681 0.6230393941100322
 0.19494273229761322 0.6216123957393406
 0.19799602377610317 0.6201864124391098
 0.20108568736814889 0.6187545763757115
 0.20420975701355812 0.6173158467031066
 0.20737118180261918 0.6158732859472907
 0.21056799567513992 0.6144380789975268
 0.21380314772140857 0.6130208761925605
 0.21707467188123297 0.611617450450036
 0.2203835511847092 0.6102239360556949
 0.2237317516920295 0.6088416723166232
 0.22711829037309772 0.6074604858722057
 0.23054316722791388 0.6060548300436257
 0.2340083483166702 0.6045998414052595
 0.23751285060927055 0.6030978602520886
 0.24105864016590714 0.6015904821558367
 0.2446447339564839 0.6001291426872521
 0.24827211501109686 0.5987307364080051
 0.2519407833297461 0.5973905639781381
 0.2556527049726238 0.5960938903653183
 0.2594059138795377 0.5948347203687154
 0.2632033591407762 0.5936430802770103
 0.2670450407563392 0.5925485121752979
 0.2709299756961307 0.5915187922262214
 0.2748591469902467 0.5904696083131269
 0.2788345206988795 0.5893550216581218
 0.2828551137919329 0.5882157638364462
 0.2869219092995031 0.5871257365313867
 0.29103490722159003 0.5861208962479066
 0.2951960736183859 0.5851751558997466
 0.2994044254597946 0.5842538015189274
 0.3036609457759123 0.583378111315291
 0.3079656345667389 0.5825812383179955
 0.3123204578924667 0.5819233704023039
 0.31672541575309565 0.5812489771892575
 0.32117952511852965 0.5806641860253231
 0.32568573507905707 0.5800993215840458
 0.3302430626045817 0.5795471469695945
 0.33485249072519957 0.5790002650384826
 0.3395150024710071 0.5784707401738342
 0.34423059784200394 0.5779491514218916
 0.3489992768381903 0.5774416596551801
 0.35382300551975826 0.5769783706368884
 0.3587027669168041 0.5765222883400035
 0.36363659496913536 0.5759884610070145
 0.36862743876704057 0.5753338879324948
 0.3736752983105196 0.5745808989630747
 0.37878017359957256 0.5737843319717576
 0.3839430476642954 0.5730306179025662
 0.38916490353478433 0.5723490383728475
 0.3944467242411354 0.571715501506036
 0.39978752675325263 0.5710853133076145
 0.40518927713132813 0.570362741650319
 0.41065295840545785 0.5694812225894215
 0.41617857057564206 0.568470338563517
 0.4217661136418806 0.5674188993131012
 0.4274185366944619 0.5664532354348814
 0.4331338736731935 0.565665786990463
 0.43891409063826786 0.5650763045011318
 0.4447591875896849 0.5645788505692827
 0.4506711305876368 0.5639921320269519
 0.4566499196321236 0.5632003675707538
 0.4626965377532414 0.56227564975864
 0.46881196798108615 0.5613491141401133
 0.474995227285562 0.5604887192902853
 0.481249264756957 0.5598025863576316
 0.4875730973651753 0.5593032101703775
 0.4939686911704089 0.5588984226158685
 0.5004360461726579 0.5585603490292461
 0.5069761454020185 0.5582138636139499
 0.5135899718885866 0.5576582595423506
 0.5202785086624583 0.5568349463343069
 0.5270417557236338 0.5560039419096277
 0.533881679132305 0.5553430290976202
 0.5407982788884722 0.5547455457272831
 0.5477915549921353 0.5542252057366194
 0.5548644565335826 0.5537699971684631
 0.562016000482718 0.5533112954078262
 0.5692481528997336 0.5528891367705986
 0.5765609137846296 0.5525450972217832
 0.5839552661675019 0.5523899584722006
 0.5914321930784467 0.552426409158453
 0.5989926775475601 0.5526911817744915
 0.6066377026049383 0.5530755982422931
 0.6143682512806772 0.5535468000512157
 0.622185306604873 0.5534826734099829
 0.6300888685775257 0.5531886164172592
 0.6380799202287313 0.5528088342490507
 0.6461604276186822 0.5522861136008445
 0.6543313737774744 0.55172863652425
 0.6625917756750118 0.5511244755855447
 0.6709445824015827 0.5505380820486676
 0.6793907769872832 0.5502404249753184
 0.6879293764020172 0.5504351826854366
 0.6965633297360729 0.5509753647402152
 0.7052926369894505 0.5515551786836237
 0.7141182811922461 0.5519573693004238
 0.7230412453745556 0.5520667993805048
 0.7320625125664751 0.5521691957277608
 0.7411840488281972 0.5521735183069457
 0.7504058541597214 0.5521981850636835
 0.7597289115911441 0.5526308749171527
 0.7691551871826573 0.5532813682429119
 0.7786846809342611 0.5539878216976303
 0.7883183758760519 0.5546903066443238
 0.7980582380682214 0.5552912400775251
 0.8079052505408658 0.555699391799148
 0.8178594132939854 0.5557879192574708
 0.8279226923877722 0.5554849976372362
 0.8380960708523222 0.5547975948167444
 0.8483805317177318 0.5539799529434267
 0.858778041044193 0.553309487296825
 0.8692876158016096 0.5522845706919516
 0.87991220508027 0.5506174262967864
 0.8906527919102705 0.5487159100101742
 0.9015093762916109 0.5469649578738991
 0.9124849073145793 0.5453925670242061
 0.92357840194908 0.5436126600885413
 0.9347928092854012 0.5408359974796161
 0.946129112353639 0.5371264855005433
 0.9575873111537931 0.5330939464931875
 0.969169371746056 0.5286719048860318
 0.9808762771605238 0.523838452610653
 0.992712942547677 0.5184861971617768
 1.004666588516266 0.5123621031962208
 1.0167578586983093 0.5049614273895867
 1.0289769227928458 0.49589441745454027
 1.0413336111008364 0.48572508323575725
 1.0538082630203591 0.4755737216405578
 1.066430369454297 0.4651359464721978
 1.079180269800728 0.45389214930427246
 1.0920677943606132 0.44227617697634686
 1.1050929431339527 0.4299297015204078
 1.118255716120746 0.4203375039045478
 1.1315561133209937 0.40302354139777263
 1.1450039650356565 0.3886521577374365
 1.1585992712647344 0.3733288354904306
 1.1723223714063056 0.3559751143973762
 1.1862027563632527 0.337846575239186
 1.200230595834615 0.31906426632357254
 1.2144058898203927 0.29788111332681344
 1.2287188080196245 0.274855647832675
 1.2431988413351933 0.251464601091225
 1.2578164988642166 0.2279076538626206
 1.2726012715095767 0.2065411405490186
 1.2875334986693523 0.19060645451445354
 1.3026230106445038 0.1778660693923342
 1.3178698074350315 0.16072606115128335
 1.3332738890409355 0.13587653108397968
 1.3488450857631766 0.10687079083431932
 1.364573567300794 0.07717329378542825
 1.3804691639547484 0.04782062403142963
 1.39653187572504 0.020187288073799034
 1.412751872310708 -0.0032365609592035667
 1.4291488143136741 -0.021679936570388792
 1.4457030411320162 -0.03463378737139625
 1.4624440436686177 -0.04001330723077782
 1.4793423310205953 -0.04491704649389779
 1.496427394090832 -0.050298449174529344
 1.5136795722774061 -0.0494151695529827
 1.531108695881278 -0.042526330929827744
 1.5487245952034094 -0.033340438214846606
 1.566507609641878 -0.025822562736471454
 1.5844773997986057 -0.02362010558901676
 1.6026339656735928 -0.02574953160002385
 1.6209674769658782 -0.027317311703583494
 1.6394975942773835 -0.028015529667438085
 1.658204657006187 -0.028403245388842556
 1.6771083257542108 -0.02690096286679231
 1.6961987702204937 -0.021867725597804505
 1.7154759904050358 -0.014945072208433463
 1.7349596469097595 -0.007192714158210072
 1.754630079132742 0.0007889978202825034
 1.7744971173749449 0.007436760206407977
 1.794560761636368 0.011636031414679587
 1.8148308422179722 0.012583514854232406
 1.8352975288187967 0.008894463356419276
 1.8559706517398025 -0.0007196888518717456
 1.8768502109809895 -0.01633342771490311
 1.8979362065423575 -0.03531426973829971
 1.919228638423907 -0.05310239198737326
 1.9407275066256375 -0.06793756026761974
 1.9624328111475495 -0.06230517552151338
 1.9843642125915648 -0.05773324718452119
 2.006502050355761 -0.11424043671710953
 2.0288561547410997 -0.13126458553227943
 2.0514265257475803 -0.14673656195002843
 2.0742131633752035 -0.17079156926144726
 2.09722589792493 -0.1869606083190173
 2.1204647293967596 -0.2106749590872457
 2.1439198274897313 -0.24673963738872737
 2.1676010225048064 -0.30276172412580943
 2.1915181447429455 -0.41003491893502897
 2.215651533602227 -0.6316437147951509
 2.2400306799855336 -1.0394984810931205
 2.264626092989983 -1.8178692988848069
