 0.00038981665248849934 2.2992298669958924
 0.0011740328437735213 2.29644120485567
 0.0019674757555405483 2.295362064767109
 0.002770257453220535 2.2960543752408666
 0.0035824664095221318 2.2985037047869974
 0.004404240248658791 2.302660127468173
 0.0052356772736401255 2.308443904861892
 0.006076885617776703 2.315749916175911
 0.006927983244680058 2.324452700321347
 0.007789088117961722 2.3344125565067384
 0.008660328031534189 2.3454810140453164
 0.009541791458106106 2.3575054136081475
 0.010433586530988047 2.3703325018344934
 0.01133590985619923 2.3838120124811097
 0.012248849906448303 2.3977991136232903
 0.01317250498474488 2.412156905696041
 0.014106973394098566 2.426758307888006
 0.015052550043538195 2.4414874268402516
 0.01600913663005416 2.456240443721197
 0.016976929759665672 2.470925406908327
 0.01795612603839196 2.485460229061446
 0.01894682376924263 2.49977072784147
 0.019949219558236902 2.5137885428352646
 0.02096331340537478 2.5274507283098124
 0.021989301916675478 2.5407008458730274
 0.02302738169815822 2.5534889921495116
 0.024077651052832615 2.5657715456771184
 0.025140208283708273 2.577509796860683
 0.026215249996804416 2.5886695841163756
 0.02730297279814026 2.599222409606852
 0.028403376687715812 2.6091469883411706
 0.029516756574559898 2.6184294432240156
 0.030643112458672517 2.6270619091217413
 0.03178283755209211 2.6350410226110283
 0.03293583355180907 2.642366569358709
 0.03410229706384261 2.6490406645742506
 0.03528252299722157 2.655068220960321
 0.03647660965495555 2.6604574194777104
 0.03768465534005417 2.6652190347071394
 0.03890695496154625 2.6693662700821252
 0.04014350851943181 2.672913455951609
 0.04139451261973004 2.6758754731632894
 0.042660262171469794 2.6782682184281907
 0.043940855477660676 2.680109341088302
 0.045236390841312285 2.681417727644791
 0.04654716317145347 2.682210051982089
 0.04787327077109383 2.6824953163588843
 0.04921491024625258 2.6822713964530203
 0.050572278202948955 2.6815277110717752
 0.051945571247202164 2.680254458395776
 0.053334887682021825 2.6784487028577786
 0.05474052241643677 2.6761146584706794
 0.05616257375345658 2.6732619190023335
 0.05760133660211013 2.6699038597101374
 0.059056909265407 2.6660574093540106
 0.06052948834936642 2.6617452981309495
 0.06201927046000761 2.656997074358224
 0.06352655050635939 2.651847503047703
 0.06505152509444101 2.6463312055219945
 0.06659429252726204 2.640477621465175
 0.06815504941084173 2.6343104400783828
 0.0697340906542089 2.6278501213113676
 0.07133161286338276 2.6211182263567303
 0.07294781264438255 2.6141397443372583
 0.07458288660322747 2.6069438332816217
 0.07623712964894637 2.599562722451433
 0.07791064008454886 2.592031385530904
 0.07960371281906375 2.5843851731448684
 0.08131664276151988 2.576657456720516
 0.08304952821492688 2.5688771112346585
 0.08480266408831354 2.5610657758614823
 0.08657624698769911 2.5532399204846135
 0.08837057182211241 2.545415241912444
 0.09018583519757267 2.537603200348661
 0.09202233202310872 2.529801662112916
 0.09388016060173016 2.521993762898081
 0.0957597141454754 2.514156854049195
 0.09766128756337333 2.5062747603337976
 0.09958488085542393 2.498340450567332
 0.10153128044570407 2.4903476217118863
 0.10350028972819454 2.48228370998451
 0.10549190870289532 2.4741327367851897
 0.10750712039990255 2.4658842471800457
 0.1095449417891201 2.45754005145724
 0.11160733893074015 2.449111213240682
 0.11369332879466666 2.4406102554204976
 0.11580389441099569 2.432048307942365
 0.11793903577972722 2.4234400867588612
 0.12009973593095741 2.4148087973480963
 0.1222850118345901 2.406179615089566
 0.12449486349062533 2.397569247887541
 0.1267312569592553 2.38898150487557
 0.12899419224047998 2.3804123375806743
 0.1312826863042033 2.3718610855731206
 0.13359772218052135 2.3633357889601827
 0.13594028289953022 2.35485663141142
 0.13830938543113383 2.3464611348123765
 0.14070699583552437 2.3381920985681037
 0.14313213108260572 2.3300778122902046
 0.14558479117237794 2.3221329757885685
 0.14806595913493706 2.3143713831400095
 0.15057661800037922 2.306798111834245
 0.15311578473860832 2.2993868311599157
 0.15568542540981653 2.292080384492325
 0.1582845569839078 2.2848179236188675
 0.1609131794608821 2.277555638469863
 0.16357227587083553 2.2702709583946765
 0.16626282924386418 2.262965344551358
 0.16898483957996807 2.255663901318498
 0.1717373238490511 2.2483999160526826
 0.17452323114140159 2.241190299463557
 0.17733961236673115 2.234025056218486
 0.18019039964542427 2.2268903222296217
 0.18307264388719266 2.219780932635913
 0.18598929418232457 2.212686442577342
 0.18893936750072393 2.205587468401045
 0.19192384687248681 2.198462317277308
 0.19494273229761322 2.1912937441026927
 0.19799602377610317 2.1840805860041366
 0.20108568736814889 2.17683943540266
 0.20420975701355812 2.1696018417885927
 0.20737118180261918 2.162401059488261
 0.21056799567513992 2.1552501928129635
 0.21380314772140857 2.1481338364010454
 0.21707467188123297 2.141024444390276
 0.2203835511847092 2.1338973189101775
 0.2237317516920295 2.126735943221992
 0.22711829037309772 2.1195316353831557
 0.23054316722791388 2.112276698611899
 0.2340083483166702 2.1049593732208285
 0.23751285060927055 2.097566199210171
 0.24105864016590714 2.0900966511062253
 0.2446447339564839 2.082570097476565
 0.24827211501109686 2.075018002519791
 0.2519407833297461 2.0674746183246517
 0.2556527049726238 2.059977178888998
 0.2594059138795377 2.052567443413228
 0.2632033591407762 2.045281485976178
 0.2670450407563392 2.038130662778064
 0.2709299756961307 2.031095124191126
 0.2748591469902467 2.0241306314736573
 0.2788345206988795 2.0171867502875798
 0.2828551137919329 2.0102279615753753
 0.2869219092995031 2.0032389507155166
 0.29103490722159003 1.9962143537695223
 0.2951960736183859 1.9891758128354202
 0.2994044254597946 1.982172529465208
 0.3036609457759123 1.975237253528815
 0.3079656345667389 1.9683721873176792
 0.3123204578924667 1.9615574509733682
 0.31672541575309565 1.954746143685358
 0.32117952511852965 1.9478551046829293
 0.32568573507905707 1.9407762891875944
 0.3302430626045817 1.9334198148782324
 0.33485249072519957 1.9257477772593334
 0.3395150024710071 1.917790418882866
 0.34423059784200394 1.909634849157406
 0.3489992768381903 1.9013819504340452
 0.35382300551975826 1.8931315571164988
 0.3587027669168041 1.8849598415039561
 0.36363659496913536 1.8768544515888548
 0.36862743876704057 1.8687366406510835
 0.3736752983105196 1.860546138348326
 0.37878017359957256 1.8522711030557415
 0.3839430476642954 1.84392718253106
 0.38916490353478433 1.835523698129746
 0.3944467242411354 1.8270543142279574
 0.39978752675325263 1.818492258296531
 0.40518927713132813 1.8098112073311354
 0.41065295840545785 1.8010248429076972
 0.41617857057564206 1.7921799250686856
 0.4217661136418806 1.7833137340918643
 0.4274185366944619 1.774434014461585
 0.4331338736731935 1.7655374196951485
 0.43891409063826786 1.7565719961619999
 0.4447591875896849 1.7474226412197553
 0.4506711305876368 1.737971954802065
 0.4566499196321236 1.7281084614807551
 0.4626965377532414 1.7177461774601115
 0.46881196798108615 1.7068972653591385
 0.474995227285562 1.6956736959012506
 0.481249264756957 1.6842366679652514
 0.4875730973651753 1.6727654409532955
 0.4939686911704089 1.6613796861186871
 0.5004360461726579 1.650101788422775
 0.5069761454020185 1.6389222958057397
 0.5135899718885866 1.627745597898546
 0.5202785086624583 1.6163847109298546
 0.5270417557236338 1.604659769269585
 0.533881679132305 1.592512071466712
 0.5407982788884722 1.5799971327776046
 0.5477915549921353 1.5671602732213326
 0.5548644565335826 1.5539847870313435
 0.562016000482718 1.5404876505886207
 0.5692481528997336 1.526769101694129
 0.5765609137846296 1.5129451264619107
 0.5839552661675019 1.4990764554976919
 0.5914321930784467 1.4851622790473271
 0.5989926775475601 1.4711368396880615
 0.6066377026049383 1.4569052435850542
 0.6143682512806772 1.4423525380429072
 0.622185306604873 1.4273811960367653
 0.6300888685775257 1.4119371711727087
 0.6380799202287313 1.3959925811766152
 0.6461604276186822 1.379495049241546
 0.6543313737774744 1.3624627555355469
 0.6625917756750118 1.3449880624787187
 0.6709445824015827 1.3271494581771845
 0.6793907769872832 1.3091033789959188
 0.6879293764020172 1.2910198034374152
 0.6965633297360729 1.273007491070538
 0.7052926369894505 1.2551712574572982
 0.7141182811922461 1.2376129289132447
 0.7230412453745556 1.2203180608573616
 0.7320625125664751 1.2030320481052925
 0.7411840488281972 1.1852908494832215
 0.7504058541597214 1.1667379449735498
 0.7597289115911441 1.1473250761900227
 0.7691551871826573 1.1271586376790812
 0.7786846809342611 1.1064336533363244
 0.7883183758760519 1.0854216817544962
 0.7980582380682214 1.0642020759047732
 0.8079052505408658 1.0425229649150856
 0.8178594132939854 1.0200987607075938
 0.8279226923877722 0.9967704338612686
 0.8380960708523222 0.972508666114776
 0.8483805317177318 0.9475497457715896
 0.858778041044193 0.9222436731927459
 0.8692876158016096 0.896921531469757
 0.87991220508027 0.8718747120411197
 0.8906527919102705 0.8472043612472058
 0.9015093762916109 0.8228308400993352
 0.9124849073145793 0.7985763468282854
 0.92357840194908 0.7742991986053698
 0.9347928092854012 0.749877777936486
 0.946129112353639 0.7250426474485203
 0.9575873111537931 0.6996333049807748
 0.969169371746056 0.6737607702573463
 0.9808762771605238 0.6476520104882809
 0.992712942547677 0.6215071476087062
 1.004666588516266 0.5954093873869156
 1.0167578586983093 0.5694749457477316
 1.0289769227928458 0.5438302927737849
 1.0413336111008364 0.518567524666883
 1.0538082630203591 0.4939096163398888
 1.066430369454297 0.470056942063322
 1.079180269800728 0.44697874936872584
 1.0920677943606132 0.4244427791927433
 1.1050929431339527 0.4023979813489492
 1.118255716120746 0.3810798323114421
 1.1315561133209937 0.36073828885837483
 1.1450039650356565 0.3413602217838126
 1.1585992712647344 0.3224963847628661
 1.1723223714063056 0.3037542047311905
 1.1862027563632527 0.28512746658141974
 1.200230595834615 0.2667572628267478
 1.2144058898203927 0.24890291873143613
 1.2287188080196245 0.23204023883246438
 1.2431988413351933 0.21648953860958794
 1.2578164988642166 0.2021703978956799
 1.2726012715095767 0.18892512077614204
 1.2875334986693523 0.17675691921193304
 1.3026230106445038 0.16560394460511116
 1.3178698074350315 0.15529118599312686
 1.3332738890409355 0.14564155374733653
 1.3488450857631766 0.13651487665389248
 1.364573567300794 0.127839257687268
 1.3804691639547484 0.1195914805362315
 1.39653187572504 0.11175827060255764
 1.412751872310708 0.10435759959837955
 1.4291488143136741 0.09750303801523674
 1.4457030411320162 0.0913176191592322
 1.4624440436686177 0.08580734802496452
 1.4793423310205953 0.0808454596574852
 1.496427394090832 0.07628148377349366
 1.5136795722774061 0.07205723797828459
 1.531108695881278 0.06824890929233393
 1.5487245952034094 0.06489484333726096
 1.566507609641878 0.061931933039234915
 1.5844773997986057 0.05927906985958877
 1.6026339656735928 0.05687249926804612
 1.6209674769658782 0.054678377836038634
 1.6394975942773835 0.05267793475353756
 1.658204657006187 0.05085566956630765
 1.6771083257542108 0.049188424593431014
 1.6961987702204937 0.047637602907999885
 1.7154759904050358 0.04616634820614516
 1.7349596469097595 0.04475483510080496
 1.754630079132742 0.0433778071019777
 1.7744971173749449 0.041986199139702744
 1.794560761636368 0.040551547258687114
 1.8148308422179722 0.039127649268938886
 1.8352975288187967 0.03783795155770534
 1.8559706517398025 0.03680452169684525
 1.8768502109809895 0.03609314474726687
 1.8979362065423575 0.035718398851062275
 1.919228638423907 0.03566677326288295
 1.9407275066256375 0.03587082251313069
 1.9624328111475495 0.036217443606012104
 1.9843642125915648 0.03664173817232354
 2.006502050355761 0.037125606705630414
 2.0288561547410997 0.037566184486762765
 2.0514265257475803 0.03777140906725024
 2.0742131633752035 0.037627897130796895
 2.09722589792493 0.03720729723323455
 2.1204647293967596 0.03663202786876683
 2.1439198274897313 0.03596439600122933
 2.1676010225048064 0.03524667170042359
 2.1915181447429455 0.03452599336359267
 2.215651533602227 0.03381355255397573
 2.2400306799855336 0.03305828247124594
 2.264626092989983 0.03222818534916314
 2.2894672635184574 0.03135691246650359
 2.3145345309690346 0.03048098484213874
 2.339837725642677 0.029639840328595908
 2.365386677840344 0.0289607252825396
 2.391171557261075 0.028617422855578684
 2.417202194205832 0.028696066859217256
 2.443468758373653 0.029164769197220674
 2.46999091036646 0.02995229106754206
 2.4967489895823314 0.030949023205535227
 2.5237626566231888 0.03195630813676495
 2.551022081188072 0.03276364727046685
 2.57852726327698 0.03327818675363931
 2.6062880331908747 0.03353956920201383
 2.6343142212307167 0.03356392905973956
 2.6625861667945836 0.03321466100641658
 2.6911137001834367 0.032453900148700934
 2.7198968213972767 0.03156509841915277
 2.7489453607370637 0.03093326025898813
 2.7782593182027977 0.030655708566825642
 2.8078288634935182 0.030520682503894118
 2.837673657211147 0.030337432752423427
 2.8677740387537622 0.029917755686348965
 2.898149668723286 0.028871623943594594
 2.9287907168187566 0.027422052019092882
 2.9596971830401744 0.026042385656018165
 2.990888727989462 0.024783999121039433
 3.0223456910646966 0.02386178116033123
 3.0540779025668394 0.023584918038207815
 3.0860853624958904 0.02386706942325478
 3.11836807085185 0.02452095587402104
 3.150935857935679 0.025198028239376336
 3.1837788934464157 0.025256496018574708
 3.2169070076850224 0.024608188180043386
 3.2503202006514984 0.023594389841026225
 3.284008642044882 0.022517795559567254
 3.3179919924670966 0.021534740372156858
 3.3522604216171805 0.020468345522477973
 3.3868139294951334 0.019486167094319717
 3.421662346401917 0.01873764069562513
 3.456795842036569 0.018022412880888693
 3.4922144163990914 0.01740781759663281
 3.5279377300914043 0.01713156212526706
 3.563955952812548 0.017152747174734306
 3.600259254261561 0.01734084463742967
 3.636867295040365 0.017615159941764616
 3.6737702448480003 0.017803050342407235
 3.710968103684465 0.017726584487165173
 3.748470701850721 0.01734435683821074
 3.7862682090458075 0.016757046014708007
 3.8243704555706857 0.01619070764666501
 3.8627676111243936 0.016035574438051963
 3.9014793363088542 0.016689528386083428
 3.9404859705221456 0.017815436582996075
 3.9798071743661887 0.018075010172466183
 4.019433117540023 0.016505690223046574
 4.059353969742688 0.01391362458138877
 4.099589391576106 0.01161362561743741
 4.140139383040275 0.010081165991799743
 4.1809941138342355 0.00884485176008611
 4.222153583957988 0.0072887277801308645
 4.263627623712493 0.0056105216036228395
 4.305416233097749 0.0042756294774678955
 4.347509581812798 0.0033725158261052016
 4.389917500158599 0.0027602855739847342
 4.4326399881351515 0.0023136459977453902
 4.475667215441496 0.001967697251559233
 4.519018842679554 0.0016901434839526872
 4.562675209247403 0.001462601179251823
 4.606655975746965 0.0012732219626608004
 4.650941481576319 0.0011137544646412382
 4.6955415570364245 0.0009781794592564842
 4.740466032428244 0.0008619737986628195
 4.785695247149855 0.0007616674242386709
 4.831248861803179 0.000674555973558572
 4.877117046087255 0.0005985042963967813
 4.923299800002084 0.0005318071241513467
 4.969797123547665 0.0004730880055982149
 5.016609016723999 0.0004212243830260014
 5.0637354795310845 0.00037529164988083706
 5.111186342269884 0.0003345208323505908
 5.1589419443384745 0.000298266414529547
 5.207021946338779 0.00026598167044117213
 5.255406687668874 0.00023719969940790028
 5.304115828930683 0.00021151866843565663
 5.353129709522282 0.0001885903699191541
 5.402467990045595 0.00016811114804105547
 5.4521110098987 0.00014981478616156086
 5.502078429683518 0.00013346676947855482
 5.552350588798127 0.00011885968760313838
 5.602937317543488 0.00010580948418918098
 5.653828785618641 0.00009415237157561011
 5.705044653625508 0.00008374226859266315
 5.756555430661205 0.00007444864990884113
 5.808390607628615 0.00006615472625003163
 5.860520693624855 0.00005875588350576464
 5.912965349251849 0.000052158344996252904
 5.9657245745095935 0.00004627799539376582
 6.018778708796169 0.00004103936423053925
 6.072137582412536 0.000036374723796290163
 6.125801195358693 0.00003222329331259712
 6.179769547634643 0.000028530531176175547
 6.234042639240383 0.000025247503205175727
 6.288610639874954 0.000022330318064315982
 6.343483379839316 0.000019739618155926225
 6.398641198531548 0.000017440130267797972
 6.454103756553572 0.000015400249683082723
 6.509861223604425 0.000013591674444499341
 6.565913599684109 0.00001198907314002717
 6.62225105449166 0.000010569783729021586
 6.678883418328044 0.000009313544292957799
 6.735800860892297 0.000008202248277504027
 6.793003382184418 0.000007219724874184635
 6.85049098220441 0.00000635154035637334
 6.908263660952271 0.000005584819034341805
 6.9663214184280005 0.000004908082234745034
 7.024654424330639 0.00000431110273033462
 7.0832528483592245 0.0000037847740148539525
 7.1421363511156795 0.000003320992263731174
 7.201295102299042 0.0000029125505751316482
 7.260719271608353 0.0000025530437222750985
 7.320408859043609 0.0000022367822043701802
 7.380363864604815 0.000001958715812381209
 7.440594118592928 0.0000017143641510050165
 7.501070130105067 0.0000014997553417064946
 7.561811559743153 0.0000013113699518209202
 7.622808577206225 0.0000011460917538597966
 7.684051352193322 0.0000010011630830096346
 7.745549715005406 8.741451597336043E-7
 7.807293835341515 7.628824927957394E-7
 7.869293543502609 6.654711319240035E-7
 7.931519348585808 5.802304234414947E-7
 7.993990911193032 5.056775822128766E-7
 8.05669840102332 4.405053446866968E-7
 8.119641818076671 3.8356177219183094E-7
 8.182811332052127 3.338324492983368E-7
 8.246206942949687 2.904245897392596E-7
 8.309828650769347 2.525529188189473E-7
 8.373666625210152 2.195271282673968E-7
 8.4377208662721 1.9074074455884272E-7
 8.501991373955187 1.6566126958223836E-7
 8.566478148259419 1.4382140025283825E-7
 8.63116152858287 1.248113032135629E-7
 8.696061175527463 1.0827174027194095E-7
 8.761147598190316 9.388799968457438E-8
 8.82644045717335 8.138452759218548E-8
 8.891920091874642 7.052019466004569E-8
 8.957586502294195 6.108410157492541E-8
 9.023439688432006 5.289189351636059E-8
 9.089469819987116 4.57825061700367E-8
 9.155686727260486 3.961529223290706E-8
 9.222070749650191 3.426750183080942E-8
 9.288631717457195 2.9632057095702122E-8
 9.355349970079576 2.5615598652657372E-8
 9.422235337818293 2.2136771473885226E-8
 9.489277990372386 1.912471394657538E-8
 9.556468097440895 1.6517734625762624E-8
 9.62381548932478 1.4262152200625154E-8
 9.69130050542212 1.2311277964228463E-8
 9.758932976033874 1.0624522908626945E-8
 9.826703070859082 9.166618343209125E-9
 9.894591129295824 7.906931241698422E-9
 9.962616811946019 6.818868747526485E-9
 10.030740797605823 5.879354901600314E-9
 10.099061389284847 5.068374572508581E-9
 10.167480283973484 4.368575000926042E-9
 10.23589917866212 3.7649200820370255E-9
 10.304514679369975 3.2443847704325206E-9
 10.37322848308744 2.795694820547633E-9
 10.442040589814516 2.409093482607279E-9
 10.5109509995512 2.076142547163842E-9
 10.579861409287886 1.7895508525209148E-9
 10.648968425043794 1.5430181337348324E-9
 10.718075440799698 1.3311094846076555E-9
 10.787379062574825 1.149136534108811E-9
 10.856584381340342 9.930622663716077E-10
 10.925986306125077 8.594141965601663E-10
 10.995388230909814 7.452101145333757E-10
 11.064888458704162 6.47896035234706E-10
 11.134388686498507 5.652905146341048E-10
 11.203888914292852 4.95536204239647E-10
 11.273487445096812 4.37064612991103E-10
 11.343184278910377 3.885578858787329E-10
 11.412881112723943 3.489215472512821E-10
 11.482479643527899 3.172616676870606E-10
 11.552274780351077 2.9286470409555025E-10
 11.621971614164645 2.7518192884344666E-10
