 0.0011740328437735213 0.48203256052550364
 0.0019674757555405483 0.5638107769554955
 0.002770257453220535 0.6212845958227697
 0.0035824664095221318 0.6666083160528867
 0.004404240248658791 0.7050553100220245
 0.0052356772736401255 0.7387559967314679
 0.006076885617776703 0.7686076182310511
 0.006927983244680058 0.7950747854495974
 0.007789088117961722 0.8184966303970397
 0.008660328031534189 0.8391809458834003
 0.009541791458106106 0.8574192013003471
 0.010433586530988047 0.873480960212649
 0.01133590985619923 0.8876101978972177
 0.012248849906448303 0.9000267848988761
 0.01317250498474488 0.910930590780415
 0.014106973394098566 0.9205043820531842
 0.015052550043538195 0.9289142843522021
 0.01600913663005416 0.9363087861233577
 0.016976929759665672 0.9428184275129247
 0.01795612603839196 0.9485568285305569
 0.01894682376924263 0.9536225990639347
 0.019949219558236902 0.9581016272966789
 0.02096331340537478 0.9620703407551834
 0.021989301916675478 0.9655978681006445
 0.02302738169815822 0.9687459962763864
 0.024077651052832615 0.9715661519729456
 0.025140208283708273 0.9740981080369325
 0.026215249996804416 0.9763738344077724
 0.02730297279814026 0.978423006773216
 0.028403376687715812 0.9802766126070399
 0.029516756574559898 0.98196354158289
 0.030643112458672517 0.9835054356198567
 0.03178283755209211 0.9849147673081798
 0.03293583355180907 0.9861982853091626
 0.03410229706384261 0.9873595560753422
 0.03528252299722157 0.988401647094778
 0.03647660965495555 0.9893300545966701
 0.03768465534005417 0.990157133820643
 0.03890695496154625 0.9909022986771326
 0.04014350851943181 0.9915828555697912
 0.04139451261973004 0.992205147639752
 0.042660262171469794 0.9927652975104125
 0.043940855477660676 0.9932581810553935
 0.045236390841312285 0.9936840020426321
 0.04654716317145347 0.9940482980001296
 0.04787327077109383 0.9943584274653163
 0.04921491024625258 0.9946200484955223
 0.050572278202948955 0.994838629238718
 0.051945571247202164 0.9950249054275889
 0.053334887682021825 0.9951957277267062
 0.05474052241643677 0.9953675567251051
 0.05616257375345658 0.9955507081575042
 0.05760133660211013 0.9957502336489799
 0.059056909265407 0.9959660036244884
 0.06052948834936642 0.9961934086340153
 0.06201927046000761 0.9964231543652629
 0.06352655050635939 0.9966448227972533
 0.06505152509444101 0.99685210056396
 0.06659429252726204 0.997041707940368
 0.06815504941084173 0.9972033790240257
 0.0697340906542089 0.9973173117553407
 0.07133161286338276 0.997364868522849
 0.07294781264438255 0.99733931375301
 0.07458288660322747 0.9972415016687632
 0.07623712964894637 0.9970714004401768
 0.07791064008454886 0.9968303060697906
 0.07960371281906375 0.9965253082731499
 0.08131664276151988 0.9961717202598507
 0.08304952821492688 0.9957905650620272
 0.08480266408831354 0.9954002663462606
 0.08657624698769911 0.9950097760049434
 0.08837057182211241 0.9946258165319128
 0.09018583519757267 0.9942605949202661
 0.09202233202310872 0.9939248655127227
 0.09388016060173016 0.9936193853635485
 0.0957597141454754 0.9933417124883531
 0.09766128756337333 0.993100083517773
 0.09958488085542393 0.9929081030684133
 0.10153128044570407 0.9927694761212184
 0.10350028972819454 0.9926708419613625
 0.10549190870289532 0.9925808036745505
 0.10750712039990255 0.9924602919426403
 0.1095449417891201 0.9922753221033884
 0.11160733893074015 0.9919990156006431
 0.11369332879466666 0.991618874920671
 0.11580389441099569 0.9911433508624342
 0.11793903577972722 0.9905835073664131
 0.12009973593095741 0.9899324175896685
 0.1222850118345901 0.9891732565205409
 0.12449486349062533 0.9883098906397247
 0.1267312569592553 0.9873717473233937
 0.12899419224047998 0.9863879211443434
 0.1312826863042033 0.9853762909601386
 0.13359772218052135 0.9843492653028397
 0.13594028289953022 0.9833239450474938
 0.13830938543113383 0.9823309949524994
 0.14070699583552437 0.9814026891376116
 0.14313213108260572 0.9805623126082794
 0.14558479117237794 0.9798647667648241
 0.14806595913493706 0.9791586337323299
 0.15057661800037922 0.9785721670407993
 0.15311578473860832 0.978034184035471
 0.15568542540981653 0.9775153933496454
 0.1582845569839078 0.9770059540452871
 0.1609131794608821 0.9765250546391885
 0.16357227587083553 0.9761078228815774
 0.16626282924386418 0.975776446393783
 0.16898483957996807 0.975521885571516
 0.1717373238490511 0.9753442244023773
 0.17452323114140159 0.9752727441642541
 0.17733961236673115 0.975303409204967
 0.18019039964542427 0.9753873521567853
 0.18307264388719266 0.9754826259984354
 0.18598929418232457 0.9755713902522208
 0.18893936750072393 0.9756505777428898
 0.19192384687248681 0.9757337822968081
 0.19494273229761322 0.9758354491589182
 0.19799602377610317 0.9759427661655075
 0.20108568736814889 0.9760465668696245
 0.20420975701355812 0.9761531335356436
 0.20737118180261918 0.9762653915205023
 0.21056799567513992 0.97641543822946
 0.21380314772140857 0.9766382851202611
 0.21707467188123297 0.9769441724218902
 0.2203835511847092 0.9773515461308486
 0.2237317516920295 0.9778617320670006
 0.22711829037309772 0.978437042055564
 0.23054316722791388 0.9790343439233998
 0.2340083483166702 0.979603849257578
 0.23751285060927055 0.980086602238844
 0.24105864016590714 0.9804571441633654
 0.2446447339564839 0.9807132031292882
 0.24827211501109686 0.9808558954995696
 0.2519407833297461 0.9809074503103995
 0.2556527049726238 0.980887438738749
 0.2594059138795377 0.980769179502003
 0.2632033591407762 0.9804666592756097
 0.2670450407563392 0.9798806209072366
 0.2709299756961307 0.9790004058846349
 0.2748591469902467 0.9779255899713647
 0.2788345206988795 0.9767588515365451
 0.2828551137919329 0.9755845037722907
 0.2869219092995031 0.9744538565726873
 0.29103490722159003 0.9733452478118435
 0.2951960736183859 0.9722310290137636
 0.2994044254597946 0.9711744776015261
 0.3036609457759123 0.9703193814272878
 0.3079656345667389 0.9698225608995504
 0.3123204578924667 0.9698482790359232
 0.31672541575309565 0.9698745315889488
 0.32117952511852965 0.9702086827277299
 0.32568573507905707 0.9706498300030163
 0.3302430626045817 0.9711464760650763
 0.33485249072519957 0.9717312313826532
 0.3395150024710071 0.9724631764258839
 0.34423059784200394 0.9733626310530064
 0.3489992768381903 0.9743356888867885
 0.35382300551975826 0.9751744731812767
 0.3587027669168041 0.9758447033816783
 0.36363659496913536 0.9764481963755542
 0.36862743876704057 0.9769980173879951
 0.3736752983105196 0.9773980166586588
 0.37878017359957256 0.9775261202536042
 0.3839430476642954 0.9774468419377111
 0.38916490353478433 0.9773781556053278
 0.3944467242411354 0.9773430345499218
 0.39978752675325263 0.9773509674061802
 0.40518927713132813 0.9775530760955755
 0.41065295840545785 0.978021972242741
 0.41617857057564206 0.9788096651908931
 0.4217661136418806 0.979862781277513
 0.4274185366944619 0.9808909607255824
 0.4331338736731935 0.9815773717330725
 0.43891409063826786 0.9818710197516155
 0.4447591875896849 0.9820633883660952
 0.4506711305876368 0.9825121732743889
 0.4566499196321236 0.983355222734286
 0.4626965377532414 0.9843799154353984
 0.46881196798108615 0.9852850182190768
 0.474995227285562 0.9861282271535785
 0.481249264756957 0.9871211033397316
 0.4875730973651753 0.9883303064391527
 0.4939686911704089 0.9898703097882459
 0.5004360461726579 0.9918153875840656
 0.5069761454020185 0.9939695143950065
 0.5135899718885866 0.9960599381127437
 0.5202785086624583 0.9980735260417901
 0.5270417557236338 1.0001952467110886
 0.533881679132305 1.0024564085140755
 0.5407982788884722 1.004883598665944
 0.5477915549921353 1.007385487617593
 0.5548644565335826 1.009722219557447
 0.562016000482718 1.0118370331036726
 0.5692481528997336 1.014014427729792
 0.5765609137846296 1.0163899377014
 0.5839552661675019 1.01914154155837
 0.5914321930784467 1.022216679109076
 0.5989926775475601 1.0252812323281069
 0.6066377026049383 1.0286552313215835
 0.6143682512806772 1.0322017930946226
 0.622185306604873 1.03615387241428
 0.6300888685775257 1.0402491364431161
 0.6380799202287313 1.0448735642293725
 0.6461604276186822 1.0499208419764923
 0.6543313737774744 1.054617917104529
 0.6625917756750118 1.0591345972865793
 0.6709445824015827 1.0637649034181882
 0.6793907769872832 1.068140964882189
 0.6879293764020172 1.07309446896005
 0.6965633297360729 1.0792509063795461
 0.7052926369894505 1.0862231681841472
 0.7141182811922461 1.0940160010447484
 0.7230412453745556 1.102426006891046
 0.7320625125664751 1.1117533002334015
 0.7411840488281972 1.1223050709488762
 0.7504058541597214 1.1340035420975585
 0.7597289115911441 1.1465246141415708
 0.7691551871826573 1.1601556881900288
 0.7786846809342611 1.1752470339308443
 0.7883183758760519 1.191498330233489
 0.7980582380682214 1.208905569073837
 0.8079052505408658 1.2275510167247603
 0.8178594132939854 1.2474593742654618
 0.8279226923877722 1.2683909061377787
 0.8380960708523222 1.2893443911040094
 0.8483805317177318 1.3102383835173006
 0.858778041044193 1.3317463141613624
 0.8692876158016096 1.3542651924569586
 0.87991220508027 1.378444388902933
 0.8906527919102705 1.40420983356878
 0.9015093762916109 1.4327294492547151
 0.9124849073145793 1.4646729310602153
 0.92357840194908 1.4988248846600962
 0.9347928092854012 1.5337663526549647
 0.946129112353639 1.5692743751161415
 0.9575873111537931 1.6035668723962087
 0.969169371746056 1.6390252960294311
 0.9808762771605238 1.6795904056914013
 0.992712942547677 1.7240117794764405
 1.004666588516266 1.772160929350721
 1.0167578586983093 1.8256494197611515
 1.0289769227928458 1.8828179758572128
 1.0413336111008364 1.9401920269546291
 1.0538082630203591 1.9989604018147893
 1.066430369454297 2.0602344837727617
 1.079180269800728 2.126500952868312
 1.0920677943606132 2.201967798154136
 1.1050929431339527 2.283289184544554
 1.118255716120746 2.3496560648290483
 1.1315561133209937 2.4374647947415844
 1.1450039650356565 2.5095885662311206
 1.1585992712647344 2.593757615727666
 1.1723223714063056 2.68457316955795
 1.1862027563632527 2.7787971375877523
 1.200230595834615 2.8765072654714676
 1.2144058898203927 2.9673662201676714
 1.2287188080196245 3.044003450810597
 1.2431988413351933 3.1098819944947644
 1.2578164988642166 3.1599948660962816
 1.2726012715095767 3.157253827308567
 1.2875334986693523 3.0902692093720665
 1.3026230106445038 3.0130354708472478
 1.3178698074350315 2.977874020266706
 1.3332738890409355 2.9918776898735575
 1.3488450857631766 3.0281757893057737
 1.364573567300794 3.064540679846341
 1.3804691639547484 3.117795231586841
 1.39653187572504 3.2120857847220674
 1.412751872310708 3.3725953729636577
 1.4291488143136741 3.6027864187597243
 1.4457030411320162 3.82627904573513
