 0.0014768310398332774 0.4904313730695968
 0.0024749131008657077 0.5666081941016903
 0.003484742541014286 0.620856555249442
 0.0045064306512390614 0.6640584878113598
 0.005540150550811218 0.701131628011084
 0.006586025896353031 0.7340302312748676
 0.007644192710149004 0.7635041724777711
 0.008714799380145867 0.7898767120736162
 0.00979799429429035 0.8133613947985019
 0.010893938206191412 0.834171733284802
 0.012002742406809097 0.8525418673530641
 0.013124542918427913 0.8687161225449858
 0.014259587054292408 0.882932673388274
 0.015407986105362627 0.8954124351168414
 0.01656986372826085 0.9063563838036756
 0.01774534357960935 0.9159491802385397
 0.018934796629274952 0.9243641224180795
 0.020138099220635385 0.9317634831146221
 0.02135549866693519 0.9382940782478584
 0.02258724228141893 0.9440819341461495
 0.023833453720708872 0.9492293537109868
 0.025094380298049567 0.9538169849064265
 0.02637002201344102 0.9579099810442715
 0.027660626180127774 0.9615636659998475
 0.028966440111354384 0.9648272432008053
 0.030287587463743125 0.9677434644083563
 0.03162419189391627 0.970348374821336
 0.03297650071511837 0.972672628610038
 0.034344761240593984 0.9747434469885884
 0.0357289734703431 0.9765856773145726
 0.03712950837423255 0.9782239177564217
 0.03854636595226234 0.9796844574202109
 0.039980040830921555 0.9809946967211239
 0.041430409353587924 0.9821801231278403
 0.04289771883350601 0.9832614207026892
 0.04438234024054263 0.9842544479692893
 0.045884397231320054 0.9851709160968016
 0.047404013462460565 0.9860200282825837
 0.048941559903830985 0.9868086508197498
 0.05049703655543133 0.9875413261853684
 0.052070690730506124 0.9882220145089078
 0.05366289339892221 0.9888579926142204
 0.05527376821730186 0.9894604101152781
 0.05690343884226733 0.9900397326303105
 0.05855227624368548 0.9906002289133619
 0.060220404078178566 0.9911419790128301
 0.061908069658991136 0.991665114044411
 0.06361552029936775 0.9921684208273968
 0.06534300331255295 0.9926343154035654
 0.06709064235516903 0.993103620080695
 0.06885880839708279 0.993538160674513
 0.07064762509491651 0.9939565719017974
 0.07245746341853702 0.994363677128559
 0.0742884470245666 0.9947637827849638
 0.07614082322624982 0.9951571711139118
 0.07801483933683119 0.9955388022681683
 0.07991086632617755 0.9959013521032478
 0.08182915150753346 0.9962386177738106
 0.08376981853752119 0.9965440865780599
 0.08573311472938529 0.9968089129000289
 0.0877194110529926 0.9970267560661938
 0.08972895482158763 0.9972002538787721
 0.09176199334841496 0.9973460583534666
 0.09381877394671916 0.9974916448964843
 0.09589966758636702 0.9976595857423978
 0.09800479792398083 0.9978526064197342
 0.10013453592942742 0.9980607738307329
 0.10228925257257358 0.9982788106218712
 0.10446907151004166 0.9984972241373652
 0.1066743637116984 0.9986906681556418
 0.10890537649078842 0.998833859948288
 0.11116248081717851 0.9989179769366976
 0.11344592400411321 0.9989479444751772
 0.1157560770214594 0.9989340104902171
 0.11809306352583929 0.9988922118251763
 0.12045737814374201 0.9988366423709043
 0.12284939184503438 0.9987714621833723
 0.12526910462971644 0.9987042084078059
 0.12771750575076632 0.998658351518644
 0.13019434789493953 0.9986607806219471
 0.13269963106223603 0.9987253914821548
 0.1352345918188786 0.9988422649642341
 0.13779799359864447 0.9989827945601439
 0.14039230953397916 0.9991248465854897
 0.14301630305865992 0.9992666532177078
 0.14567121073890948 0.99941307820967
 0.14835703257472782 0.9995564727010428
 0.15107500513233776 0.9996849613221779
 0.1538238918455165 0.9997886022895628
 0.15660369271426405 0.9998474198882812
 0.15941688087102593 0.9998452389333597
 0.16226345631580213 0.9997842683518966
 0.1651421824823699 0.9996638281902589
 0.16805429593695198 0.9994739217009649
 0.1710010332457711 0.9992010387631935
 0.17398115784260457 0.998840701554316
 0.17699714285989784 0.9984073893300222
 0.1800477517314282 0.9979256118292411
 0.1831329844571956 0.9974286565822866
 0.18625407760342283 0.9969234598688226
 0.18941226773633266 0.9965005746318659
 0.1926063182897023 0.9961820074798892
 0.19583870239597725 0.9959801302322435
 0.1991081834889348 0.9958729273908133
 0.2024147615685749 0.9958092554201794
 0.20575967320112035 0.9957603755504579
 0.20914415495279384 0.995724069738732
 0.21256820682359545 0.9957021598728909
 0.2160305922473024 0.9956841657371236
 0.2195350209225829 0.9956762629236815
 0.2230777831507687 0.9957171717410876
 0.22666382519675085 0.9958371198879434
 0.2302894373618611 0.9960285500025123
 0.2339583293447677 0.9962592202821606
 0.2376692645792479 0.9964787416447001
 0.2414234796315244 0.9966408793871031
 0.24522097450159722 0.996723030849389
 0.2490617491894664 0.9967090341449191
 0.2529482768275774 0.9965930332808788
 0.2568780842834848 0.9964045677113487
 0.2608548812558567 0.996160726794789
 0.26487619461224776 0.9958755560631501
 0.26894573405132616 0.9956346846151433
 0.2730610264406464 0.9955213444785296
 0.2772233083464312 0.9954966992891506
 0.28143505290112614 0.995456605197232
 0.2856950235385084 0.995352871998829
 0.290003220258578 0.9952070886215407
 0.2943621161937805 0.9950478587758824
 0.29877047477789304 0.9948942823965832
 0.30323076914336117 0.9947749474327814
 0.30774176272396225 0.994711413433852
 0.3123046920859188 0.9947054554543893
 0.31691955722923104 0.9947243814240156
 0.3215888312863444 0.9946832122824516
 0.3263100411248133 0.9945119076150427
 0.33108689644330613 0.9942120920069542
 0.3359193972418228 0.9937798269232789
 0.3408063069541406 0.9932228549277513
 0.3457488621464822 0.9926226434350045
 0.3507495359512932 0.9920660067979763
 0.3558070918023508 0.9916578726891527
 0.3609227662658778 0.9915298478824655
 0.36609655934187413 0.9916765288061749
 0.37133094416278534 0.9919794592711241
 0.37662468416238865 0.9922979977628651
 0.38197901590690686 0.9925570960042883
 0.38739393939634 0.9927601647243384
 0.3928719277631334 0.9929620523436795
 0.3984129810072872 0.9931692885062234
 0.40401586256257865 0.993518556127853
 0.40968428212767605 0.9940823278712918
 0.41541700313635654 0.9949246893907845
 0.4212152621548428 0.9959303633004171
 0.4270802957493578 0.9969155461786865
 0.4330121039199014 0.9978475862070535
 0.4390106866664737 0.9987470946706482
 0.44507851712152 0.9995753823977617
 0.4512168318512633 1.0002878877133061
 0.457423157723258 1.0008974219708489
 0.46370120443617224 1.001562902817738
 0.47005097199000623 1.0024408351436227
 0.4764724603847598 1.0034681927522946
 0.4829669061866557 1.0045430431573343
 0.4895355459619169 1.0056920322129472
 0.4961796162767659 1.0069698769145956
 0.5028978805649801 1.0084092060037744
 0.509692811959005 1.0099866136341578
 0.5165656470250631 1.0117404748346168
 0.5235163857631548 1.0138162370338573
 0.5305450281732799 1.0163026750026747
 0.5376552839541067 1.018991167035222
 0.5448446799731894 1.0217308780070236
 0.552115689362974 1.024676814138043
 0.5594683121234602 1.0278942153948583
 0.5669050213870935 1.0312717507412474
 0.5744258171538742 1.0347527882820269
 0.5820319359900246 1.038280263289196
 0.5897246144617676 1.042032026080689
 0.5975026160028808 1.0462532522045551
 0.6053696503120319 1.0507461758257741
 0.6133244808229986 1.0551622493386126
 0.6213695806682262 1.059468930515659
 0.6295049498477148 1.0640556036928743
 0.637731824927687 1.069283766304337
 0.6460514424743656 1.075127611610536
 0.6544650390539734 1.0813980618348824
 0.6629726146665104 1.0879865693399646
 0.6715766424444221 1.0949278321908587
 0.6802771223877084 1.1023735059027349
 0.6890740544963695 1.1104606691120509
 0.6979711484690736 1.1190197111668803
 0.7069671677395979 1.1280296401574852
 0.7160645854403878 1.1375841325092289
 0.7252634015714434 1.1474151873796323
 0.7345648526989875 1.1575233568008245
 0.7439701753892428 1.168253090744832
 0.753480606208432 1.1798622329194837
 0.7630973817227781 1.19287207232526
 0.7728217384985036 1.207680841723531
 0.7826549131018312 1.224121655316426
 0.7925969055327611 1.2417013845663234
 0.8026489523575158 1.2602479811577953
 0.8128135267085411 1.2801447118325417
 0.8230918651520598 1.3012200308694184
 0.8334827311218488 1.3231447348096737
 0.8439898343165765 1.3456292488934314
 0.8546144113024657 1.3684958975241899
 0.8653552255132937 1.3930584117536893
 0.8762159866477287 1.4199989863775926
 0.8871966947057707 1.4488237364704892
 0.8982985862536423 1.479539838765731
 0.9095228978575666 1.5123573044757557
 0.9208708660837659 1.5467560659949835
 0.9323449640646861 1.5836105917590426
 0.9439451918003271 1.6240345554637363
 0.9556727858569115 1.6672891205057128
 0.967530219366885 1.7126600937836671
 0.9795174923302474 1.7582207108594705
 0.9916358413132217 1.804643708842917
 1.0038877394482533 1.8566268447498886
 1.0162744233015646 1.9160817024078451
 1.0287958928731562 1.9789122018995426
 1.0414546212954734 2.0425529262404774
 1.0542518451347385 2.1096262239511683
 1.0671888009571748 2.1830947311114444
 1.0802679618952278 2.2626129997405062
 1.0934880913826746 2.349127346568745
 1.1068528991181832 2.4516570904510746
 1.1203636216679767 2.577844899976217
 1.1340202590320552 2.7283347521445878
 1.1478265209090863 2.905283469427449
 1.161781170732848 3.1140196178181623
 1.1758879182020083 3.3646283685167053
 1.1901479998827897 3.660098768247442
 1.2045614157751927 3.9905704101258137
 1.219130639011662 4.360620385671045
 1.2338569061584215 4.80589538700879
 1.248746400046584 5.3638845613512
 1.2637830453152539 6.058919239861548
 1.2789928098551093 6.877332508918632
 1.2943633280039226 7.81471962980954
 1.3099069654239213 8.847153964071843
 1.32559899079065 9.838334566245882
 1.3414765010907919 10.772892359184226
