 1.0676235447012705 0.9986309343836642
 1.503241945225316 0.9963642994306081
 1.943975917434591 0.9925187771284569
 2.389900141207711 0.9869321242263099
 2.841067959315118 0.979663521418093
 3.2975380488042942 0.9709018637980601
 3.7593744209997704 0.9609435524150145
 4.226641087226073 0.9501279371596092
 4.699407393084776 0.9388094016359493
 5.177721347069275 0.9272980563710537
 5.661641626227055 0.9157866603978851
 6.151274916098995 0.9044773303308464
 6.646669225178492 0.8935465835295954
 7.147877896235989 0.8830577580758707
 7.6549542720419215 0.8729499384129874
 8.168058380907613 0.8633142888521579
 8.687136880062626 0.8541701647871551
 9.212296455047838 0.8453565235961192
 9.743643791404129 0.8368916701291554
 10.28123223190194 0.8287484041907759
 10.825168462082154 0.8209371959003845
 11.375452481944768 0.8134230132335302
 11.932190977030665 0.8060903072859449
 12.495490632880722 0.7989404779309538
 13.065404792265385 0.7919704270946731
 13.64198679795509 0.7851093695995335
 14.225343335490718 0.7783073363093955
 14.815581090413152 0.771638640639598
 15.412700062722392 0.7650819328987819
 16.016860280729755 0.7586473983651633
 16.628061744435247 0.7522954934649883
 17.246517824920623 0.7460226483678652
 17.872175179415446 0.7398336413006638
 18.505140493460598 0.7335416375639019
 19.145573795367397 0.7271366141730484
 19.793528427906285 0.7206456700961131
 20.449057733847702 0.7139731050616003
 21.11232174150297 0.7071135255414507
 21.783320450872093 0.7000778843314144
 22.46216054749594 0.6927889433072688
 23.14900205968584 0.6852978794425261
 23.843898330212237 0.6776759600283069
 24.54690270184556 0.6698629721708763
 25.258175202897142 0.6618225837173801
 25.977769176137418 0.6535353270470716
 26.705791307107262 0.6449552241117509
 27.442348281347567 0.6360875056838268
 28.187546784399206 0.6269578654172864
 28.941440159032627 0.6175282715860284
 29.70418843355914 0.6077643176699108
 30.475844950749188 0.597621841708042
 31.256569738914102 0.5870562721311606
 32.04641614082431 0.5760611110024335
 32.8454908420207 0.564617020198078
 33.653900528044154 0.5527207182488152
 34.471805227205984 0.5403772669977918
 35.29931162504708 0.5276117117776591
 36.13647306433788 0.5144216629538018
 36.983396230619256 0.5007992312751974
 37.840241152202545 0.48679559003089445
 38.707114514628614 0.4724917702246211
 39.58412300343835 0.45795747616547033
 40.47137330417264 0.44325553025801934
 41.36902544514278 0.4284799599041394
 42.27713276911924 0.4137033748514375
 43.195855304413335 0.39895248863369887
 44.125353079336364 0.3842721078342343
 45.0656794366588 0.3696528315803546
 46.016994404691935 0.35505547207686944
 46.97940466897667 0.3404562268161099
 47.953070257824315 0.32585612326757485
 48.93809785677575 0.3112995207989165
 49.934647494142304 0.29687769817128584
 50.94277251269441 0.2826691356867466
 51.96268628351383 0.2687139913331796
 52.994548834911896 0.2550657807173405
 54.038360166888594 0.24171096015628427
 55.094547021607454 0.22868251936195708
 56.1630027135276 0.21603943392221234
 57.243727242649015 0.20373092654980116
 58.337254036676114 0.19183508225446103
 59.4430496679045 0.18034064818560394
 60.56218099174297 0.16926005507408354
 61.694114580487124 0.15861155589134343
 62.83938386184136 0.14834499122004802
 63.997988835805685 0.13847060822636614
 65.17046293008451 0.1290121307979172
 66.35627271697341 0.11998164367892959
 67.55541819647239 0.11132598552591418
 68.76896622399028 0.1031441671057455
 69.99691679952706 0.09560106091544071
 71.23873649537832 0.0887003062931643
 72.49495873924849 0.0823713102403533
 73.76611695884193 0.07664561594491526
 75.05167772645429 0.07156575480901613
 76.35270789749433 0.06710139656123253
 77.66867404425768 0.06307275054308646
 78.99957616674433 0.05927105474769724
 80.34594769265867 0.05567660544481051
 81.70832204970513 0.052324338121999193
 83.08616581017927 0.049233560664686725
 84.48054582948993 0.04660229389101841
 85.89092867993268 0.044489186493688326
 87.31731436150756 0.04257455245794403
 88.76023630191894 0.04066054477732777
 90.22022792887121 0.03887514269684185
 91.6972892423644 0.03735260149254357
 93.19088681469411 0.036074927915141344
 94.70262092897353 0.03511185379009377
 96.23089130208945 0.034477036126227996
 97.77783164485949 0.03398905565777342
 99.34184167417045 0.03348596087946733
 100.92452167313553 0.03297172634655012
 102.52533821405034 0.03248189363012464
 104.14482472461927 0.031900924028647394
 105.78298120484229 0.031136407762846593
 107.43980765471946 0.030280937757778802
 109.11637092965955 0.02949098079651306
 110.81160417425376 0.028686114802156593
 112.5271076716153 0.027695736301722146
 114.26181456633537 0.026542543663384634
 116.01732514152717 0.02541140603944834
 117.79257254178191 0.024443643102891387
 119.58809019480395 0.02361429926186159
 121.40494495600215 0.02282851949238077
 123.2426033976721 0.021974947734250138
 125.10106551981377 0.020954268195164067
 126.981398177836 0.01978703124326875
 128.88306794403434 0.01862322811487879
 130.80714167381763 0.017571459811044507
 132.75308593948148 0.016564827624358472
 134.72143416873024 0.015494317232023908
 136.712186361564 0.01436609294262027
 138.72640937339148 0.013249819341895014
 140.7630363488039 0.012171953988234542
 142.82366757091447 0.011117323623368786
 144.90830303972322 0.010094093114506656
 147.01640932752574 0.009135945603812009
 149.14851986202638 0.008245600794599668
 151.30570149863397 0.007389670065974331
 153.48742080964414 0.006563982222109634
 155.69421122276128 0.005808105362926604
 157.92607273798538 0.005155178627830348
 160.18407221072525 0.00459453606688222
 162.4676762132765 0.004082365493857103
 164.77741817334348 0.003587736106604196
 167.11329809092626 0.0031167576746558845
 169.47638282143362 0.0027051615297361614
 171.86667236486554 0.0023968500964103054
 174.28363329351762 0.0021985854342529924
 176.72886589050313 0.0020590326791033093
 179.2018367281176 0.0019099203408556775
 181.7030792340654 0.0017235060826227536
 184.23312683605107 0.0015155593555522273
 186.79197953407447 0.00130574136999822
 189.37963732813571 0.0010981033992364766
 191.99716707364348 0.000894197559711059
 194.64510219830228 0.0007083744976584087
 197.32237584670327 0.0005618860933263872
 200.03058830195968 0.00046681294584323207
 202.76973956407147 0.0004183074103843593
 205.53982963303866 0.0003991220499438144
 208.34139193656563 0.00038813677807356746
 211.17495990235685 0.00036756409646862223
 214.04106695811666 0.00032930644130532385
 216.9391796761407 0.0002772032052455821
 219.87036491183775 0.0002225919102138333
 222.83515609291217 0.0001762399443891784
 225.83355321936406 0.00014291174012778568
 228.86555629119334 0.00012147323522573236
 231.9327655915133 0.00010820110915093413
 235.03411426491502 0.0000996781729025514
 238.1706691668074 0.0000938408589054952
 241.3424302971904 0.0000895980648656999
 244.55046451147282 0.00008616698816875069
 247.79477180965472 0.0000828976635804849
 251.07588561944044 0.00007961277718404442
 254.39433936853436 0.00007697759222776701
 257.7495996292322 0.00007589280304442585
 261.143266684647 0.0000762748206848733
 264.5748071070745 0.0000766811021050696
 268.0452877519234 0.00007550002512318861
 271.55470861919383 0.00007199267667803222
 275.1036031365901 0.00006627895839700987
 278.6925047318166 0.00005929424107093975
 282.3219468325778 0.00005212671635621508
 285.9919294388736 0.00004502485771597067
 289.7035194061129 0.00003788048473181626
 293.4567167342957 0.00003120311902077249
 297.25152142342193 0.000025652635092534573
 301.0895337566049 0.000021279754392521827
 304.9702203061401 0.000017954837463819464
 308.8946479274364 0.000015653453723551956
 312.86281662049373 0.000013649516619832925
 316.8752598130166 0.00001100571119172269
 320.93251093270936 0.00000843409130479048
 325.03510340727644 0.000007595211908342652
 329.1835706644222 0.000008518044841265159
 333.37844613185104 0.000009644605059866282
 337.6202632372674 0.000009811346541637493
 341.90902198067124 0.000009034775635404005
 346.24525578976693 0.000008233320508957112
 350.63003151996344 0.000008484984859318264
 355.06388259896505 0.000009861713546715416
 359.54627559906737 0.000011138781700556338
 364.0788108033836 0.000011198094666293308
 368.6620216396182 0.000009907488561145521
 373.2953746800667 0.000007604444740322778
 377.9804702078423 0.000005078677255290411
 382.71730822294506 0.0000032365740362686644
 387.5064221530794 0.0000022634513923587924
 392.3483454259496 0.000001839562948066405
 397.2436114692602 0.0000016806955767580095
 402.19328713842 0.0000016001867700704962
 407.1973724334289 0.0000014829969036617554
 412.2564007819914 0.000001302043640531558
 417.3714390395162 0.000001085937747277859
 422.54248720600333 8.525628961393961E-7
 427.77007870915736 6.006751759532151E-7
 433.05528040438685 3.7232411249470464E-7
 438.39862571939636 2.181072322784247E-7
 443.80011465418585 1.3161790878595575E-7
 449.26081406416415 8.144955149399114E-8
 454.78125737703556 4.921868737002171E-8
 460.3619780205046 2.813934290122384E-8
 466.00404284998007 1.4992836111912095E-8
 471.7069184377575 7.390043383828143E-9
 477.47220506695015 3.3717242279775856E-9
 483.3004361652624 1.4319025158582838E-9
 489.1916117326943 5.684794026595541E-10
 495.14733205235893 2.1105256977529983E-10
 501.167063696552 7.266089011447269E-11
 507.25240694838675 2.2754357352006477E-11
 513.4038952355676 6.3779720540116165E-12
 519.6215285580944 1.5504022026565602E-12
 525.9063737713759 3.6961698047819325E-13
 532.2589643031168 1.1102693011384201E-13
 538.681967291839 3.705618066866721E-14
 545.168448177385 0.
 551.7296089415477 3.715039062687281E-14
 558.3601153072827 0.
 565.0653015516343 0.
 571.8344991205142 0.
 578.6837108450547 0.
 585.6022681711677 0.
 592.5955053758971 0.
 599.6634224592431 0.
 606.8060194212054 0.
 614.0232962617843 0.
 621.3205872580237 0.
 628.6978924099236 0.
 636.144543163396 0.
 643.6765423495729 0.
 651.2885556914104 0.
 658.9805831889083 0.
 666.7472905650228 0.
 674.6046806508857 0.
 682.5367506153653 0.
 690.5595032895934 0.
 698.6622701194821 0.
 706.8503853820752 0.
 715.1238490773729 0.
 723.4826612053753 0.
 731.9321560431262 0.
 740.4669993135816 0.
 749.0925252937856 0.
 757.8087339837382 0.
 766.6102911063955 0.
 775.5078652158453 0.
 784.4907877579996 0.
 793.5750615639906 0.
 802.7446838026862 0.
 812.0156573052183 0.
 821.3773135174991 0.
 830.8349867165725 0.
 840.3940111794826 0.
 850.0437183521414 0.
 859.7947767886366 0.
 869.6471864889687 0.
 879.5956131760934 0.
 889.6507254040987 0.
 899.8018546188965 0.
 910.0596693745752 0.
 920.4188353940905 0.
 930.8793526774424 0.
 941.4518897787191 0.
 952.1257781438325 0.
 962.9063520498264 0.
 973.793611496701 0.
 984.7928907615005 0.
 995.8988555671807 0.
 1007.1168401907855 0.
 1018.4468446323152 0.
 1029.8888688917693 0.
 1041.4429129691484 0.
 1053.1089768644522 0.
 1064.8870605776808 0.
 1076.7878326629223 0.
 1088.8006245660881 0.
 1100.930770564223 0.
 1113.1782706573265 0.
 1125.5431248453988 0.
 1138.0306674054839 0.
 1150.6408983375818 0.
 1163.3684833646485 0.
 1176.218756763728 0.
 1189.1970528118643 0.
 1202.2927029549694 0.
 1215.5217100241753 0.
 1228.8680711883499 0.
 1242.3477892786254 0.
 1255.9501957409138 0.
 1269.6806248522591 0.
 1283.544410889705 0.
 1297.536219576208 0.
 1311.6613851888117 0.
 1325.9145734504723 0.
 1340.3064529152778 0.
 1354.8263550291401 0.
 1369.4849483461471 0.
 1384.2768985892553 0.
 1399.2022057584643 0.
 1414.266204130818 0.
 1429.474227983361 0.
 1444.8156087620046 0.
 1460.295680743793 0.
 1475.9144439287265 0.
 1491.6772325938489 0.
 1507.5840467391602 0.
 1523.6295520876165 0.
 1539.8244171933056 0.
 1556.1579735021396 0.
 1572.640889568207 0.
 1589.2678311144628 0.
 1606.0387981409076 0.
 1622.9644592016298 0.
 1640.0341457425407 0.
 1657.2531920406846 0.
 1674.6215980960612 0.
 1692.139363908671 0.
 1709.811823755558 0.
 1727.6336433596775 0.
 1745.6101569980742 0.
 1763.7413646707482 0.
 1782.0219321006548 0.
 1800.4625278418828 0.
 1819.0578176173874 0.
 1837.8078014271691 0.
 1856.717813548272 0.
 1875.7825197036518 0.
 1895.0019198933087 0.
 1914.3866826713304 0.
 1933.9314737606735 0.
 1953.6309588842935 0.
 1973.4958065962785 0.
 1993.5206826195847 0.
 2013.7055869542116 0.
 2034.0558538772038 0.
 2054.566149111517 0.
 2075.2418069341957 0.
 2096.0774930681946 0.
 2117.083876067603 0.
 2138.250287378333 0.
 2159.587395554471 0.
 2181.089866318975 0.
 2202.7523653947997 0.
 2224.5855613360336 0.
 2246.5894541426765 0.
 2268.7587095376844 0.
 2291.0933275210573 0.
 2313.5986423698396 0.
 2336.2746540840308 0.
 2359.116028386587 0.
 2382.128099554553 0.
 2405.310867587927 0.
 2428.658998209667 0.
 2452.18315997386 0.
 2475.8726843264176 0.
 2499.7382398214286 0.
 2523.7691579048046 0.
 2547.97077285359 0.
 2572.348418944828 0.
 2596.891427624432 0.
 2621.610467446488 0.
 2646.500204133954 0.
 2671.5606376868286 0.
 2696.7917681051126 0.
 2722.1935953888055 0.
 2747.766119537908 0.
 2773.514674829463 0.
 2799.4285927093833 0.
 2825.5185417317566 0.
 2851.7738533424954 0.
 2878.2051960956874 0.
 2904.8019014372435 0.
 2931.5746379212533 0.
 2958.5127369936286 0.
 2985.626867208457 0.
 3012.9063600116497 0.
