 0.2558821659990199 0.
 0.7706547811669504 2.097158065908789
 1.2914839698725455 1.794230318245667
 1.8184432937377204 1.6303544356008508
 2.351590827727145 1.5224531158111494
 2.891016910674749 1.4430552901642075
 3.4367860703190556 1.3812613133354608
 3.9889692871724374 1.331796982513736
 4.547643994521122 1.2915652111578826
 5.112887625651336 1.2584608813899272
 5.6847840666231555 1.2309403747739573
 6.263391392401252 1.2078350213076154
 6.848780583498001 1.1882561462964987
 7.4410806953904425 1.1715265483706248
 8.040349803043249 1.1571256526603775
 8.646652434194943 1.144645491079281
 9.260053116584043 1.1337586472502545
 9.880745433426116 1.124201043044908
 10.508664856982644 1.1157588597493586
 11.143940442730665 1.1082584001469133
 11.786701246147226 1.1015606826221906
 12.437011794970848 1.095555537823346
 13.095001144678577 1.09015177799982
 13.76066929527041 1.085267217979728
 14.434145302223392 1.0808242993520403
 15.115558221014567 1.076749449899628
 15.804972579382454 1.0729820946196498
 16.50245290506558 1.0694824725183245
 17.208128253540988 1.0662265085265445
 17.922127680285715 1.0631960731884786
 18.64445118529977 1.0603629151601357
 19.375292351798713 1.0577014771235174
 20.114651179782545 1.0552042299319089
 20.862785780205357 1.05288672769681
 21.619631625328623 1.050783252951643
 22.38531777062939 1.0489236427072834
 23.160037799323216 1.0473301259037202
 23.94385623914863 1.0460058025807983
 24.736837617844156 1.0449177619821872
 25.539175518625353 1.0439870254490933
 26.35086994149223 1.0431175426753847
 27.17204994192182 1.042261701720356
 28.0029091031297 1.041447008339594
 28.843511952854378 1.0407495150812929
 29.693923018834386 1.040245591680207
 30.554335884285287 1.0399650338155633
 31.424815076945606 1.0398905282196844
 32.30548965229238 1.040005410910611
 33.196488665802654 1.040308069889277
 34.09794117295348 1.040758536253751
 35.009911701483375 1.0412427857557884
 35.9325938346079 1.0416131903681374
 36.86605210006558 1.0417499449708822
 37.81048008107199 1.0415884493155645
 38.765942305365634 1.0411115426721458
 39.73256782842357 1.040369653584513
 40.71048570572284 1.0394888097849633
 41.699889520479 1.0385955678795382
 42.700908328169106 1.0377313564559423
 43.71360665653167 1.0368513619070483
 44.73811356104374 1.035916123304304
 45.77462262492088 1.0349425503757335
 46.82326290364014 1.0339579767404445
 47.88416345267856 1.032947311503545
 48.95745332751318 1.031891125307946
 50.04332611135957 1.030808423849657
 51.14184633195625 1.0297307443947816
 52.2532075725188 1.0286179001968663
 53.37760341626275 1.0273648962873836
 54.51509839092666 1.0259154377353696
 55.665886079726064 1.0243404383339076
 56.83009553813803 1.022754128623052
 58.007920349378125 1.021110662286391
 59.19948956892337 1.0192958967500783
 60.404996779989354 1.0173846388538492
 61.62450651031458 1.0156087585043334
 62.85827687085314 1.0140423815369939
 64.10650144482061 1.012508415040108
 65.36918023221698 1.0108666095684995
 66.64682945495043 1.0091812448974773
 67.93932005754392 1.0076845804344565
 69.24665203999744 1.006679115312979
 70.56947067969622 1.0063594424463451
 71.90713069925503 1.0067313880954982
 73.26092265344431 1.0076725394800337
 74.63020126487886 1.0088265904742275
 76.01561181094387 1.009576993476689
 77.41715429163935 1.0095509834748657
 78.83547398435053 1.0089220940011059
 80.26992561169217 1.0079928426975613
 81.72050917366428 1.0067468311045806
 83.18851522503732 1.0050924264670167
 84.67394376581126 1.003261090387855
 86.1761495186009 1.0015914819020577
 87.69577776079146 1.0001131266431487
 89.23347376976812 0.9984767443372295
 90.7885922681457 0.996205076313444
 92.36242381069464 0.9931268585987795
 93.95432312002971 0.9894895785441756
 95.56429019615089 0.9856869707524893
 97.19297031644344 0.9822873229669199
 98.84100875829256 0.9793008945675608
 100.507760244313 0.9767631157000777
 102.19451532927525 0.9747303115963661
 103.90062873579406 0.9730935293312896
 105.62610046386945 0.9714152779913502
 107.37157579088661 0.9690870962699281
 109.13769999423077 0.9657792817547507
 110.92447307390195 0.9617080379949389
 112.73124975251493 0.9571670063951162
 114.55996586222534 0.9524316117149091
 116.40868557087751 0.9482737751848035
 118.27998998801236 0.9454968729749406
 120.17194328147423 0.9439952727247306
 122.08648128341875 0.9430473924811666
 124.02295871646072 0.9420574426360977
 125.98202085798535 0.9407348756998852
 127.96366770799263 0.9391702427011484
 129.9678992664826 0.9376361901510466
 131.99600608822564 0.9361271933928612
 134.04669761845133 0.9343313080589805
 136.12190968931537 0.9316779781361066
 138.2203517460473 0.9276682865284281
 140.34395962080274 0.9228188831990107
 142.49144275881127 0.9184175753890033
 144.66344643745816 0.9152398332715357
 146.86126121151378 0.9132300892256454
 149.08424180359293 0.9118405436676721
 151.33238821369562 0.9104682551024178
 153.60699099659232 0.9086366434397188
 155.90740487489776 0.9058268602269814
 158.23492040338238 0.9021011599007276
 160.588892304661 0.8986801887175837
 162.96996585611876 0.8966995167792057
 165.37814105775576 0.895944380466575
 167.8147084643424 0.8953996014358908
 170.2783775211082 0.8943801258170453
 172.77108406020886 0.893147365553952
 175.2928280816444 0.8925638720548275
 177.84296430802956 0.8927282296527386
 180.42213801674956 0.8925798394932624
 183.03163976257486 0.8914767631242385
 185.6708242681202 0.8901919482559366
 188.34033681077088 0.8900968038687884
 191.04017739052682 0.891973012928758
 193.77163656215848 0.8952331934956581
 196.53406904828066 0.8977825616820744
 199.32812012627855 0.8977589217126474
 202.15378979615218 0.8955291489074397
 205.01236861267196 0.8923918403818375
 207.90385657583792 0.8891005599445437
 210.82760840826484 0.8851693930079618
 213.78555994210836 0.8812461354767747
 216.77706589998326 0.8777340439237734
 219.80277155927473 0.8741132905347857
 222.86332219736806 0.8696935241302846
 225.9587178142632 0.8643827560811393
 229.08895840996016 0.8588033354188482
 232.25533453922935 0.8536851392377461
 235.45849147945606 0.8496796456728078
 238.69713867586978 0.8483161214998879
 241.97321196062623 0.8508456255896458
 245.28671133372535 0.8560743446674955
 248.63763679516717 0.8608869875028509
 252.0266336223369 0.8629106604213391
 255.4543470926198 0.8629485957183964
 258.921422483401 0.8638406559227213
 262.4272145172954 0.8665455089217546
 265.97301374907335 0.8693273394766238
 269.55946545612005 0.8696307963169091
 273.18656963843557 0.8669806578495639
 276.8543262960199 0.8643389096100751
 280.5646712610287 0.8642479820618936
 284.3163139786914 0.8657300641466112
 288.1105450037786 0.8660447213588025
 291.9473643362903 0.8634482666947798
 295.8280625309969 0.8576894747657539
 299.75263958789833 0.8498329382693098
 303.7217407843799 0.843119807967449
 307.7360113978267 0.8402533787815216
 311.79480615085373 0.8399593295742165
 315.9000608756164 0.8392266513228771
 320.0511302947297 0.8361048622502814
 324.249304962964 0.8307116279580213
 328.4945848803192 0.8253148137151735
 332.7876153241807 0.8222563658746526
 337.12904157193356 0.8228125055110519
 341.51950890096305 0.8268131059563872
 345.9590173112692 0.8326371402112153
 350.4488573576224 0.8380264538167004
 354.9890290400227 0.8412091885982861
 359.57953235847003 0.8424426157143894
 364.2223031451202 0.8421352404984116
 368.9166961225878 0.8395496966889994
 373.6640018456433 0.8353673264816116
 378.4642203142868 0.8315188856150909
 383.3179968059035 0.8288432254539354
 388.22597659787857 0.8276883562870957
 393.18880496759726 0.8260958199650015
 398.2071271924448 0.8214383174838122
 403.2815885498063 0.8163774345295841
 408.4128343170671 0.8134911762088312
 413.6008644942272 0.811857310374683
 418.8463243586717 0.8112008066453337
 424.1505044651712 0.8140571047467782
 429.51405009111085 0.8191200819621026
 434.9363159591054 0.8212837869075386
 440.4192379013105 0.8192792035578147
 445.96346119511145 0.8134240516645049
 451.56834056312294 0.803499291922904
 457.23581183750065 0.7939941459919739
 462.9658750182446 0.7894122835636268
 468.75917538274007 0.7890787202612867
 474.61635820837216 0.7895132968561225
 480.5380687725261 0.7884416679884519
 486.5255976299725 0.7873583310510824
 492.5789447807111 0.7865989394918115
 498.6987555021273 0.7835986219637752
 504.8863203489915 0.7778266250776413
 511.1416393213036 0.7724849377005869
 517.465357696449 0.7684845410236242
 523.858766029198 0.7650016787330323
 530.3225095969359 0.7627272339784443
 536.8565883996627 0.7611994916142893
 543.4622929921487 0.7595427371734533
 550.1402686517791 0.7567733694660879
 556.8911606559394 0.7527341773474546
 563.7162595594 0.7502742578343584
 570.6149200847755 0.7511358450906499
 577.5890780642214 0.7547985569452245
 584.6393787751233 0.7593421108262699
 591.765822217481 0.7601254137248276
 598.9703442234502 0.7570251070777964
 606.2522995156456 0.7548134968868635
 613.613623926223 0.7557660777371955
 621.0549627325676 0.7591801662262152
 628.5763159346792 0.7633724194743999
 636.1789740873285 0.7634736586801819
 643.8635824679005 0.7596422345087401
 651.6333674633215 0.7566642539749032
 659.4799404675834 0.7536979337753384
 667.4168523057762 0.7499214439162858
 675.4376502040473 0.7496295426936597
 683.548786936249 0.7535736763698092
 691.7373569546771 0.7562651785816851
 700.022718580888 0.7564588779951608
 708.3919662671773 0.7542637024063318
 716.8515527873972 0.7487571655433443
 725.4014781415478 0.7437644818381465
 734.0417423296291 0.7483864228391389
 742.7723453516411 0.7483580187850875
 751.5997399814358 0.7502114169709874
 760.5239262190134 0.7465124863643458
 769.5319985166694 0.7417111600262938
 778.6433151959606 0.7359282307090985
 787.8514234830344 0.732181705495917
 797.1563233778912 0.7358303965990901
 806.5515621066787 0.7454315547600738
 816.0564979909533 0.7623260123158447
 825.6517727091586 0.8001792176097756
 835.356744582851 0.8731863542960766
 845.1585080643264 0.9726599362681996
 855.0635159274366 1.0745444533999498
 865.0717681721819 1.186708794604421
 875.1832647985625 1.3590762926672881
 885.4044585804301 1.666705707579072
 895.7288967439326 2.2661641115044557
 906.1630320629225 3.822930787527264
 916.7068645373996 18.251001963446996
 1040.077447817404 0.
 1051.9957211223975 0.
 1064.0301443567303 0.
 1076.1936230681067 0.
 1088.4732517088228 0.
 1100.8819358265825 0.
 1113.4132226475338 0.
 1126.0671121716766 0.
 1138.8565099467157 0.
 1151.768510424946 0.
 1164.8095663802203 0.
 1177.9796778125383 0.
 1191.2852974957525 0.
 1204.7199726560102 0.
 1218.290156067164 0.
 1231.995847729214 0.
 1245.8370476421594 0.
 1259.8137558060012 0.
 1273.925972220739 0.
 1288.1736968863727 0.
 1302.5698353506066 0.
 1317.1014820657365 0.
 1331.7750898056145 0.
 1346.590658570241 0.
 1361.5481883596153 0.
 1376.6541319475903 0.
 1391.9084893341653 0.
 1407.3048077454887 0.
 1422.8495399554124 0.
 1438.5491387377886 0.
 1454.390698544913 0.
 1470.393577698342 0.
 1486.5384178765191 0.
 1502.8445774010013 0.
 1519.2991507240836 0.
 1535.9085906196185 0.
 1552.6793498614581 0.
 1569.6049756757502 0.
 1586.691920836347 0.
 1603.9337325693966 0.
 1621.343316422603 0.
 1638.9077668482619 0.
 1656.6399893940775 0.
 1674.533531286198 0.
 1692.588392524623 0.
 1710.8110258832053 0.
 1729.2078841357968 0.
 1747.7660617346928 0.
 1766.4920114537454 0.
 1785.3857332929556 0.
 1804.4536800261744 0.
 1823.6958516534023 0.
 1843.1057954007874 0.
 1862.6964168160334 0.
 1882.454810351437 0.
 1902.3938815547015 0.
 1922.5071776519749 0.
 1942.7946986432576 0.
 1963.2693500762539 0.
 1983.918226403259 0.
 2004.7477803981258 0.
 2025.7580120608534 0.
 2046.9489213914428 0.
 2068.3269611637456 0.
 2089.885678603909 0.
 2111.6315264857867 0.
 2133.564504809378 0.
 2155.6781608008296 0.
 2177.985400007848 0.
 2200.4797696565793 0.
 2223.161269747024 0.
 2246.036353053035 0.
 2269.0985668007584 0.
 2292.3479109901964 0.
 2315.7972911690513 0.
 2339.4402545634725 0.
 2363.270348399607 0.
 2387.3004782251596 0.
 2411.5241912662777 0.
 2435.9414875229613 0.
 2460.558819769063 0.
 2485.36973523073 0.
 2510.3806866818154 0.
 2535.5852213484663 0.
 2560.996244778387 0.
 2586.600851423874 0.
 2612.4119468326303 0.
 2638.423078230805 0.
 2664.6277928445447 0.
 2691.0389962215554 0.
 2717.656688361835 0.
 2744.4744164915332 0.
 2771.4921806106495 0.
 2798.7164334930358 0.
 2826.147175138691 0.
 2853.7779527737653 0.
 2881.61521917211 0.
 2909.6589743337236 0.
 2937.9027654847555 0.
 2966.3594981729093 0.
 2995.0162668504818 0.
 3023.8859770651757 0.
 3052.9557232692882 0.
 3082.23195823667 0.
 3111.7211347411744 0.
 3141.410347235097 0.
 3171.312501266141 0.
 3201.421144060456 0.
 3231.7362756180405 0.
 3262.257895938895 0.
 3292.9860050230204 0.
 3323.9206028704148 0.
 3355.068142254932 0.
 3386.4157176288672 0.
 3417.976234539924 0.
 3449.736787440399 0.
 3481.7102818779967 0.
 3513.8838123050114 0.
 3546.2702842691488 0.
 3578.856792222704 0.
 3611.6562417133814 0.
 3677.861701436842 0.
 3711.267711669625 0.
 3744.886663439531 0.
 3778.699198425002 0.
 3812.7246749475953 0.
 3846.943734685754 0.
 3881.3692831871836 0.
 3916.001320451883 0.
 3950.826940932148 0.
 3985.8525974018303 0.
 4021.078289860931 0.
 4056.5040183094493 0.
 4092.1297827473854 0.
 4127.949130400887 0.
 4163.968514043807 0.
 4200.17502812844 0.
 4236.581578202492 0.
 4273.181711492109 0.
 4309.975427997291 0.
 4346.9562749441875 0.
 4384.130705106649 0.
 4421.4922657108245 0.
 4459.040956756713 0.
 4496.776778244315 0.
 4534.699730173631 0.
 4572.80981254466 0.
 4611.10057258355 0.
 4649.56555751645 0.
 4688.217672891064 0.
 4727.050465933537 0.
 4766.05748387002 0.
 4805.238726700512 0.
 4844.594194425015 0.
 4884.130339817378 0.
 4923.8278045560455 0.
 4963.699494188722 0.
 5003.738955941556 0.
 5043.939737040694 0.
 5084.30829025999 0.
 5124.838162825589 0.
 5165.535807511346 0.
 5206.381865995704 0.
 5247.389243826366 0.
 5288.551488229481 0.
 5329.868599205048 0.
 5371.334123979215 0.
 5412.948062551984 0.
 5454.710414923351 0.
 5496.614728319468 0.
 5538.661002740332 0.
 5580.849238185945 0.
 5623.179434656306 0.
 5665.63868660371 0.
 5708.239899575863 0.
 5750.963715251208 0.
 5793.823039177448 0.
 5836.804965806879 0.
 5879.909495139503 0.
 5923.136627175319 0.
 5966.479909140473 0.
 6009.945793808819 0.
 6053.521375632653 0.
 6097.213107385825 0.
 6141.008083520633 0.
 6184.912756810928 0.
 6228.920674482858 0.
 6273.0253837625705 0.
 6317.233337423918 0.
 6361.531629919197 0.
 6405.926714022258 0.
 6450.41213695925 0.
 6494.974993182469 0.
 6539.628188239618 0.
 6584.345911035288 0.
 6629.192689308003 0.
 6674.103995319239 0.
 6719.015301330476 0.
 6764.055662818757 0.
 6809.160552045558 0.
 6854.329969010882 0.
 6899.563913714728 0.
 6944.797858418574 0.
 6990.1608585994645 0.
 7035.523858780353 0.
 7081.015914438287 0.
 7126.4434423576995 0.
 7172.000025754154 0.
 7217.55660915061 0.
 7263.177720285588 0.
 7308.798831420565 0.
 7354.419942555542 0.
 7400.105581429042 0.
 7445.855748041062 0.
 7491.605914653083 0.
 7537.291553526582 0.
 7583.1062478771255 0.
 7628.856414489147 0.
