 1.173068356907347 0.9977684288832755
 1.6517110056926296 0.9939813264043904
 2.135974470261919 0.9874538521740363
 2.6259408063200893 0.9778472468479091
 3.1216686250849115 0.9652247015067777
 3.6232223988959293 0.9499436738367675
 4.130672461214466 0.932571553721141
 4.644089145501844 0.9137547235463047
 5.1635486463411615 0.8941427829099937
 5.689103713828411 0.8743025343158617
 6.220818820303137 0.8546362883223281
 6.758811188200878 0.8354988306219113
 7.303133567617624 0.8171657404853678
 7.853844569771145 0.7997610569002387
 8.411002805879209 0.7832597714596568
 8.974784109595122 0.7677495451217692
 9.545129869701116 0.753232052380442
 10.122157308632726 0.7395375960552331
 10.705983648825493 0.7266537045020972
 11.296667501497181 0.7145347240358937
 11.89432608908333 0.7031840106060658
 12.49895941158394 0.6925846617781495
 13.110684691434546 0.682663485660179
 13.729619151070686 0.6734401499671988
 14.35582140171013 0.6649057047304683
 14.989350054570647 0.6569585913092716
 15.630322332087774 0.6494776569822052
 16.278855456697045 0.6424267140806188
 16.93494942839846 0.6356938359457253
 17.59878008084533 0.6292181054659112
 18.27034741403765 0.6229376434610465
 18.949885872846497 0.616864486117861
 19.6373368460541 0.6110500748700333
 20.332817556096 0.6053877985336428
 21.0365038366255 0.599884568495996
 21.748454298860366 0.5945356741067749
 22.468727554018372 0.5892124025884995
 23.19749943575282 0.5838620988090557
 23.934769944063717 0.5784580653247418
 24.680656301386588 0.5729188055228756
 25.435334341374748 0.5672820859947892
 26.198862675245962 0.5616144163418627
 26.971299914217994 0.5558934143602813
 27.752821891944162 0.5501320735352245
 28.543487219642227 0.5443520529363444
 29.343413119747723 0.5385207272071387
 30.152716814696188 0.5326181229489112
 30.97151552692317 0.5266297169421583
 31.799867867646427 0.5204867180187743
 32.63794967051927 0.5141356990732027
 33.48581954675946 0.5075271724804963
 34.3436533300203 0.5006198622696569
 35.211509631519576 0.49342022518868234
 36.08950567369282 0.4859475551388717
 36.97775867897556 0.47824584708118295
 37.8764444810211 0.4703455518179451
 38.78568030226499 0.4622657087272916
 39.70552475392499 0.4539944216118949
 40.63609505843664 0.4455163141049742
 41.57756704945324 0.4368501636408096
 42.53005794941034 0.4280221908870164
 43.49368498074346 0.4190626941208638
 44.46856536588815 0.41001384899225274
 45.45487493849772 0.4009517383042004
 46.45267230978992 0.3919404034116483
 47.46213331341807 0.3829977992029409
 48.48343378303547 0.3741457102158846
 49.516632329859895 0.36535433799629885
 50.56190478754464 0.3565538097531622
 51.61936837852526 0.34763970853769965
 52.689198936455035 0.3385017757081668
 53.77151368376952 0.3291359332592896
 54.86648845412203 0.3196761704787262
 55.974181858730304 0.31023189975295495
 57.09482834246543 0.3008155530438037
 58.22860373898073 0.29145433586158476
 59.37550804827618 0.2821351896154007
 60.53601016009395 0.2729088242808082
 61.70999285199849 0.26383291238520035
 62.89745612398979 0.25481945399699524
 64.09898608824557 0.24589345898041487
 65.3139966325881 0.236869011982015
 66.54365998137278 0.22761926554635312
 67.78739002242193 0.2181983900146595
 69.04577286791321 0.2086634330158788
 70.31880851784663 0.1991863861720372
 71.60708308439989 0.1899861605331029
 72.9100104553953 0.18118477258051616
 74.22759063083284 0.17264897614179042
 75.56099583506789 0.16441389303171014
 76.91022606810046 0.1567010827236169
 78.27469521775286 0.1495578176409682
 79.6549893962028 0.14289941855670946
 81.0516947156279 0.13670745305960202
 82.46422506385053 0.13090103235006448
 83.89375266522605 0.1254392031320756
 85.33969140757678 0.12028356009269893
 86.8020412909027 0.11535143017966813
 88.2813884273815 0.11071594028417923
 89.77831892919089 0.10644505330843852
 91.29224668415316 0.10237538744645426
 92.82434391662366 0.09839208314170551
 94.37402451442478 0.09451960815345357
 95.94128847755644 0.09070935528345637
 97.52672191819637 0.08693572128569858
 99.13091094852223 0.08327255065015149
 100.75385556853405 0.07987162895841025
 102.39496966605412 0.0767327274134239
 104.05601157761551 0.07369620829666829
 105.73522296668514 0.07060574111939834
 107.43494828197379 0.06768836872463763
 109.15342918694837 0.06523312159742253
 110.89242401814197 0.06323392938461965
 112.65134666337688 0.06164757848639043
 114.4307832348308 0.06035298155331376
 116.2307337325037 0.05910541539630984
 118.0511981563956 0.05776098265739043
 119.89334873086189 0.056501301027413284
 121.75601323154716 0.05535821042572143
 123.6409499949845 0.05413975517691108
 125.54698679681853 0.05277410453611815
 127.47588197358229 0.05132468654059209
 129.42646330092043 0.04985293027934729
 131.39931689101064 0.04837267221500286
 133.39561496820826 0.04690179506482149
 135.41477142033565 0.04545061991338508
 137.45678624739276 0.04411894554216223
 139.522831673735 0.04301480171803496
 141.61232158718465 0.042063999130397454
 143.72642821209712 0.04113001550452363
 145.8645654362947 0.04008976005374178
 148.02731937195506 0.03885529855317232
 150.21469001907826 0.037487610196288476
 152.42784960201962 0.036097360970117086
 154.66562589642376 0.03468709618185158
 156.92977723882376 0.03327632679513925
 159.22030362921964 0.031955949466665114
 161.5366189554337 0.030717381089525802
 163.8793093296436 0.029410192669540872
 166.24954697620473 0.02792326851266041
 168.6467457829394 0.0264031053448539
 171.0714918620253 0.025018129728653516
 173.52378521346245 0.0236184456898498
 176.00479806160618 0.02203109734027644
 178.51394429427884 0.020369856833646706
 181.05181002365808 0.018842627266312407
 183.61839524974394 0.017582862719417773
 186.21487219689178 0.016640307485460366
 188.84124086510155 0.015946415470332605
 191.49691514219563 0.015355597637342972
 194.1836533647071 0.014768435913790233
 196.9008694204582 0.014117461375549638
 199.6491494216266 0.01335235261913418
 202.4290794803901 0.01250214404942408
 205.24065959674857 0.01163085879334441
 208.08388977070211 0.010759139227662232
 210.95994222660602 0.009882341279293796
 213.86940307663804 0.009003471334087732
 216.81110009644277 0.00812964240578596
 219.78679162255327 0.007300585881931329
 222.79647765496955 0.006556594625986507
 225.8401581936916 0.005862741576807555
 228.91841935089707 0.005154953854165172
 232.03184723876373 0.004448634880687358
 235.1810279694692 0.0038439546934689785
 238.36537543083585 0.003398064942597786
 241.58606184721899 0.003039310333636025
 244.84367333079632 0.0026654810202770642
 248.13820988156786 0.002272022577191058
 251.4696714995336 0.0019203255223241458
 254.83981652122662 0.001637271636570136
 258.2474727222915 0.0013915293269098294
 261.69381232708366 0.0011475216581489861
 265.1788353356031 0.0009124558435320259
 268.7037139722051 0.0007199637466461428
 272.2684482368898 0.0005862380734570745
 275.87362424183476 0.0004975472587463504
 279.5198280992177 0.000429128258934017
 283.20647369686105 0.00036404787799651896
 286.93531937129774 0.0002998001650069762
 290.70577901035006 0.00024290802316597834
 294.5190248383735 0.00019931640709887786
 298.37505685536803 0.00016903007103423088
 302.2744611735112 0.00014691282704079101
 306.2178239049809 0.00012707396688679514
 310.20573116195465 0.00010684774063263254
 314.23818294443254 0.00008780561682996921
 318.3163514767699 0.00007405619813324737
 322.44023675896676 0.00006952227444968221
 326.60983879102315 0.00007475983839541042
 330.82691590947206 0.00008463628278093197
 335.0908820021358 0.00009085572831306307
 339.4029092933698 0.00008930868783271829
 343.762997783174 0.00008317837422288533
 348.17173358372617 0.00007723007263625193
 352.6297028072039 0.00007222761358219482
 357.1374915657849 0.00006615579105576853
 361.6956859716469 0.00005818293829976501
 366.30487213696756 0.00005032650196297164
 370.96563617392457 0.0000450985252878514
 375.67797808251794 0.0000418869339686968
 380.44248397492527 0.0000384163322721801
 385.26032607550206 0.00003461252421211769
 390.132090496426 0.000032072470761235136
 395.05719112551924 0.00003171306411795193
 400.03738629931496 0.00003308846405652564
 405.07326212999084 0.00003476526103942587
 410.16423250536917 0.000035484976985957224
 415.312055761983 0.00003490450371625807
 420.5167318998324 0.00003299828869181012
 425.778847031095 0.000029838448238371877
 431.0989872679484 0.000026023252993055634
 436.4777387225704 0.000022808896598077018
 441.9162736193164 0.00002081607530275472
 447.41459195818635 0.000018154357843898372
 452.9732798513579 0.00001348168879030208
 458.59350952318647 0.000009028451565357842
 464.275280973672 0.000006984186025379603
 470.0191803149923 0.000006990335567650095
 475.8263797715026 0.0000075210441838406585
 481.69746545538067 0.00000742348357602914
 487.63243736662645 0.0000066590364170467185
 493.6324677295954 0.000005724789583265596
 499.69814265646505 0.000004821804538184899
 505.8300482594133 0.000003958000610153553
 512.0293567627954 0.0000030843846547992667
 518.2954820544336 0.000002154796054647511
 524.6301824708611 0.0000013501908975029223
 531.0340441242555 8.589650353042061E-7
 537.5070670146168 6.266590884473971E-7
 544.051009478478 5.120802617012734E-7
 550.6652854036616 4.324942755439118E-7
 557.3516531267005 3.5231179007363913E-7
 564.1106987597725 2.73069887274378E-7
 570.9424223028775 2.093026362134185E-7
 577.8479959803709 1.608684353752221E-7
 584.8280059044304 1.2179772662213924E-7
 591.8853826359444 9.127118873977333E-8
 599.012506716603 6.895822041094662E-8
 606.2216865021376 5.203406307488874E-8
 613.5070608707713 3.859391200312674E-8
 620.8744909442811 2.7940845646863976E-8
 628.3122544791131 1.941422802304382E-8
 635.837934840598 1.2635284537897361E-8
 643.4398097851821 7.550100684761922E-9
 651.1237404346421 4.038415958766189E-9
 658.8897267889781 1.8704884485967983E-9
 666.7377688481902 7.32348530996396E-10
 674.6678666122783 2.4080123210936545E-10
 682.6858812030191 6.684926737469284E-11
 690.791812620413 1.600804825424663E-11
 698.9739386209059 3.3941553019026037E-12
 707.2498425698285 6.04155202420611E-13
 715.613663345404 1.5122637106053002E-13
 724.0654009476324 0.
 732.5991942547369 0.
 741.2326266320478 0.
 749.9481147142347 0.
 758.7632418666282 3.804172030414652E-14
 767.6662858456747 0.
 776.6631077731506 0.
 785.7537076490564 0.
 794.9380854733921 0.
 804.2221023679342 0.
 813.599897210906 0.
 823.0773311240845 0.
 832.6544041074694 0.
 842.3252550392842 0.
 852.1016061630824 0.
 861.9717352353101 0.
 871.9532256212983 0.
 882.0284939557162 0.
 892.2151236038943 0.
 902.5013923222791 0.
 912.8931612326472 0.
 923.3962914567757 0.
 933.9990607511107 0.
 944.713191359206 0.
 955.5386832810617 0.
 966.4696753949007 0.
 977.5178899442769 0.
 988.6716046856365 0.
 999.9425418625333 0.
 1011.3248403531904 0.
 1022.8185001576077 0.
 1034.435243519339 0.
 1046.1633481948309 0.
 1058.0086753058595 0.
 1069.9712248524254 0.
 1082.0568579563055 0.
 1094.2597134957225 0.
 1106.5856525924537 0.
 1119.0346752464989 0.
 1131.6067814578578 0.
 1144.301971226531 0.
 1157.120244552518 0.
 1170.0616014358193 0.
 1183.137764119988 0.
 1196.337010361471 0.
 1209.6652012820446 0.
 1223.1223368817093 0.
 1236.7084171604647 0.
 1250.4293032400878 0.
 1264.284995120579 0.
 1278.2696316801605 0.
 1292.38907404061 0.
 1306.649183323704 0.
 1321.038237285889 0.
 1335.5738192924953 0.
 1350.2383459781925 0.
 1365.0494007083112 0.
 1379.9952612392974 0.
 1395.0817886929285 0.
 1410.314844190981 0.
 1425.6885666116777 0.
 1441.2088170767963 0.
 1456.8697344645593 0.
 1472.6830410185205 0.
 1488.6370144951263 0.
 1504.7433771379303 0.
 1520.996267825156 0.
 1537.395686556803 0.
 1553.9474944546482 0.
 1570.6575526404688 0.
 1587.5141388707107 0.
 1604.5231142671505 0.
 1621.6844788297892 0.
 1639.0040936804028 0.
 1656.4819588189914 0.
 1674.1122131237787 0.
 1691.9065788383175 0.
 1709.853333719055 0.
 1727.9642000095446 0.
 1746.233316588009 0.
 1764.6606834544484 0.
 1783.2580228524173 0.
 1802.0136125383608 0.
 1820.9333136340565 0.
 1840.0171261395042 0.
 1859.2650500547038 0.
 1878.6829465014325 0.
 1898.264954357913 0.
 1918.0169347459223 0.
 1937.938887665461 0.
 1958.0249519947508 0.
 1978.2868499773472 0.
 1998.718720491472 0.
 2019.3205635371257 0.
 2040.0982402360853 0.
 2061.0458894665735 0.
 2082.163511228591 0.
 2103.4628277656902 0.
 2124.937977956096 0.
 2146.5831006780304 0.
 2168.409918175047 0.
 2190.41256932537 0.
 2212.591054128998 0.
 2234.9512337077094 0.
 2257.487246939726 0.
 2280.2049549468256 0.
 2303.09849660723 0.
 2326.1795941644946 0.
 2349.4365253750652 0.
 2372.8810124824945 0.
 2396.507194365007 0.
 2420.3092099008245 0.
 2444.298781333502 0.
 2468.475908663039 0.
 2492.834730767658 0.
 2517.37524764736 0.
 2542.1033204239216 0.
 2567.018949097342 0.
 2592.1162725458453 0.
 2617.4011518912084 0.
 2642.8735871334306 0.
 2668.5277171507355 0.
 2694.3752641866763 0.
 2720.4045059977 0.
 2746.62716482736 0.
 2773.031518432103 0.
 2799.6234279337045 0.
 2826.408754453943 0.
 2853.375775749264 0.
 2880.536214063221 0.
 2907.884208274038 0.
 2935.4197583817136 0.
 2963.142864386249 0.
 2991.0535262876447 0.
 3019.151744085899 0.
 3047.4433789027894 0.
 3075.916708494763 0.
 3104.583455105372 0.
 3133.4318964910644 0.
 3162.473754895393 0.
 3191.6973080748035 0.
 3221.1142782728507 0.
 3250.7129432459806 0.
 3280.5050252377473 0.
 3310.4788020045958 0.
