 0. 0.
 0.2799301413455864 0.11997852546429774
 0.8430814276503454 0.36136941782106435
 1.412858488283101 0.6048744868077077
 1.9893417982356907 0.8485365631361719
 2.5725948903964087 1.0893572311743778
 3.1627165937025983 1.3236924680120836
 3.7597775002523646 1.5477801731685557
 4.363855261353621 1.7582381234250615
 4.975034587524091 1.952409069989764
 5.5934001892815 2.128518026596698
 6.219043836353381 2.285671580503665
 6.852029061628029 2.4237547624617406
 7.492433516413357 2.543278255886171
 8.140398384905572 2.645214008619319
 8.795987199992966 2.7308394295999037
 9.459270553773646 2.801603056682549
 10.13031903834571 2.85901621826148
 10.809344430003474 2.90457407483254
 11.496276136648833 2.939701220832408
 12.191255342477993 2.965717897962691
 12.89442323168716 2.9838229617703447
 13.60585039637444 2.995087166421036
 14.325678020736039 3.0004568173523434
 15.053906104771958 3.000762588954898
 15.7906758326784 2.9967331913847657
 16.536128388651576 2.989008366561434
 17.29033436478959 2.9781501973703737
 18.053364353190542 2.9646510083945143
 18.825359538050645 2.948938724315132
 19.606461103566097 2.931382295342964
 20.396669049736907 2.9122994712927324
 21.196195152857378 2.8919625244103
 22.005039412927516 2.870602569680282
 22.823484198339735 2.84841364217812
 23.651458916995928 2.8255616311698204
 24.489104753092303 2.8021948365947638
 25.33663348292317 2.7784489381832373
 26.194115698586632 2.7544444660465714
 27.061621992180793 2.730283303319966
 27.939364139999967 2.706049194694683
 28.827342142044156 2.681811522887759
 29.725697182509556 2.6576317303719743
 30.63464103769049 2.633566899721594
 31.55424429968505 2.6096661526480363
 32.48457756059135 2.5859670172510354
 33.425852596703685 2.5624986573051562
 34.37814000012018 2.539287604351165
 35.341580955037024 2.5163550922927245
 36.31631664565043 2.4937167882612186
 37.30248825615662 2.4713826078922136
 38.30016637865368 2.449353297493048
 39.309562789435915 2.427624111296878
 40.33074808060144 2.4061983855795877
 41.36393402844457 2.3850900839195686
 42.409191225063395 2.364307229740449
 43.46666085465414 2.3438486360745165
 44.53648410141299 2.3237183895462987
 45.61887274163426 2.303926373233955
 46.713967959514186 2.2844779124217633
 47.82184034715083 2.265370771602839
 48.94263108874043 2.246600167119767
 50.07655196057728 2.2281572438414745
 51.22374414685759 2.2100285060641833
 52.384348831777565 2.192206373451397
 53.55850719953342 2.1746940153346253
 54.746431026419465 2.1575005477315585
 55.9481909045338 2.1406283709114367
 57.16399861017074 2.12406444874398
 58.39406591962458 2.107784560760173
 59.638463424993446 2.0917623662730507
 60.89740290257162 2.0759707393344082
 62.17102553655534 2.060377938632947
 63.45954310323891 2.044954895784681
 64.76309678681851 2.02970267207659
 66.0818983635885 2.0146516009282998
 67.41601842564693 1.9998207141261632
 68.76573934138622 1.9852147641359468
 70.13127288710072 1.9708534549780112
 71.51261906279042 1.9567609126244825
 72.91034260524012 1.9429412622371378
 74.32430233025364 1.9293767196997595
 75.75449823783096 1.9160306383568635
 77.20163624895314 1.902848746884711
 78.66501044263912 1.8897873794981512
 80.14603266085098 1.8768473289352876
 81.64399698260769 1.864057601075151
 83.15960932889027 1.8514188553962345
 84.69286969969873 1.8388821584218664
 86.24448401601411 1.826394372959231
 87.81374635685538 1.8139487525388889
 89.40065672222251 1.801585936539926
 91.0066269540776 1.7893471731356643
 92.63165705242065 1.777252246204431
 94.2750410962706 1.7653083536946996
 95.93748500660853 1.7535065974914854
 97.61969470441541 1.7418347501386815
 99.32096426871024 1.7303071542941943
 101.0427055414551 1.7189465570895837
 102.78421260166897 1.707755178670257
 104.5454854493518 1.6967379006285945
 106.32723000548467 1.6859034093248297
 108.13015219104858 1.6752206698723033
 109.95354608506251 1.6646379087528371
 111.79882352948853 1.654147978207859
 113.66527860334563 1.6437592886164245
 115.55291130663376 1.6334125055792674
 117.46242756033399 1.6230562365899426
 119.39453328542734 1.612725575845502
 121.34922848191383 1.6024916145098602
 123.32580722881241 1.5923994449651953
 125.32638728906619 1.5824761239328755
 127.34885089973204 1.5726871918270604
 129.39602174473413 1.5629450225355417
 131.46578206112935 1.5531731033384273
 133.5602496118608 1.543323087322045
 135.67871847594745 1.5333534168918144
 137.82189457437036 1.5232567232558962
 139.98977790712945 1.513103256603709
 142.1823684742248 1.5030214845534984
 144.40107811761845 1.4931118234216199
 146.64449499534834 1.483383273382768
 148.91473687035753 1.4737724089535045
 151.21039190068404 1.4642327759565084
 153.5335778492709 1.4547510813688254
 155.88288287415605 1.4453312826373461
 158.25901289632057 1.4359961477247691
 160.66337975772646 1.4267362876245622
 163.09527753739275 1.4175200170704685
 165.5547062353194 1.4083386509769762
 168.04307769346852 1.3992253395488061
 170.559685990859 1.3901820232390538
 173.105942969453 1.381147660644585
 175.68114270826942 1.3720923413070152
 178.2859911282893 1.3630061710963548
 180.9204882295127 1.3538312357561324
 183.58604585390165 1.3444842207218275
 186.28125215949407 1.3349589866432887
 189.00822490923306 1.3253215696914318
 191.76696410311862 1.3155892610034075
 194.55676382016978 1.3057318911157723
 197.3783299813675 1.2957478104141276
 200.23307442867386 1.2856740070586021
 203.12029124110785 1.275574858826424
 206.0406863396505 1.265516201256758
 208.9942597243018 1.2555419963468335
 211.9824232370238 1.2456738489031216
 215.00447095683552 1.235814031916104
 218.06110880471795 1.2258217688908202
 221.15233678067113 1.2157410184897501
 224.2795667266571 1.2056373332303034
 227.44279864267583 1.195408973027449
 230.64132660774632 1.1849712181572487
 233.87726838481174 1.174449311787377
 237.14991805289097 1.163948974436429
 240.459981532965 1.1534363183079477
 243.80816474601502 1.1428553857519015
 247.1944676920409 1.1322690541146163
 250.61889037104268 1.121783384973351
 254.0828446249824 1.111442747718482
 257.58703637484115 1.1011078421079956
 261.1300537786569 1.0905079144538123
 264.7140145993726 1.0794953559797653
 268.3389188369884 1.0680917343556275
 272.0047664915042 1.0565212340231391
 275.7122634839011 1.0449310496160753
 279.4621157351601 1.03320766241675
 283.25502916626226 1.0212254835870367
 287.0902978562265 1.0090205574482014
 290.969333647015 0.9967180895805193
 294.89284245960863 0.9842697918863721
 298.86082429400756 0.9715345118268058
 302.8732791502116 0.958470743189538
 306.9323247911641 0.9450773582175286
 311.03654937490273 0.9313252719424797
 315.18736474338976 0.9172553688808018
 319.38477089662507 0.9029269500514409
 323.63017967657083 0.8883564079969938
 327.92359108322694 0.8736386478961299
 332.2657110375745 0.8587192385108924
 336.6572454605945 0.843457659362415
 341.0974884313059 0.827776262269055
 345.5885577126519 0.8117052266855568
 350.12974738365136 0.7953510594531765
 354.7224692862664 0.7786553674296635
 359.36672342049707 0.7615754926785352
 364.0632157073243 0.7440185205550578
 368.8126520677291 0.7257313695181715
 373.6157384226927 0.7067397139034854
 378.47247477221487 0.687372676737663
 383.38427295825784 0.6678191061150784
 388.3511329808215 0.6481177440648768
 393.37305483990593 0.628301856504145
 398.45215629845427 0.6084057741537429
 403.5877314354854 0.5884513741688747
 408.7811920929614 0.5683428375773941
 414.0325382708823 0.5478856292484038
 419.3424758902291 0.526960993667867
 424.71171087198286 0.5055948171937517
 430.14094913712466 0.48381697002723295
 435.6308966066354 0.46168270452661725
 441.18225920149627 0.4393730123554683
 446.79574284268824 0.41720507929095363
 452.4713475302113 0.3956551560381141
 458.20977918504644 0.374925842518768
 464.0124496491558 0.3547770763353316
 469.8800648435205 0.3350426877786552
 475.81191884715935 0.3155832127674167
 481.81012942301544 0.29635323646549694
 487.87540249206995 0.27744433465710117
 494.00703213334174 0.25882742003089054
 500.2071361097739 0.240272453290499
 506.47571442136655 0.22219565474610178
 512.8134729891007 0.20519710715724299
 519.2211177339572 0.1893910332893707
 525.6993545769172 0.17475395559338391
 532.249595359943 0.16101291788661395
 538.8718400830342 0.14772479913982142
 545.5667946671721 0.13500971926289648
 552.3358709543187 0.12337438087444466
 559.1790689444739 0.11267016318510127
 566.097094558619 0.10251390317950083
 573.0913596387157 0.09251206085476027
 580.1625701057454 0.08265445270412426
 587.3107259597078 0.07350727217217753
 594.5372390425653 0.06527077437665302
 601.8428152752986 0.05751529007202582
 609.2281605788888 0.05026230723206366
 616.6946867952983 0.044262146726618025
 624.2416880035457 0.03925445628148831
 631.8712819665742 0.03500552052659343
 639.5841746053648 0.03156007450801355
 647.3803659199176 0.02869814680857852
 655.2619736731757 0.02617533852918773
 663.228291944158 0.02334419022599047
 671.2814384958076 0.02020103246058277
 679.4221192491057 0.017448640375424523
 687.650334204052 0.014834516200248261
 695.9674952026087 0.012302502761442454
 704.374308165757 0.010664594274420154
 712.874302698402 0.009871838467407884
 721.45830182779 0.009230836116479282
 730.1411298945229 0.00846570208738886
 738.9157276887906 0.007684438025123344
 747.7891544204031 0.00710408853962354
 756.7472916697399 0.006761106961322304
 765.8113170662319 0.006306493079102107
 774.9671121902585 0.005354059580158202
 784.22173625163 0.003935797083390318
 793.5751892503465 0.002451385358156764
 803.0274711864079 0.0013558095609838968
 812.5785820598143 0.0008291898410794033
 822.2355810803758 0.0006688821035200696
 831.9984682480928 0.0006122023359875001
 841.8531251433442 0.0005608666973269053
 851.8207293955613 0.0005021447955732184
 861.8942217949336 0.0004473158052566954
 872.0736023414613 0.0004007911004869675
 882.3518118253339 0.0003649306160882796
 892.7500278759825 0.000340767043351941
 903.2470728639761 0.00032827147013072004
 913.8641244187454 0.0003261393183513103
 924.5870641206703 0.00032885771317907265
 935.4229511795605 0.000332681723582376
 946.3717855954166 0.0003378642495178198
 957.4335673682383 0.000346627075520203
 968.615355707836 0.00035727346456878716
 979.9100914043992 0.0003640913679240602
 991.3248336677385 0.0003639258481977402
 1002.8595824978538 0.00035576554611837987
 1014.5072786849347 0.00033963274955087024
 1026.2820406486019 0.00031461648191279763
 1038.1697499692348 0.00027867370342454106
 1050.1915842762644 0.00024361464865438055
 1062.3263659402596 0.0002161065141764128
 1074.5952725906513 0.0001757093546171756
 1086.9841858078191 0.00012804316185735133
 1099.5001648015734 0.00009837670163571068
 1112.1502687817242 0.00007694160871011985
 1124.920379328651 0.00006001271355843111
 1137.8246148619746 0.00004795953565106057
 1150.862975381695 0.00003756137028290116
 1164.0284016780015 0.000027775030564755067
 1177.3350121705153 0.000019715809716273652
 1190.768688439615 0.000013819288316472396
 1204.343548904922 0.000010211010113288265
 1218.0525343566258 0.000008709831506683534
 1231.895644794726 0.000008224637151253007
 1245.8869986388438 0.000007422376572075246
 1260.0124774693584 0.000005587557725153679
 1274.27914049608 0.0000032233268593511128
 1288.6869877190084 0.0000013920046592085825
 1303.2430783479542 5.240131006602178E-7
 1317.9403531731073 2.626727618205508E-7
 1332.7858714042775 1.7132386492592807E-7
 1347.7796330414653 9.797984154003554E-8
 1362.9216380846703 4.741861817883094E-8
 1378.211886533893 2.2241712501749018E-8
 1393.6503783891328 1.150075626348374E-8
 1409.2371136503903 6.452625287655102E-9
 1424.9862107372858 3.559188384845032E-9
 1440.8835512301985 1.816573825253687E-9
 1456.936194338939 8.443163209489162E-10
 1473.1441400635074 3.579755607114565E-10
 1489.5073884039034 1.4068764680974817E-10
 1506.0329985699377 5.181571007634641E-11
 1522.7209705616099 1.777681000287555E-11
 1539.5642451691099 5.686563264298144E-12
 1556.569881602248 1.7226577083329716E-12
 1573.7449390708346 4.960797452051104E-13
 1591.0752991552488 1.3185740648405114E-13
 1608.5821394849218 3.1927180744019116E-14
 1626.2442824304226 8.356290978708552E-15
 1644.0829056211824 3.4797000216765106E-15
 1662.08389063758 2.061852458344011E-15
 1680.2542966894264 1.2645549588611273E-15
 1698.6011829865313 7.08184040389604E-16
 1717.1174903190845 3.364517066419342E-16
 1735.8102778968969 1.3159655593988405E-16
 1754.6724865101576 4.4880898671994993E-17
 1773.7182345784875 1.4640847985652217E-17
 1792.9334036822659 4.622583730457481E-18
 1812.332112241113 1.3953844565827673E-18
 1831.9073010452194 4.033054873404355E-19
 1851.6589700945842 1.1206328213859962E-19
 1871.5941785990185 3.0363071345251436E-20
 1891.7199857683324 8.25847746081991E-21
 1912.0222731829049 2.279554991134974E-21
 1932.5081000525463 6.326216869592265E-22
 1953.1774663772574 1.7359267548115152E-22
 1974.0374313668476 4.5603417510926513E-23
 1995.0879950213173 1.141958775220604E-23
 2016.3220981308564 2.8262445221745713E-24
 2037.753859115085 7.080993569924741E-25
 2059.3691595543833 1.757532701003909E-25
 2081.1821178683713 4.0634829659130943E-26
 2103.1856748472383 8.65363410984961E-27
 2125.379830490985 1.633446947236694E-27
 2147.7787032192323 2.603219093255737E-28
 2170.368174612359 3.627487514381819E-29
 2193.1553038801753 4.2470658728978914E-30
 2216.1400910226816 3.758495550456059E-31
 2239.322536039878 3.9114705510984526E-32
 2262.709698141574 5.4972869248148716E-33
 2286.2945181179603 7.576143774531304E-34
 2310.0840551788465 1.2446322736834681E-34
 2334.0783093242335 2.7299570141474993E-35
 2358.2702213443094 6.522018131352034E-36
 2382.673909658697 1.7379793161240694E-36
 2407.282315057584 4.876410142246906E-37
 2432.0954375409715 1.2498792865480855E-37
 2457.1203363186696 2.7330138043925913E-38
 2482.3499521808676 4.832720848935781E-39
 2507.7842851275664 6.679524767327931E-40
 2533.4374535783854 7.338214481694701E-41
 2559.3023983235153 6.650221449260584E-42
 2585.3720601531454 4.9240616466997966E-43
 2611.6605574868963 2.793609288918484E-44
 2638.1608311149585 1.222973762350371E-45
 2664.87288103733 4.696107751487673E-47
 2691.803766463823 1.686073348544322E-48
 2718.9464281846267 5.389275777390317E-50
 2746.307925409552 1.458579137090791E-51
 2773.8811989287865 3.313725882733386E-53
 2801.680367161953 6.420843647945485E-55
 2829.69131168943 1.0902734888644659E-56
 2857.9281509308385 1.6880197061118518E-58
 2886.3838256763675 2.5358884007012427E-60
 2915.051276716207 4.025492480909708E-62
 2943.944622469978 7.17777029234183E-64
 2973.0638629376804 1.4097304326216284E-65
 3002.4019389095033 2.863397591953927E-67
 3031.9588503854475 5.738005528756752E-69
 3061.741656575323 1.1162871187186097E-70
 3091.750357479129 2.311703449441791E-72
 3121.977893887057 8.595132568157367E-74
 3152.431325008916 5.356383453156179E-75
 3183.1106508447056 3.434150007628281E-76
 3214.0088121846165 2.1017412575251617E-77
 3245.1399274482687 1.2269981942022E-78
 3276.4898782160426 6.867986992595423E-80
 3308.072782907557 3.707137174550314E-81
 3339.8745231031935 1.9405384488256803E-82
 3371.9021580127605 9.90144590921873E-84
 3404.1627468460697 4.9452440346726203E-85
 3436.6421711834996 2.424439705942212E-86
 3469.3545494446707 1.1679139654503745E-87
 3502.2928224197735 5.523558787544699E-89
 3535.456990108807 2.558953404403047E-90
 3568.8470525117723 1.1579912792495402E-91
 3602.463009628669 5.104688484199432E-93
 3636.304861459497 2.187516022184773E-94
 3670.379667214066 9.107810126210696E-96
 3704.6733084727566 3.7144587154460067E-97
 3739.1999036551883 1.5937801329432332E-98
 3773.9453343417413 9.507332998709734E-100
 3808.923718952036 8.486797879747635E-101
 3844.120939066451 8.262265322561818E-102
 3879.551113104608 7.768361213833646E-103
 3915.2001226468856 6.93424093026127E-104
 3951.0820861129055 5.871855089287284E-105
