 0. 0.
 0.2558821659990199 0.00003576684296127711
 0.7706547811669504 0.0005511620111611273
 1.2914839698725455 0.0024727683125222943
 1.8184432937377204 0.006839662116527848
 2.351590827727145 0.014645115504135862
 2.891016910674749 0.02669050278078801
 3.4367860703190556 0.04347139976673689
 3.9889692871724374 0.06512590032026502
 4.547643994521122 0.09144823230965528
 5.112887625651336 0.12195090244288552
 5.6847840666231555 0.15595064699042915
 6.263391392401252 0.192656506477763
 6.848780583498001 0.2312464853775358
 7.4410806953904425 0.2709271376947963
 8.040349803043249 0.3109755864885514
 8.646652434194943 0.3507656831361417
 9.260053116584043 0.3897803115988442
 9.880745433426116 0.4276123455985531
 10.508664856982644 0.46395729065625485
 11.143940442730665 0.4986010386473388
 11.786701246147226 0.5314057347403249
 12.437011794970848 0.5622957940615527
 13.095001144678577 0.5912456295137126
 13.76066929527041 0.6182690265799529
 14.434145302223392 0.6434107426279806
 15.115558221014567 0.6667385821288262
 15.804972579382454 0.6883356429909925
 16.50245290506558 0.7082934184715245
 17.208128253540988 0.7267077866591903
 17.922127680285715 0.7436769784792919
 18.64445118529977 0.7593000269604955
 19.375292351798713 0.7736741470305089
 20.114651179782545 0.7868915271026258
 20.862785780205357 0.7990371901334224
 21.619631625328623 0.8101884054136237
 22.38531777062939 0.8204145816209881
 23.160037799323216 0.8297787640799201
 23.94385623914863 0.8383407897013686
 24.736837617844156 0.8461611905525313
 25.539175518625353 0.8533015681717573
 26.35086994149223 0.8598195670541345
 27.17204994192182 0.8657635272957289
 28.0029091031297 0.8711712012282022
 28.843511952854378 0.876073710462075
 29.693923018834386 0.8805018557665222
 30.554335884285287 0.8844923734756112
 31.424815076945606 0.8880905022190677
 32.30548965229238 0.8913459189318974
 33.196488665802654 0.89430621508036
 34.09794117295348 0.8970136347749557
 35.009911701483375 0.8995032566694665
 35.9325938346079 0.9017998924946168
 36.86605210006558 0.9039174988489388
 37.81048008107199 0.9058634550833806
 38.765942305365634 0.907641771714762
 39.73256782842357 0.9092558175772114
 40.71048570572284 0.9107091753990875
 41.699889520479 0.9120044653847127
 42.700908328169106 0.913143666055718
 43.71360665653167 0.9141295045635405
 44.73811356104374 0.9149634781677931
 45.77462262492088 0.9156429666641535
 46.82326290364014 0.9161626226968623
 47.88416345267856 0.9165202538500581
 48.95745332751318 0.9167214748472884
 50.04332611135957 0.91678013533997
 51.14184633195625 0.9167166087535472
 52.2532075725188 0.9165539956649006
 53.37760341626275 0.9163158244393722
 54.51509839092666 0.9160218268197144
 55.665886079726064 0.9156833392001378
 56.83009553813803 0.915306297145535
 58.007920349378125 0.9149017162087707
 59.19948956892337 0.9144870822431787
 60.404996779989354 0.9140761379530605
 61.62450651031458 0.9136720382783148
 62.85827687085314 0.913273874168462
 64.10650144482061 0.9128867256114737
 65.36918023221698 0.9125215012130994
 66.64682945495043 0.9121844573795778
 67.93932005754392 0.911863402139777
 69.24665203999744 0.9115251284144307
 70.56947067969622 0.9111284615641904
 71.90713069925503 0.9106384298823893
 73.26092265344431 0.9100331626839707
 74.63020126487886 0.909307633454521
 76.01561181094387 0.9084733924824805
 77.41715429163935 0.9075479790947403
 78.83547398435053 0.9065398955869582
 80.26992561169217 0.905449035012019
 81.72050917366428 0.9042831510357738
 83.18851522503732 0.9030633122399152
 84.67394376581126 0.9018093573143111
 86.1761495186009 0.9005343872805721
 87.69577776079146 0.8992542303117462
 89.23347376976812 0.8979935377178851
 90.7885922681457 0.8967816664821082
 92.36242381069464 0.8956428935995637
 93.95432312002971 0.8945888763058075
 95.56429019615089 0.8936507606201903
 97.19297031644344 0.8927017409847202
 98.84100875829256 0.8918202293877656
 100.507760244313 0.8909327287523604
 102.19451532927525 0.8900049625280861
 103.90062873579406 0.8890184288640147
 105.62610046386945 0.887981790476477
 107.37157579088661 0.8869183618365839
 109.13769999423077 0.8858379820789333
 110.92447307390195 0.8847316141722914
 112.73124975251493 0.8835970122272394
 114.55996586222534 0.882441876436071
 116.40868557087751 0.8812445500079599
 118.27998998801236 0.8799523080151177
 120.17194328147423 0.8785199653013763
 122.08648128341875 0.8769277366504258
 124.02295871646072 0.8751736970141926
 125.98202085798535 0.8732804122339818
 127.96366770799263 0.8712824262279999
 129.9678992664826 0.8691935351741065
 131.99600608822564 0.8670238990482444
 134.04669761845133 0.8647858167686607
 136.12190968931537 0.8624785931791066
 138.2203517460473 0.8601249010680023
 140.34395962080274 0.8577595517213424
 142.49144275881127 0.8554022234083217
 144.66344643745816 0.8530854815255157
 146.86126121151378 0.8508353676954731
 149.08424180359293 0.8486333800672661
 151.33238821369562 0.8464350821145331
 153.60699099659232 0.8441942192099544
 155.90740487489776 0.8418704188175458
 158.23492040338238 0.8394475319229137
 160.588892304661 0.8369336330332545
 162.96996585611876 0.834343748218253
 165.37814105775576 0.8316983043769101
 167.8147084643424 0.8290102421101639
 170.2783775211082 0.8262510065382588
 172.77108406020886 0.8233279814594399
 175.2928280816444 0.8201457165734002
 177.84296430802956 0.8166956561109244
 180.42213801674956 0.8130518609492817
 183.03163976257486 0.8092829911364242
 185.6708242681202 0.8054366381386114
 188.34033681077088 0.8015508751288511
 191.04017739052682 0.7976273063138711
 193.77163656215848 0.7936585523427231
 196.53406904828066 0.7896787293451532
 199.32812012627855 0.7857693310229358
 202.15378979615218 0.7820316362941562
 205.01236861267196 0.7785226866826819
 207.90385657583792 0.7749733405858384
 210.82760840826484 0.7714825332724752
 213.78555994210836 0.7679958434230467
 216.77706589998326 0.7645058916866051
 219.80277155927473 0.7610318215967692
 222.86332219736806 0.7575997817232029
 225.9587178142632 0.7542090234361001
 229.08895840996016 0.7507666096923604
 232.25533453922935 0.7470957569105746
 235.45849147945606 0.7431642205355129
 238.69713867586978 0.7390276130670741
 241.97321196062623 0.7347150775941476
 245.28671133372535 0.7302183257153061
 248.63763679516717 0.7254943112166856
 252.0266336223369 0.7206003577520279
 255.4543470926198 0.715675015309062
 258.921422483401 0.7107316522771865
 262.4272145172954 0.7057760438006218
 265.97301374907335 0.7008950844104598
 269.55946545612005 0.6961035328085966
 273.18656963843557 0.6914064689830041
 276.8543262960199 0.6867237895444045
 280.5646712610287 0.6818024576182583
 284.3163139786914 0.6764201301520849
 288.1105450037786 0.6705731709439681
 291.9473643362903 0.6645354180823522
 295.8280625309969 0.6586144514705238
 299.75263958789833 0.652887647346323
 303.7217407843799 0.6472116431018375
 307.7360113978267 0.6414250555402455
 311.79480615085373 0.6355515734475616
 315.9000608756164 0.6297062184461726
 320.0511302947297 0.6239035888173021
 324.249304962964 0.6181253966042526
 328.4945848803192 0.6123619630930992
 332.7876153241807 0.6065258055436167
 337.12904157193356 0.6005226500737647
 341.51950890096305 0.5943561328854597
 345.9590173112692 0.5881284419472661
 350.4488573576224 0.5818744420187356
 354.9890290400227 0.5756379279435389
 359.57953235847003 0.5693636080631224
 364.2223031451202 0.5628308504788488
 368.9166961225878 0.555937627642827
 373.6640018456433 0.5487866087856395
 378.4642203142868 0.5414147976091419
 383.3179968059035 0.5339576265926552
 388.22597659787857 0.5263890755030539
 393.18880496759726 0.5184706629681753
 398.2071271924448 0.5103448836682289
 403.2815885498063 0.5021282026325109
 408.4128343170671 0.4938784037665042
 413.6008644942272 0.4855247539042922
 418.8463243586717 0.4771950067223252
 424.1505044651712 0.4688511692579318
 429.51405009111085 0.4601071570779201
 434.9363159591054 0.45105248491770406
 440.4192379013105 0.4418932719523897
 445.96346119511145 0.4324663703577544
 451.56834056312294 0.42313028825333865
 457.23581183750065 0.41413660803291563
 462.9658750182446 0.40525503512599054
 468.75917538274007 0.39635666082726917
 474.61635820837216 0.3872854118641987
 480.5380687725261 0.3781660420466484
 486.5255976299725 0.3690986431797248
 492.5789447807111 0.3600828623379477
 498.6987555021273 0.3510852250742625
 504.8863203489915 0.3421869149438102
 511.1416393213036 0.3333214910512789
 517.465357696449 0.3242810749415177
 523.858766029198 0.3150543836938741
 530.3225095969359 0.3055009903987478
 536.8565883996627 0.2955133116056131
 543.4622929921487 0.28519100063640435
 550.1402686517791 0.27456032370261213
 556.8911606559394 0.26378996848902586
 563.7162595594 0.25307832189432317
 570.6149200847755 0.24245661782349542
 577.5890780642214 0.23195132034019633
 584.6393787751233 0.22146156227273436
 591.765822217481 0.211083077331272
 598.9703442234502 0.2009344538244877
 606.2522995156456 0.19089942419610265
 613.613623926223 0.18070608075310163
 621.0549627325676 0.17037947585721797
 628.5763159346792 0.15991848121638638
 636.1789740873285 0.1495308041703734
 643.8635824679005 0.13963676827129923
 651.6333674633215 0.13031320432671645
 659.4799404675834 0.12148675731031616
 667.4168523057762 0.11304997210811109
 675.4376502040473 0.10485959840665982
 683.548786936249 0.09680937889966519
 691.7373569546771 0.089089449515868
 700.022718580888 0.0817810900628127
 708.3919662671773 0.07487623138065821
 716.8515527873972 0.06836886838888664
 725.4014781415478 0.062201784380871226
 734.0417423296291 0.05648679600815187
 742.7723453516411 0.050712054209578764
 751.5997399814358 0.04548693365537916
 760.5239262190134 0.040754986889224985
 769.5319985166694 0.036392499627206615
 778.6433151959606 0.032397563932789045
 787.8514234830344 0.0287453076501281
 797.1563233778912 0.025384722352633834
 806.5515621066787 0.022318814323714253
 816.0564979909533 0.01957048842702962
 825.6517727091586 0.017088833557864835
 835.356744582851 0.014753566295765557
 845.1585080643264 0.012617400339073432
 855.0635159274366 0.010863540373993744
 865.0717681721819 0.009498117143904763
 875.1832647985625 0.008349345240825633
 885.4044585804301 0.007264233073327846
 895.7288967439326 0.006228023543721895
 906.1630320629225 0.005294720827714857
 916.7068645373996 0.004474367045528854
 927.3539413935118 0.0037573759390202625
 938.1171681789633 0.0031471139894810366
 948.9836393460498 0.0026214386522879825
 959.972713216328 0.00214900474397647
 971.0650314682412 0.001726620160525862
 982.2799524233458 0.0013742705906137547
 993.6045705339378 0.0010976494708644093
 1005.0453385738691 0.0008784535511428432
 1016.6087093169921 0.0007094181278084215
 1028.2817772156022 0.0005844637386246038
 1040.077447817404 0.00047294434550289186
 1051.9957211223975 0.0003666166145303924
 1064.0301443567303 0.0002901095412428442
 1076.1936230681067 0.0002464180138331182
 1088.4732517088228 0.00021611522251082253
 1100.8819358265825 0.0001877027161021565
 1113.4132226475338 0.000161977908340045
 1126.0671121716766 0.00013780572136477338
 1138.8565099467157 0.00011430673974284478
 1151.768510424946 0.0000943125755063693
 1164.8095663802203 0.00007957459996105616
 1177.9796778125383 0.0000699154573584298
 1191.2852974957525 0.00006427095438672366
 1204.7199726560102 0.00006120506400407809
 1218.290156067164 0.00005977933596941127
 1231.995847729214 0.00006034775991670921
 1245.8370476421594 0.00006092180387478552
 1259.8137558060012 0.00006271669730902136
 1273.925972220739 0.00006380858457626645
 1288.1736968863727 0.00006274093687267921
 1302.5698353506066 0.000057559249939143386
 1317.1014820657365 0.000052328788722503986
 1331.7750898056145 0.00004523248454418325
 1346.590658570241 0.00003826968672763894
 1361.5481883596153 0.00003130138648201811
 1376.6541319475903 0.00002486036545947684
 1391.9084893341653 0.00001984739643241546
 1407.3048077454887 0.0000162780054482817
 1422.8495399554124 0.000013648055035516407
 1438.5491387377886 0.000011680816859887264
 1454.390698544913 0.000010302024170928368
 1470.393577698342 0.000009371150063486625
 1486.5384178765191 0.00000864821055843116
 1502.8445774010013 0.000007917962822259175
 1519.2991507240836 0.000007066625284384327
 1535.9085906196185 0.000006115107175297434
 1552.6793498614581 0.000005160613583571723
 1569.6049756757502 0.000004283154533653033
 1586.691920836347 0.00000352084961359704
 1603.9337325693966 0.0000028752280602038497
 1621.343316422603 0.0000023169744393080224
 1638.9077668482619 0.0000018022254076119254
 1656.6399893940775 0.0000012924522508707212
 1674.533531286198 7.918886310598842E-7
 1692.588392524623 3.787658763316152E-7
 1710.8110258832053 1.4806459130525137E-7
 1729.2078841357968 2.3081236615549505E-7
 1747.7660617346928 3.142857440822912E-7
 1766.4920114537454 6.413759668143733E-7
 1785.3857332929556 0.0000010574851074398556
 1804.4536800261744 0.0000015171568560750578
 1823.6958516534023 0.000001957940995537878
 1843.1057954007874 0.000002266877095192398
 1862.6964168160334 0.0000023516130057113757
 1882.454810351437 0.000002234774886572894
 1902.3938815547015 0.0000020633698360072047
 1922.5071776519749 0.000001954913643548191
 1942.7946986432576 0.0000018679279400405166
 1963.2693500762539 0.000001658837185865477
 1983.918226403259 0.0000013355947706119744
 2004.7477803981258 0.000001223036312353264
 2025.7580120608534 0.0000012833777408803527
 2046.9489213914428 0.0000013442380760409674
 2068.3269611637456 0.0000016775135210118011
 2089.885678603909 0.0000019855535642617008
 2111.6315264857867 0.000002262948606810119
 2133.564504809378 0.0000025850209671498848
 2155.6781608008296 0.000002962524284660478
 2177.985400007848 0.0000032646727717552267
 2200.4797696565793 0.00000327538347186796
 2223.161269747024 0.0000029020181892138086
 2246.036353053035 0.0000025254662896379973
 2269.0985668007584 0.0000019832896542537987
 2292.3479109901964 0.0000015542223733634204
 2315.7972911690513 0.0000013309706447189415
 2339.4402545634725 0.0000012321635953072843
 2363.270348399607 0.0000011421258884998716
 2387.3004782251596 9.65594274493986E-7
 2411.5241912662777 6.973148693087976E-7
 2435.9414875229613 3.890541888129051E-7
 2460.558819769063 5.839257411616398E-8
 2485.36973523073 -2.962768658818688E-7
 2510.3806866818154 -6.528432108199615E-7
 2535.5852213484663 -9.92917337376989E-7
 2560.996244778387 -0.000001298170713119937
 2586.600851423874 -0.0000015722124288715693
 2612.4119468326303 -0.0000018372988209856413
 2638.423078230805 -0.0000020246793642506434
 2664.6277928445447 -0.0000019315843449747
 2691.0389962215554 -0.0000018377557525352912
 2717.656688361835 -0.0000015359245240577543
 2744.4744164915332 -0.000001234041693597138
 2771.4921806106495 -0.0000010082689006062825
 2798.7164334930358 -8.526198872595355E-7
 2826.147175138691 -7.292163916666473E-7
 2853.7779527737653 -6.194223442701632E-7
 2881.61521917211 -5.207633577921309E-7
 2909.6589743337236 -4.3406706922022807E-7
 2937.9027654847555 -3.5943196615283325E-7
 2966.3594981729093 -2.9611880339297356E-7
 2995.0162668504818 -2.4296915117833257E-7
 3023.8859770651757 -1.986912755148652E-7
 3052.9557232692882 -1.62015307746227E-7
 3082.23195823667 -1.3177012348752846E-7
 3111.7211347411744 -1.0691549627551715E-7
 3141.410347235097 -8.654932719356434E-8
 3171.312501266141 -6.990181090653154E-8
 3201.421144060456 -5.632332389997516E-8
 3231.7362756180405 -4.5270035815268804E-8
 3262.257895938895 -3.628935073881247E-8
 3292.9860050230204 -2.900623561756223E-8
 3323.9206028704148 -2.3110978022754406E-8
 3355.068142254932 -1.834848234788175E-8
 3386.4157176288672 -1.4509088398854392E-8
 3417.976234539924 -1.1420787248220727E-8
 3449.736787440399 -8.942677141188915E-9
 3481.7102818779967 -6.959502241189716E-9
 3513.8838123050114 -5.377106308009744E-9
 3546.2702842691488 -4.118668907966586E-9
 3578.856792222704 -3.1215938945394662E-9
 3611.6562417133814 -1.2169317058998887E-9
