 0.23242043961256936 1.0000311071405308
 0.6999937738100791 0.9992860143803626
 1.173068356907347 0.9961550739397487
 1.6517110056926296 0.9893008107377738
 2.135974470261919 0.9778743191923864
 2.6259408063200893 0.9617096347619593
 3.1216686250849115 0.9412645127898156
 3.6232223988959293 0.9173569080673916
 4.130672461214466 0.8909698948860143
 4.644089145501844 0.8630680553245735
 5.1635486463411615 0.834508377960424
 5.689103713828411 0.8059677204237948
 6.220818820303137 0.7778920322831985
 6.758811188200878 0.7506346550444439
 7.303133567617624 0.724453137339059
 7.853844569771145 0.6994632391930926
 8.411002805879209 0.6756513956057324
 8.974784109595122 0.6531074317046665
 9.545129869701116 0.6318479770074243
 10.122157308632726 0.6117337379980163
 10.705983648825493 0.5927408617128404
 11.296667501497181 0.5748000951243382
 11.89432608908333 0.5578685627010882
 12.49895941158394 0.5418800705781368
 13.110684691434546 0.5267228531426847
 13.729619151070686 0.5123679968707991
 14.35582140171013 0.4987890783284845
 14.989350054570647 0.48592225092118374
 15.630322332087774 0.47370597571258305
 16.278855456697045 0.4621310094609586
 16.93494942839846 0.45110660476660946
 17.59878008084533 0.44055731330018927
 18.27034741403765 0.4304058209282446
 18.949885872846497 0.4206366389748037
 19.6373368460541 0.4112664749957672
 20.332817556096 0.40220716266768236
 21.0365038366255 0.39345568399759123
 21.748454298860366 0.38501287868482514
 22.468727554018372 0.37680694343783433
 23.19749943575282 0.36881432809675413
 23.934769944063717 0.36101373995818137
 24.680656301386588 0.35332844696581833
 25.435334341374748 0.34574503318362754
 26.198862675245962 0.3382742534386228
 26.971299914217994 0.33088877634303987
 27.752821891944162 0.3235906268955397
 28.543487219642227 0.3163809889435828
 29.343413119747723 0.30922541404415244
 30.152716814696188 0.30209928954383475
 30.97151552692317 0.29498753434069025
 31.799867867646427 0.2878618857534326
 32.63794967051927 0.2807276527498079
 33.48581954675946 0.2736111052775951
 34.3436533300203 0.26653368575768055
 35.211509631519576 0.25949479572707873
 36.08950567369282 0.25244990838351
 36.97775867897556 0.24536524026662107
 37.8764444810211 0.23825281883304847
 38.78568030226499 0.23116230537136068
 39.70552475392499 0.22411835730146545
 40.63609505843664 0.21712208410329029
 41.57756704945324 0.2101950131699235
 42.53005794941034 0.20337029642511928
 43.49368498074346 0.1966640430629995
 44.46856536588815 0.1900646117888646
 45.45487493849772 0.1835522634548747
 46.45267230978992 0.17709813487935855
 47.46213331341807 0.1706884850120879
 48.48343378303547 0.16436577992657414
 49.516632329859895 0.15817228610207992
 50.56190478754464 0.15213396620692937
 51.61936837852526 0.14626128346877537
 52.689198936455035 0.14053405127912655
 53.77151368376952 0.13491791192871055
 54.86648845412203 0.12941018341278954
 55.974181858730304 0.12403376315212679
 57.09482834246543 0.11880112234658365
 58.22860373898073 0.1137104493514809
 59.37550804827618 0.10873427449023212
 60.53601016009395 0.10391694927027824
 61.70999285199849 0.09929739256299702
 62.89745612398979 0.09478336214294755
 64.09898608824557 0.09034854039995022
 65.3139966325881 0.08597978104274315
 66.54365998137278 0.08168060390486184
 67.78739002242193 0.07746172899856094
 69.04577286791321 0.0732996643060666
 70.31880851784663 0.06920022090709438
 71.60708308439989 0.06522564149872491
 72.9100104553953 0.06145230763461321
 74.22759063083284 0.057873004094243716
 75.56099583506789 0.054498115902229555
 76.91022606810046 0.05136707926364154
 78.27469521775286 0.04846574183303737
 79.6549893962028 0.04575905502985914
 81.0516947156279 0.04324873535599652
 82.46422506385053 0.04090006926840443
 83.89375266522605 0.03870006995781268
 85.33969140757678 0.036676996769382963
 86.8020412909027 0.0348018888125803
 88.2813884273815 0.033025351630334675
 89.77831892919089 0.0313303590948789
 91.29224668415316 0.029705251225948262
 92.82434391662366 0.02816072888684128
 94.37402451442478 0.02670354948781385
 95.94128847755644 0.02530560005361873
 97.52672191819637 0.023964563719903412
 99.13091094852223 0.02269561099462144
 100.75385556853405 0.02149741779471919
 102.39496966605412 0.020345064089943632
 104.05601157761551 0.019255667249381596
 105.73522296668514 0.018254644111573078
 107.43494828197379 0.017364584748163013
 109.15342918694837 0.016588931320138077
 110.89242401814197 0.015909804139395845
 112.65134666337688 0.015323016794841835
 114.4307832348308 0.01480634558160547
 116.2307337325037 0.014328746800415695
 118.0511981563956 0.013859093958564864
 119.89334873086189 0.01338996396109447
 121.75601323154716 0.012907758302200827
 123.6409499949845 0.0123985769996102
 125.54698679681853 0.011871522955095021
 127.47588197358229 0.01134882423660351
 129.42646330092043 0.010840587114383004
 131.39931689101064 0.010347218251645671
 133.39561496820826 0.00987035855737942
 135.41477142033565 0.009395375024725029
 137.45678624739276 0.008920865331074373
 139.522831673735 0.00846181415163061
 141.61232158718465 0.00801900451444224
 143.72642821209712 0.007588476553779302
 145.8645654362947 0.007165812141933399
 148.02731937195506 0.006741152701222478
 150.21469001907826 0.006314694833877992
 152.42784960201962 0.005905575605991475
 154.66562589642376 0.0055281358873569145
 156.92977723882376 0.005181857710722411
 159.22030362921964 0.004865594815319721
 161.5366189554337 0.004572289198521268
 163.8793093296436 0.00428679676751842
 166.24954697620473 0.004002022560129322
 168.6467457829394 0.0037277304681197997
 171.0714918620253 0.003476379587760915
 173.52378521346245 0.003246716430484984
 176.00479806160618 0.0030292465719760297
 178.51394429427884 0.0028204724703391297
 181.05181002365808 0.0026275269964050577
 183.61839524974394 0.002459024918751644
 186.21487219689178 0.0023136671956867
 188.84124086510155 0.0021819035659651547
 191.49691514219563 0.002054297566720421
 194.1836533647071 0.0019295437476076
 196.9008694204582 0.001809661056797684
 199.6491494216266 0.0016928400957474724
 202.4290794803901 0.0015727366279649998
 205.24065959674857 0.0014411734417449826
 208.08388977070211 0.0012953711568432613
 210.95994222660602 0.0011409537104583112
 213.86940307663804 0.0009861391542948066
 216.81110009644277 0.0008359977635025839
 219.78679162255327 0.0006955862851612994
 222.79647765496955 0.0005715037322754837
 225.8401581936916 0.00046834660530471745
 228.91841935089707 0.00038646361800816735
 232.03184723876373 0.0003234801355089523
 235.1810279694692 0.00027602035974953553
 238.36537543083585 0.00023792172456506692
 241.58606184721899 0.0002026776337529865
 244.84367333079632 0.00016944995448202522
 248.13820988156786 0.0001420863378902351
 251.4696714995336 0.000122970339485563
 254.83981652122662 0.00011054912935219707
 258.2474727222915 0.00010065784112738676
 261.69381232708366 0.00008850717566742085
 265.1788353356031 0.00007161088048084785
 268.7037139722051 0.00005121006991106244
 272.2684482368898 0.000029933918064354992
 275.87362424183476 0.000009759299133357779
 279.5198280992177 -0.000008154675020126064
 283.20647369686105 -0.000022673584868253547
 286.93531937129774 -0.00003236614294446514
 290.70577901035006 -0.000037382375094861044
 294.5190248383735 -0.00004050222880998973
 298.37505685536803 -0.000044600786875531435
 302.2744611735112 -0.000050073383598017635
 306.2178239049809 -0.00005580764260911969
 310.20573116195465 -0.000059505702348931733
 314.23818294443254 -0.00005659773288968386
 318.3163514767699 -0.000043764861305294166
 322.44023675896676 -0.000025755387049361992
 326.60983879102315 -0.000013323801788864344
 330.82691590947206 -0.00001199832285110646
 335.0908820021358 -0.00001625178802020318
 339.4029092933698 -0.000014159771450058951
 343.762997783174 0.0000034556296534245057
 348.17173358372617 0.00003373280787716091
 352.6297028072039 0.00006077201078073791
 357.1374915657849 0.00006863725759701794
 361.6956859716469 0.000051671026033322125
 366.30487213696756 0.000013986656862559699
 370.96563617392457 -0.00003306674234517024
 375.67797808251794 -0.00007838518603805687
 380.44248397492527 -0.00011887746031451878
 385.26032607550206 -0.00015111186526167473
 390.132090496426 -0.00015971430772961887
 395.05719112551924 -0.0001289163112851705
 400.03738629931496 -0.00006579103078509737
 405.07326212999084 0.0000031829163083894432
 410.16423250536917 0.00006231507111764005
 415.312055761983 0.00010696780233798051
 420.5167318998324 0.00011864594963791895
 425.778847031095 0.00008068672576952
 431.0989872679484 0.00001573094544664513
 436.4777387225704 -0.000024471602457120073
 441.9162736193164 -0.00001581141807490802
 447.41459195818635 0.000017195065646741065
 452.9732798513579 0.00004513275334108564
 458.59350952318647 0.000060524328658306955
 464.275280973672 0.00006961420060066016
 470.0191803149923 0.00009116548929670721
 475.8263797715026 0.00013846576037578832
 481.69746545538067 0.00019848653075161074
 487.63243736662645 0.0002497382202187488
 493.6324677295954 0.0002767073435234145
 499.69814265646505 0.0002679069097391864
 505.8300482594133 0.0002225276812104216
 512.0293567627954 0.00014507627394049597
 518.2954820544336 0.00004517401127001558
 524.6301824708611 -0.000051540359528546655
 531.0340441242555 -0.0001215885445966219
 537.5070670146168 -0.00015714075170126138
 544.051009478478 -0.00015685241180996427
 550.6652854036616 -0.00013475966861937862
 557.3516531267005 -0.00012145929206437746
 564.1106987597725 -0.00012679433872108168
 570.9424223028775 -0.00013255065915599603
 577.8479959803709 -0.00012021823553978733
 584.8280059044304 -0.00009317093110861158
 591.8853826359444 -0.00008424535827661887
 599.012506716603 -0.00012135409170865155
 606.2216865021376 -0.00020239777443426663
 613.5070608707713 -0.00029755259648173084
 620.8744909442811 -0.00037242429637884345
 628.3122544791131 -0.0004027427979470052
 635.837934840598 -0.0003627975317497705
 643.4398097851821 -0.0002735169517085633
 651.1237404346421 -0.00020525999693822932
 658.8897267889781 -0.00017530186176045693
 666.7377688481902 -0.0001258398502416619
 674.6678666122783 -0.000020920330912612053
 682.6858812030191 0.00008456903577370787
 690.791812620413 0.00011678469198791094
 698.9739386209059 0.0000918326118352976
 707.2498425698285 0.0000716413618050317
 715.613663345404 0.00008030966523573445
 724.0654009476324 0.0001345875957834852
 732.5991942547369 0.00023141457459668175
 741.2326266320478 0.0003024242027382039
 749.9481147142347 0.0002976447351687803
 758.7632418666282 0.0002526902950706798
 767.6662858456747 0.00023695598501925286
 776.6631077731506 0.00026353229680802084
 785.7537076490564 0.0003037278894162037
 794.9380854733921 0.00037180571814528744
 804.2221023679342 0.0004346487310030929
 813.599897210906 0.00040158440341444613
 823.0773311240845 0.0002869445465943381
 832.6544041074694 0.00016837249367028588
 842.3252550392842 0.00005973679399364148
 852.1016061630824 -0.00004647847421301769
 861.9717352353101 -0.0000974093967373891
 871.9532256212983 -0.00006931530491257751
 882.0284939557162 -0.00002198500730879185
 892.2151236038943 -0.000011022058296996686
 902.5013923222791 -0.000021768691451204638
 912.8931612326472 0.00003412989526088712
 923.3962914567757 0.00015305036714439977
 933.9990607511107 0.0002387255972813815
 944.713191359206 0.00027552423167034586
 955.5386832810617 0.0002403720481701273
 966.4696753949007 0.00009292351045862172
 977.5178899442769 -0.0000704284733190919
 988.6716046856365 -0.000137408866982748
 999.9425418625333 -0.00015153946989040148
 1011.3248403531904 -0.0001421201975061823
 1022.8185001576077 -0.00004683283198741538
 1034.435243519339 0.00003620769431814988
 1046.1633481948309 -0.00003736482546570664
 1058.0086753058595 -0.0001606304504882922
 1069.9712248524254 -0.00014734349862063377
 1082.0568579563055 0.000010371288323219835
 1094.2597134957225 0.0001188394142703352
 1106.5856525924537 0.000056744056125725985
 1119.0346752464989 -0.000057026170420255604
 1131.6067814578578 -0.00013647864702825578
 1144.301971226531 -0.00015398310799385388
 1157.120244552518 -0.00010734963760103191
 1170.0616014358193 -0.000042439377417410006
 1183.137764119988 0.000040201429531542696
 1196.337010361471 0.0000617618670472722
 1209.6652012820446 0.00008311511520712884
 1223.1223368817093 0.00008320586120367521
 1236.7084171604647 -0.00006533261871225366
 1250.4293032400878 -0.00014123664521615683
 1264.284995120579 0.000017853863250106756
 1278.2696316801605 0.0001814398355233591
 1292.38907404061 0.000051644810069213655
 1306.649183323704 -0.00020146457442902404
 1321.038237285889 -0.00017959363122577038
 1335.5738192924953 -6.56188030942158E-7
 1350.2383459781925 0.00000832888315028212
 1365.0494007083112 -0.000056960383855443176
 1379.9952612392974 0.000018234199394795612
 1395.0817886929285 0.0001955720389075011
 1410.314844190981 0.0002083379364413342
 1425.6885666116777 -0.000029039121735119636
 1441.2088170767963 -0.00029461621558190713
 1456.8697344645593 -0.0004201202436055933
 1472.6830410185205 -0.0004060948583724165
 1488.6370144951263 -0.00030069665675307487
 1504.7433771379303 -0.00015256057736650827
 1520.996267825156 -0.00009947468596698546
 1537.395686556803 -0.00012674757373631334
 1553.9474944546482 -0.00007625587672385543
 1570.6575526404688 0.00003689633972806779
 1587.5141388707107 0.00006631377413307489
 1604.5231142671505 0.000021092399514216947
 1621.6844788297892 0.00008617978793451798
 1639.0040936804028 0.00013739837783784475
 1656.4819588189914 0.0000933218624683133
 1674.1122131237787 -0.000009603552843435342
 1691.9065788383175 -0.000025592079771042716
 1709.853333719055 0.00009045540495610957
 1727.9642000095446 0.00015848614221096
 1746.233316588009 0.00022754707212008858
 1764.6606834544484 0.0004122432701070222
 1783.2580228524173 0.000531852713239256
 1802.0136125383608 0.0005441554265251551
 1820.9333136340565 0.0005692135293359973
 1840.0171261395042 0.0006318189193462964
 1859.2650500547038 0.0006413060541229433
 1878.6829465014325 0.0005262626064713092
 1898.264954357913 0.00036462652266794376
 1918.0169347459223 0.00015855274768094372
 1937.938887665461 -0.000028771157912992205
 1958.0249519947508 -0.00021065232871322691
 1978.2868499773472 -0.00035669064228894344
 1998.718720491472 -0.0003819563722296208
 2019.3205635371257 -0.0002892335288710102
 2040.0982402360853 -0.0001748262244933278
 2061.0458894665735 -0.00009631365046600747
 2082.163511228591 -0.00005343088141114389
 2103.4628277656902 -0.00003032772029294961
 2124.937977956096 -0.000014381760611884323
 2146.5831006780304 -1.3475815768044632E-7
 2168.409918175047 0.00001141367844938224
 2190.41256932537 0.000018323960279885385
 2212.591054128998 0.00002188738214054522
 2234.9512337077094 0.000024000634732587424
 2257.487246939726 0.000025463320394790393
 2280.2049549468256 0.000026538097040740663
 2303.09849660723 0.000027308673085001014
 2326.1795941644946 0.000027856975450141802
 2349.4365253750652 0.000028243344193679042
 2372.8810124824945 0.000028494972873863262
 2396.507194365007 0.000028658045100553835
 2420.3092099008245 0.00002874017867777927
 2444.298781333502 0.000028755553856952758
 2468.475908663039 0.000028731931354913778
 2492.834730767658 0.00002868071766117667
 2517.37524764736 0.000028595694441151654
 2542.1033204239216 0.000028493036519634918
 2567.018949097342 0.00002838504055716542
 2592.1162725458453 0.000028268450032156883
 2617.4011518912084 0.00002813522329541493
 2642.8735871334306 0.000028002048303228663
 2668.5277171507355 0.000027867717874088017
 2694.3752641866763 0.00002773029966598185
 2720.4045059977 0.000027594937377161078
 2746.62716482736 0.000027456580547282362
 2773.031518432103 0.000027328041307577147
 2799.6234279337045 0.00002719533962613598
 2826.408754453943 0.000027072157048489828
 2853.375775749264 0.000026946072009814794
 2880.536214063221 0.000026818717933475947
 2907.884208274038 0.00002670538466756392
 2935.4197583817136 0.00002659355537195118
 2963.142864386249 0.000026483263126501745
 2991.0535262876447 0.000026378968143517128
 3019.151744085899 0.000026273403172870083
 3047.4433789027894 0.00002617187224853223
 3075.916708494763 0.00002608069661516997
 3104.583455105372 0.000025990673062557186
 3133.4318964910644 0.000025906256739865474
 3162.473754895393 0.000025822921606904156
 3191.6973080748035 0.000025740657954514823
 3221.1142782728507 0.000025668082070541974
 3250.7129432459806 0.000025596482783197836
 3280.5050252377473 0.00002552999477533724
 3310.4788020045958 0.000025471136515649205
 3340.6401346683037 0.00002540873488591113
 3370.9831621070944 0.000025353055425677166
 3401.519606564522 0.000025308825918244368
 3432.2318846752546 0.000025261028337405367
 3463.1375798046233 0.00002521784975247519
 3494.219108587298 0.000025185816806078968
 3525.4881932668327 0.000025145373284165043
 3556.944833843226 0.00002511812920517834
 3588.577308072926 0.000025097626698992635
 3620.391477077708 0.000025074995791394422
 3652.387340857572 0.000025064598138818293
 3684.564899412519 0.00002505038514440322
 3716.924152742549 0.00002504247604993611
 3749.4592397258843 0.00002503864230761625
 3782.176021484302 0.000025044805573021697
 3815.062775774249 0.000025066492997937308
 3848.1312248392787 0.00002508571456494421
 3881.375507557614 0.000025106941927385085
 3914.795623929255 0.0000250920467954645
 3948.385712832424 0.000025115015506021163
 3982.1516353888996 0.00002517583414979659
 4016.0875304769042 0.000025238022955058865
 4050.1933980964372 0.000025299781516342648
 4084.4692382474996 0.00002532359461629227
 4118.915050930091 0.000025347172258277652
 4153.53083614421 0.00002540944396152087
 4188.310732768082 0.00002551220312184906
 4223.248879679929 0.000025611894807429293
 4258.356999123305 0.00002567221294264958
 4293.629229976433 0.00002573606126415379
 4329.059711117536 0.000025873538806923402
 4364.648442546613 0.00002597416320628002
 4400.395424263667 0.000026035817609608937
 4436.306517390472 0.000026172268346655704
 4472.364138561698 0.00002630986134820409
 4508.580010020901 0.00002644399797889935
 4544.948270646301 0.000026581414604898948
 4581.463059316123 0.000026717577654752633
 4618.130237152142 0.00002688752448357648
 4654.943943032584 0.000027056093662267578
 4691.910038079223 0.00002722759137760349
 4729.010938926731 0.000027434311178679723
 4766.258367818659 0.00002760319423763032
 4803.646463633233 0.00002780679870825031
 4841.17522637045 0.000028045404955993827
 4878.838794908536 0.0000282503727977458
 4916.6371692474895 0.000028487739684048736
 4954.570349387311 0.000028725633394582125
 4992.6324742062225 0.00002899762384257446
 5030.823543704226 0.000029267894810917734
 5069.143557881319 0.00002953623356802869
 5107.5925167375035 0.00002987376093322414
 5146.158698029226 0.000030176181763851776
 5184.853824000038 0.00003047876175849339
 5223.6603112846105 0.00003084775932381266
 5262.589882126498 0.00003121452096341421
 5301.6308142821445 0.00003158382958098955
 5340.783107751552 0.00003195105169069537
 5380.04676253472 0.000032351105496523276
 5419.415917509871 0.00003281388182507176
 5458.896433798783 0.00003327664721728859
 5498.476589157901 0.00003373936484243416
 5538.162244709002 0.00003423445358012286
 5577.941678208533 0.00003476172549933838
 5617.820750778271 0.00003531852265962719
 5657.793601296438 0.000035877885761173334
 5697.854368641259 0.00003646659860890779
 5738.008913934508 0.000037119010578154626
 5778.245514932634 0.0000377714036996938
 5818.570032757413 0.00003848429547061185
 5858.9766062870685 0.00003923453372277716
 5899.453513278046 0.000039981888932742786
 5940.012475973899 0.00004082699827144128
 5980.63004988752 0.000041682561539531994
 6021.364846236679 0.00004259675641990753
 6062.158253803607 0.00004360117996129784
 6102.951661370535 0.00004460402569373337
 6143.862291373 0.00004569610488514917
 6184.831532593232 0.000046879055524873026
 6225.8593850312345 0.000048089746013506375
 6266.945848687004 0.00004945699003937592
 6308.032312342774 0.00005087981356488781
 6349.235998434083 0.00005239142979985179
 6390.43968452539 0.000054022347918945057
 6431.760593052234 0.0000557809948638468
 6473.022890361311 0.00005772356706483115
 6514.402410105923 0.000059806345243281666
 6555.7819298505365 0.00006211198333587506
 6597.22006081292 0.00006463059477428829
 6638.658191775301 0.00006744116869249492
 6680.096322737682 0.00007051179570575857
 6721.5930649178335 0.00007392542847613993
 6763.148418315752 0.00007787444454573943
 6804.703771713671 0.00008245880525930778
 6846.200513893821 0.00008769876721957467
 6887.814478509509 0.00009394476440855788
 6929.369831907428 0.00010142090024286702
