 1.0676235447012705 0.9981815906714275
 1.503241945225316 0.9951577963321382
 1.943975917434591 0.9902895097365503
 2.389900141207711 0.9836022408586261
 2.841067959315118 0.9753321681706375
 3.2975380488042942 0.9657867839866014
 3.7593744209997704 0.9553241164795753
 4.226641087226073 0.9443000766388207
 4.699407393084776 0.9330502886128961
 5.177721347069275 0.9218398037694436
 5.661641626227055 0.9108028894689869
 6.151274916098995 0.9000812694688776
 6.646669225178492 0.8897988258276538
 7.147877896235989 0.8799802361844
 7.6549542720419215 0.8705350735981735
 8.168058380907613 0.8615324484683801
 8.687136880062626 0.8529771364164392
 9.212296455047838 0.8447037105842172
 9.743643791404129 0.836740846895708
 10.28123223190194 0.8290841417914235
 10.825168462082154 0.8217679820858992
 11.375452481944768 0.8147721995853195
 11.932190977030665 0.807983456554264
 12.495490632880722 0.8013977318729338
 13.065404792265385 0.7950070366091628
 13.64198679795509 0.7887334193901182
 14.225343335490718 0.7825041715311957
 14.815581090413152 0.7763497729266596
 15.412700062722392 0.7701948714638666
 16.016860280729755 0.7640151977686102
 16.628061744435247 0.7577777289686148
 17.246517824920623 0.7515195125505219
 17.872175179415446 0.7452937851164043
 18.505140493460598 0.7389388149419605
 19.145573795367397 0.7324435443330942
 19.793528427906285 0.7258370355476663
 20.449057733847702 0.7190556535548192
 21.11232174150297 0.7121399505217384
 21.783320450872093 0.7051235954142221
 22.46216054749594 0.6979189391998121
 23.14900205968584 0.6905447081047168
 23.843898330212237 0.683035407047908
 24.54690270184556 0.6753080485510592
 25.258175202897142 0.6673206847522959
 25.977769176137418 0.6590583410612626
 26.705791307107262 0.6504743601167593
 27.442348281347567 0.6415538569697607
 28.187546784399206 0.6322861297125257
 28.941440159032627 0.622596314671417
 29.70418843355914 0.6124351554743928
 30.475844950749188 0.6017800986495658
 31.256569738914102 0.5906460840332928
 32.04641614082431 0.5791093373237325
 32.8454908420207 0.5672177488818149
 33.653900528044154 0.5549945081225462
 34.471805227205984 0.542453049276284
 35.29931162504708 0.5296240345472597
 36.13647306433788 0.5165004164026374
 36.983396230619256 0.5030580713987143
 37.840241152202545 0.48932573523465206
 38.707114514628614 0.47535710956567984
 39.58412300343835 0.4611786345285682
 40.47137330417264 0.4468034547186202
 41.36902544514278 0.4323060381743333
 42.27713276911924 0.41775971648168797
 43.195855304413335 0.40316786090501966
 44.125353079336364 0.3885402894306619
 45.0656794366588 0.37388927400275945
 46.016994404691935 0.3592678580721722
 46.97940466897667 0.3447409940539571
 47.953070257824315 0.3303432799620851
 48.93809785677575 0.3161059122849077
 49.934647494142304 0.3020725143612941
 50.94277251269441 0.28822936102495444
 51.96268628351383 0.2745139319544075
 52.994548834911896 0.26094852332349483
 54.038360166888594 0.24757380790919656
 55.094547021607454 0.234500634787977
 56.1630027135276 0.22181601862511888
 57.243727242649015 0.2094274387652459
 58.337254036676114 0.19736911860510845
 59.4430496679045 0.185629639601941
 60.56218099174297 0.1742752290550518
 61.694114580487124 0.16339206804141096
 62.83938386184136 0.15297378232912892
 63.997988835805685 0.14304550483674022
 65.17046293008451 0.13358281641401967
 66.35627271697341 0.12451073165462935
 67.55541819647239 0.11574748429347646
 68.76896622399028 0.10744012642365
 69.99691679952706 0.09978703714097764
 71.23873649537832 0.09280723304915418
 72.49495873924849 0.08645264297524832
 73.76611695884193 0.0806975785402003
 75.05167772645429 0.07548123018982424
 76.35270789749433 0.0708181681489635
 77.66867404425768 0.0666862578474647
 78.99957616674433 0.06294043713151481
 80.34594769265867 0.05950531694069281
 81.70832204970513 0.05643173707543323
 83.08616581017927 0.05374154508090734
 84.48054582948993 0.051366534362726285
 85.89092867993268 0.04928480870619534
 87.31731436150756 0.04746133885813673
 88.76023630191894 0.045746222048383085
 90.22022792887121 0.044057706070959136
 91.6972892423644 0.04252518436222061
 93.19088681469411 0.041249194929297205
 94.70262092897353 0.04017311824369146
 96.23089130208945 0.039170860337963895
 97.77783164485949 0.03820718432566719
 99.34184167417045 0.03721584595271383
 100.92452167313553 0.03607386777696505
 102.52533821405034 0.03474653481159535
 104.14482472461927 0.033272491561916036
 105.78298120484229 0.031727695624988304
 107.43980765471946 0.03015773768412452
 109.11637092965955 0.02868010524537826
 110.81160417425376 0.02736414535338834
 112.5271076716153 0.0261727213141775
 114.26181456633537 0.025077412917780834
 116.01732514152717 0.02409089965140422
 117.79257254178191 0.023203344878630714
 119.58809019480395 0.02234900692948581
 121.40494495600215 0.021476663016886516
 123.2426033976721 0.020513416759523246
 125.10106551981377 0.019402990454057974
 126.981398177836 0.01822346708700642
 128.88306794403434 0.017088712502982904
 130.80714167381763 0.01604269681076663
 132.75308593948148 0.015074248690011387
 134.72143416873024 0.014147551162645305
 136.712186361564 0.01325859521753267
 138.72640937339148 0.012459618488808114
 140.7630363488039 0.01178614407180128
 142.82366757091447 0.011205925445785603
 144.90830303972322 0.01067675761845894
 147.01640932752574 0.010191193015600302
 149.14851986202638 0.009749813147479537
 151.30570149863397 0.009326498637008414
 153.48742080964414 0.008890130661025326
 155.69421122276128 0.008424222461981183
 157.92607273798538 0.00791709012438033
 160.18407221072525 0.00735895148552176
 162.4676762132765 0.006741684825412323
 164.77741817334348 0.006069847644772095
 167.11329809092626 0.0053773825686182245
 169.47638282143362 0.004723184839921656
 171.86667236486554 0.004158742334585881
 174.28363329351762 0.0036991000741501898
 176.72886589050313 0.0033330772705541228
 179.2018367281176 0.0030498235165217287
 181.7030792340654 0.0028539261671810985
 184.23312683605107 0.002759474331898036
 186.79197953407447 0.0027834958174349105
 189.37963732813571 0.002944556957031623
 191.99716707364348 0.0032557111322314637
 194.64510219830228 0.003705407131181241
 197.32237584670327 0.00423026222681992
 200.03058830195968 0.004723023063939529
 202.76973956407147 0.005082331910024625
 205.53982963303866 0.005265568006714183
 208.34139193656563 0.0053116116096325085
 211.17495990235685 0.005307642965433405
 214.04106695811666 0.005324515065488671
 216.9391796761407 0.005372140605896597
 219.87036491183775 0.005389342610352313
 222.83515609291217 0.0052735517698527905
 225.83355321936406 0.004937928106748224
 228.86555629119334 0.004360783885719384
 231.9327655915133 0.003591304032265774
 235.03411426491502 0.0026923987947506875
 238.1706691668074 0.0016994476663903797
 241.3424302971904 0.0006393909711687431
 244.55046451147282 -0.0004140422505779706
 247.79477180965472 -0.0013105788432211992
 251.07588561944044 -0.0018744817426024415
 254.39433936853436 -0.002012047405589003
 257.7495996292322 -0.0017664195292712212
 261.143266684647 -0.0012726145431991407
 264.5748071070745 -0.0006919529449801085
 268.0452877519234 -0.0001795285993225865
 271.55470861919383 0.00017591974352562892
 275.1036031365901 0.0003964028424774354
 278.6925047318166 0.0005524145537024269
 282.3219468325778 0.0006972376888841284
 285.9919294388736 0.0008437378187463862
 289.7035194061129 0.000933390055063316
 293.4567167342957 0.000848794628312738
 297.25152142342193 0.0005038653789021449
 301.0895337566049 -0.00006817248023414818
 304.9702203061401 -0.0007014967529233394
 308.8946479274364 -0.0012296944246863613
 312.86281662049373 -0.0016861161741081024
 316.8752598130166 -0.002207934968980314
 320.93251093270936 -0.0027116842223455628
 325.03510340727644 -0.0028500244627159385
 329.1835706644222 -0.0024082991925661484
 333.37844613185104 -0.0015371125535845586
 337.6202632372674 -0.00047423636470416173
 341.90902198067124 0.0005175494228359228
 346.24525578976693 0.0010719192443639407
 350.63003151996344 0.0009677129807034479
 355.06388259896505 0.0003396600280835758
 359.54627559906737 -0.00024020791425364028
 364.0788108033836 -0.0003189376059152837
 368.6620216396182 -0.0003969226908724138
 373.2953746800667 -0.0012875605294091128
 377.9804702078423 -0.0028620403683494444
 382.71730822294506 -0.004262239533625042
 387.5064221530794 -0.004998222417539039
 392.3483454259496 -0.005151824029037489
 397.2436114692602 -0.004679425525524012
 402.19328713842 -0.0031548924154955974
 407.1973724334289 -0.0003350403543016857
 412.2564007819914 0.002929438552502124
 417.3714390395162 0.004902396041294709
 422.54248720600333 0.004868864477775449
 427.77007870915736 0.003754803443137152
 433.05528040438685 0.002716652240476594
 438.39862571939636 0.0023200629647295314
 443.80011465418585 0.0025069292776795623
 449.26081406416415 0.002621224851495019
 454.78125737703556 0.002119603330481012
 460.3619780205046 0.0014770370303751285
 466.00404284998007 0.0010801204319209998
 471.7069184377575 0.00039989374224321374
 477.47220506695015 -0.0006688509947403909
 483.3004361652624 -0.0015733167784570056
 489.1916117326943 -0.0019109386489005197
 495.14733205235893 -0.0015497317358343329
 501.167063696552 -0.0006625160093727009
 507.25240694838675 0.0001382032565980229
 513.4038952355676 0.000038257007320217745
 519.6215285580944 -0.0014493759179616506
 525.9063737713759 -0.0037271770591362726
 532.2589643031168 -0.005423027336094723
 538.681967291839 -0.005660330011134383
 545.168448177385 -0.005008759406451237
 551.7296089415477 -0.00506380073298735
 558.3601153072827 -0.006532865859315981
 565.0653015516343 -0.00850165858137309
 571.8344991205142 -0.009179468709850452
 578.6837108450547 -0.007348527743540121
 585.6022681711677 -0.0040542720963458855
 592.5955053758971 -0.0018774200896560574
 599.6634224592431 -0.001816285884790078
 606.8060194212054 -0.0031578017757332684
 614.0232962617843 -0.005152314282484323
 621.3205872580237 -0.005879197986764375
 628.6978924099236 -0.0035102907241003375
 636.144543163396 -0.00039511582606449646
 643.6765423495729 -0.0001748126660089194
 651.2885556914104 -0.0021066005111003558
 658.9805831889083 -0.0031250018110411475
 666.7472905650228 -0.001613648536486872
 674.6046806508857 0.0019113713873253901
 682.5367506153653 0.00593520674000895
 690.5595032895934 0.009008032553416647
 698.6622701194821 0.010610821886893622
 706.8503853820752 0.01209352842013354
 715.1238490773729 0.014148982918066747
 723.4826612053753 0.0161703701249121
 731.9321560431262 0.017610385145087275
 740.4669993135816 0.017304567979325378
 749.0925252937856 0.014057336872532798
 757.8087339837382 0.008193772043239265
 766.6102911063955 0.0032323310079278426
 775.5078652158453 0.0011854401193929108
 784.4907877579996 0.0024709251487197545
 793.5750615639906 0.007555433771521318
 802.7446838026862 0.012261884712534948
 812.0156573052183 0.012798818441714818
 821.3773135174991 0.009684650882027326
 830.8349867165725 0.005640374321004505
 840.3940111794826 0.0029181174095229854
 850.0437183521414 0.0026563172468607953
 859.7947767886366 0.004323074951443193
 869.6471864889687 0.00497530799096602
 879.5956131760934 0.0004846791080388838
 889.6507254040987 -0.008619972133109262
 899.8018546188965 -0.0127902695291092
 910.0596693745752 -0.0067980289552889255
 920.4188353940905 -0.0018116627939108955
 930.8793526774424 -0.009229237834881887
 941.4518897787191 -0.019527470605650216
 952.1257781438325 -0.018642961417318145
 962.9063520498264 -0.008692429521349793
 973.793611496701 -0.0006816918465932005
 984.7928907615005 -0.001808461153076712
 995.8988555671807 -0.004773680812273572
 1007.1168401907855 -0.0026346185184422787
 1018.4468446323152 -0.002466798264743515
 1029.8888688917693 -0.008523008633112918
 1041.4429129691484 -0.01087264257356805
 1053.1089768644522 -0.0025526605402622408
 1064.8870605776808 0.00491634784104574
 1076.7878326629223 0.0035295473192508225
 1088.8006245660881 -0.003512121155872457
 1100.930770564223 -0.006834895086165104
 1113.1782706573265 -0.0011692229138448656
 1125.5431248453988 0.003323925415397068
 1138.0306674054839 0.0011957473240200333
 1150.6408983375818 -0.0005287534151672734
 1163.3684833646485 0.0008514909712352784
 1176.218756763728 0.005998011089446019
 1189.1970528118643 0.01026656618065895
 1202.2927029549694 0.008192611353625763
 1215.5217100241753 0.012359890465758033
 1228.8680711883499 0.02210454504127517
 1242.3477892786254 0.017538806847626934
 1255.9501957409138 0.000888379425456985
 1269.6806248522591 -0.01071540710375584
 1283.544410889705 -0.01612222947262817
 1297.536219576208 -0.018302506114029653
 1311.6613851888117 -0.017948124016873204
 1325.9145734504723 -0.019129378247315917
 1340.3064529152778 -0.015607827923783004
 1354.8263550291401 -0.007636450737972407
 1369.4849483461471 -0.00011913434957483944
 1384.2768985892553 0.0034611609790249236
 1399.2022057584643 -0.005437250232071284
 1414.266204130818 -0.022681758594623035
 1429.474227983361 -0.025351069491345374
 1444.8156087620046 -0.011878079141903313
 1460.295680743793 -0.003710944529503093
 1475.9144439287265 -0.003463256206805126
 1491.6772325938489 -0.0031382077257993625
 1507.5840467391602 0.0019515091450343146
 1523.6295520876165 0.004584452411556254
 1539.8244171933056 0.01362796430518495
 1556.1579735021396 0.02088897106450641
 1572.640889568207 0.02279478723729835
 1589.2678311144628 0.024981854468784395
 1606.0387981409076 0.024555676316533232
 1622.9644592016298 0.0236988650139621
 1640.0341457425407 0.034205517001232096
 1657.2531920406846 0.05113453461772174
 1674.6215980960612 0.05645332998560033
 1692.139363908671 0.05406152596113183
 1709.811823755558 0.04396771908720852
 1727.6336433596775 0.025689205328827302
 1745.6101569980742 -0.0008322605404527328
 1763.7413646707482 -0.02187984538601726
 1782.0219321006548 -0.03231380325356527
 1800.4625278418828 -0.03251609989325279
 1819.0578176173874 -0.025111152319967685
 1837.8078014271691 -0.01633043520397642
 1856.717813548272 -0.009705233415586063
 1875.7825197036518 -0.0057153388602998135
 1895.0019198933087 -0.0032388734426953836
 1914.3866826713304 -0.001369290944340632
 1933.9314737606735 -0.000051413791399979726
 1953.6309588842935 0.0007044780583921879
 1973.4958065962785 0.0011263346254180367
 1993.5206826195847 0.0014014175122616843
 2013.7055869542116 0.0016033092178202083
 2034.0558538772038 0.0017576959871965705
 2054.566149111517 0.0018768065059313515
 2075.2418069341957 0.001969441304149449
 2096.0774930681946 0.00204220685979567
 2117.083876067603 0.0021002542983346345
 2138.250287378333 0.0021465316747740584
 2159.587395554471 0.0021837118976960014
 2181.089866318975 0.0022145905011947986
 2202.7523653947997 0.002239319417118531
 2224.5855613360336 0.002259607310016706
 2246.5894541426765 0.0022772762226764658
 2268.7587095376844 0.0022928161764973337
 2291.0933275210573 0.0023066821286650873
 2313.5986423698396 0.002318356314398453
 2336.2746540840308 0.0023293881298529495
 2359.116028386587 0.002340025827479881
 2382.128099554553 0.002349464866174454
 2405.310867587927 0.002359278936106536
 2428.658998209667 0.0023689289452249636
 2452.18315997386 0.002378160775657733
 2475.8726843264176 0.0023874926638310276
 2499.7382398214286 0.0023969230447329105
 2523.7691579048046 0.0024067152701366975
 2547.97077285359 0.0024165979808829165
 2572.348418944828 0.0024268422300040226
 2596.891427624432 0.002437186335979225
 2621.610467446488 0.002447887387764668
 2646.500204133954 0.0024594824679391968
 2671.5606376868286 0.0024711759205311027
 2696.7917681051126 0.0024829667642998917
 2722.1935953888055 0.0024953865739836146
 2747.766119537908 0.002508182981659105
 2773.514674829463 0.0025213386584414014
 2799.4285927093833 0.002535134005581283
 2825.5185417317566 0.0025495691902652456
 2851.7738533424954 0.0025641114638725575
 2878.2051960956874 0.002579294449066832
 2904.8019014372435 0.0025951321637390366
 2931.5746379212533 0.002611618302825674
 2958.5127369936286 0.002628220823466955
 2985.626867208457 0.0026449257687700734
 3012.9063600116497 0.0026631019648998434
