 0. 0.
 0.2642937219086938 0.1137806087035943
 0.7959883395004692 0.3427001173537658
 1.3339386269863678 0.5737007650162521
 1.8782205641626746 0.805122210498576
 2.4288941350790885 1.0344083033881366
 2.9860526482573615 1.2584259216617608
 3.5497627526416053 1.473891610235972
 4.120097762070339 1.6777827234034914
 4.697137655276494 1.8676361968688984
 5.280962410993003 2.041700620091758
 5.871658672847206 2.198959691585783
 6.4692864248888045 2.339067668368303
 7.073918980956318 2.4622383275636186
 7.685689638937965 2.569117183683625
 8.304658382883444 2.6606574705972252
 8.930891861736866 2.738008026554497
 9.564456724442337 2.802421022529979
 10.20555291783219 2.8551771688184897
 10.854113792962314 2.897530646841764
 11.510272647720928 2.930669398470648
 12.17416277999625 2.9556917138985694
 12.84585083873239 2.973596100288681
 13.525470121817568 2.9852815059578823
 14.213020629251785 2.991553928516068
 14.908635658923258 2.99313386938052
 15.612448508720206 2.9906632634880412
 16.32452582758674 2.9847105031970758
 17.044934264466967 2.975776644333806
 17.773807117249113 2.9643015930450356
 18.511277683821387 2.9506712229440772
 19.257345964183795 2.9352238515942934
 20.012211905168666 2.9182543603195414
 20.775875506776 2.9000157013150707
 21.548603364782235 2.8807218446422653
 22.330328830243257 2.8605551643964033
 23.12118520104729 2.8396735335710717
 23.92137242402666 2.8182167004196774
 24.73095714812548 2.796306828847597
 25.550006022287857 2.774049125466213
 26.37871899334612 2.751534487273823
 27.21709606130027 2.7288433086535906
 28.065270524038525 2.7060479621370073
 28.923442328393214 2.6832137969862986
 29.791678123308447 2.660398950297343
 30.67004455772833 2.6376552646590423
 31.558741578485193 2.615026386943476
 32.45783583452315 2.592545953569921
 33.36746062373042 2.570239845117706
 34.287749243995215 2.5481312012815853
 35.21883499320577 2.5262450128177725
 36.16078452030617 2.5046109651132937
 37.11379777212876 2.483260508849512
 38.07794139761765 2.4622223536974053
 39.05341534360516 2.441521701848907
 40.040286259035405 2.42118396894346
 41.03868744179661 2.4012361038801786
 42.04875218977699 2.3817039986408237
 43.07068044980886 2.3625987023225417
 44.10460551978046 2.343905269002322
 45.15059404863588 2.32559134973742
 46.20877933426336 2.307624772687583
 47.279361323495216 2.289978601710744
 48.36247331421967 2.2726314927377453
 49.45824860432493 2.2555715840858954
 50.56682049169924 2.2387999929344495
 51.688388923174905 2.222328198016824
 52.823020547696046 2.2061676986180423
 53.970915312094995 2.190319543417144
 55.13227316320406 2.17477468473592
 56.30716074996738 2.1595183008085113
 57.49577801921726 2.1445320211804737
 58.69825826884194 2.129801502614431
 59.91480144567373 2.1153292874514364
 61.14554084760085 2.101130546658144
 62.390676421455645 2.0872145943732874
 63.65027481618221 2.073580425272994
 64.92460262755698 2.0602239070780146
 66.2138598024123 2.0471407585238666
 67.51804634074816 2.0343259873826036
 68.83769543411744 2.021780633733821
 70.17267378463193 2.009514611867369
 71.52298139229158 1.9975315596693919
 72.88928474653757 1.9858122307202013
 74.27091735792874 1.9743165740109652
 75.66921220534729 1.9630040338799746
 77.08350279935215 1.951861877788769
 78.51445562938439 1.9408921038552749
 79.96207069544401 1.9300775957311973
 81.42701448697214 1.9193930810031041
 82.90862051452766 1.9088200332710357
 84.40688877811054 1.8983415501693168
 85.92315225660302 1.8879419466488518
 87.45741095000508 1.8776138759821877
 89.00899836887562 1.8673681898351848
 90.57858100265577 1.85723974698256
 92.16682534078656 1.8472538970902417
 93.77306489382694 1.8374368228789135
 95.39863264065909 1.8278369088045288
 97.04286209184193 1.8184971692163718
 98.70575324737544 1.8094200095730926
 100.38797259670072 1.8005714097647134
 102.09018662925888 1.791908204046546
 103.81172885560879 1.783392810738858
 105.55393225463267 1.7750142725767495
 107.31613033688943 1.7667804119555424
 109.09832310237907 1.7586825035542935
 110.90117704054265 1.7507336809721585
 112.72535864082128 1.7429522372280217
 114.57086790321499 1.7353047335237475
 116.43703833828266 1.7277309948365818
 118.32586941434758 1.7202217066532917
 120.23536166308645 1.7128110134036216
 122.16818104226367 1.7055066078971763
 124.12232808355596 1.6982959513823188
 126.09980225528659 1.6912076798494804
 128.09993706801447 1.6843078523153472
 130.1233990111807 1.677613202184773
 132.17018808478525 1.6710767246667877
 134.24030428882818 1.6646335736469797
 136.33508060219165 1.6582207368568511
 138.45318404599345 1.651822140946768
 140.59661408855686 1.6454226115309885
 142.76403775099976 1.6390245829198784
 144.95745450164534 1.6326855695028015
 147.1755313616115 1.6264253014784527
 149.41893482033927 1.6201986914890694
 151.68899785671087 1.6139780122129928
 153.9850539812852 1.6077836307812587
 156.30710319406225 1.6016494084125326
 158.65647847392424 1.5955508112593622
 161.03251333143 1.589423426464853
 163.43654074546183 1.5832243578396796
 165.86789422657856 1.576962168237236
 168.3272402642213 1.5706515079612282
 170.81457885839006 1.5643229644949
 173.33124298796704 1.558025179686125
 175.87589967407 1.551766645247101
 178.4505483850223 1.5455394787409957
 181.05518912082388 1.5393190759307056
 183.68915539203368 1.5330889896454252
 186.35311368809278 1.5268811051282516
 189.04839698788334 1.52071399543517
 191.77433880196432 1.5146430527484356
 194.53160561977683 1.5087936789209566
 197.3201974413208 1.5031748197957826
 200.14144724547845 1.4976568351138202
 202.9946885428087 1.4921660742446612
 205.8805878227526 1.4867566695894543
 208.79914508531022 1.4814926418933538
 211.7516933093637 1.4763299531834204
 214.73823249491306 1.471135965729363
 217.7580961525172 1.4658953691431937
 220.81328375049944 1.460721147185438
 223.90312879941862 1.4556459701163684
 227.02829778871583 1.4505077470367473
 230.18945720783225 1.4451175402161434
 233.38660705676782 1.4395008278229808
 236.61974733552256 1.433735303653207
 239.89021102297863 1.4278427361964943
 243.1986646085772 1.42180682160268
 246.54377511343597 1.4155290250988517
 249.9275420058783 1.4090211836665387
 253.34996528590418 1.4024296114419303
 256.8110449535136 1.3958636234100898
 260.31144749814763 1.3894425317195802
 263.8518394092475 1.3830755213066186
 267.4328871762541 1.3766001699140882
 271.0539243097265 1.370071321859762
 274.7162837885468 1.3635291768339293
 278.42063210215605 1.3568102099587143
 282.1669692505544 1.3498808002814422
 285.95529523374177 1.342784389111447
 289.7876095200415 1.33551246153108
 293.66257913057126 1.3281520464983236
 297.58153704421335 1.3209176319240212
 301.54448326096775 1.3137851895316535
 305.5527507597167 1.306492105583126
 309.6063395404601 1.29896526815289
 313.7059160926391 1.2910785272888052
 317.8521469056948 1.2828462798782148
 322.04436549018607 1.274490764268682
 326.2845713144362 1.265974519921014
 330.57209788900417 1.2570995814787893
 334.9082781927721 1.2478532287207922
 339.29311222574006 1.238450757269922
 343.7272664773491 1.2289446327117173
 348.21140743704024 1.2192320233115643
 352.74620159425467 1.209329300058245
 357.3316489489924 1.1992986949374806
 361.9690824801355 1.1891546817587753
 366.65850218768406 1.178932446338228
 371.39990807163815 1.1686743269163833
 376.195299600321 1.1582236881570533
 381.04401028429146 1.1473836486042719
 385.94737310243175 1.1362179055619634
 390.9053880547419 1.124758810443799
 395.91872163066296 1.113112436486235
 400.988040319636 1.101316919133751
 406.1140106111023 1.0889367908568195
 411.2972989945027 1.0758772556008662
 416.53857195927844 1.0625495916764183
 421.83849599487064 1.048934536937836
 427.1970711012792 1.034589715090439
 432.61496376794526 1.0193998824853518
 438.09350697375106 1.003318696543603
 443.6333672081377 0.9862117450114077
 449.23387798166397 0.9683333643206035
 454.8970387626532 0.949895033504778
 460.62351604054663 0.930888830240141
 466.41264332590293 0.9115954155095766
 472.2664200870455 0.8921626883414997
 478.1848463239744 0.8723856436850922
 484.1685885261307 0.8521069608360936
 490.2183131829554 0.8311134128429172
 496.33468678388965 0.8093805605084656
 502.5190423078157 0.787246142966921
 508.77137975473346 0.7649280949506043
 515.0923656140841 0.742329479385434
 521.4833328647497 0.7191631210343636
 527.9442815067305 0.6955286398871576
 534.4758780294674 0.6718604999451954
 541.0794554118424 0.648422059561216
 547.755680143297 0.625125408692816
 554.5045522238311 0.6013179248118313
 561.3274046323266 0.5767555998695506
 568.2249038582249 0.552053696621389
 575.197716390967 0.5275817967041626
 582.2471752094352 0.5033514495108999
 589.3726138241882 0.4795759283639198
 596.5760317035493 0.4564609330183581
 603.8580953369598 0.4337348638549587
 611.2188047244196 0.4109437620561224
 618.6601593342518 0.38791622287105737
 626.1814926770157 0.3650660465643755
 633.7848042210342 0.3426090673187131
 641.4707604557486 0.319997417183261
 649.2393613811589 0.29740945771708155
 657.0919399761472 0.27634086232247523
 665.0291627301547 0.2573329306119288
 673.0543620903867 0.23930421612892214
 681.1588736941092 0.22161716650519664
 689.356693819585 0.2047750540843345
 697.6411575724032 0.18905514175763605
 706.0189298469749 0.17454402547503256
 714.476680854478 0.1610373779225415
 723.0344052781454 0.14817635625695735
 731.6787733291553 0.1357700659427755
 740.4164499019184 0.12375291967966191
 749.2474349964351 0.11184975469627932
 758.1717286127051 0.10007237417788566
 767.1893307507286 0.08844705568183062
 776.3069063049163 0.07772276064692606
 785.5244552752685 0.06843392278972069
 794.8286478729628 0.06020915994691936
 804.2394787812327 0.0530333394526894
 813.7502831056668 0.04673222308557305
 823.3610608462652 0.04076139518719603
 833.0651471086172 0.03540730418704512
 842.8825365759552 0.03144984799288774
 852.7932345650469 0.028532787520758288
 862.8172357591245 0.025647889564438187
 872.9412103693667 0.02286238263232072
 883.171823290184 0.020216601273279997
 893.5090745215766 0.01740491713888155
 903.9529640635446 0.014126718207103069
 914.5101568104989 0.011053646924165257
 925.1739878680283 0.0092887838161196
 935.9511221305441 0.008752865079480006
 946.8415595980462 0.008531250366123854
 957.8386353761235 0.008071341054233362
 968.9556792535981 0.007227152147750622
 980.1793614416479 0.006109125067692623
 991.5296766235059 0.0049652131596125216
 1002.9866301159392 0.0040384665153679325
 1014.5702166021806 0.003434420075398324
 1026.2671062934082 0.003110663207055843
 1038.0839640840331 0.0029717349675180338
 1050.0274548684663 0.0029389289254981928
 1062.0842488578855 0.002929761498734139
 1074.267675841113 0.0028430284070312607
 1086.5777358181488 0.0026343268669431455
 1099.0077638945816 0.0023516536503802726
 1111.5710898592336 0.0020685915487334903
 1124.2543839232826 0.0018221187844041369
 1137.070975875551 0.0016114586467918313
 1150.0142008216274 0.0014183083747224315
 1163.084058761512 0.0012062107647558915
 1176.2938794840268 0.0009456156245482702
 1189.6303332003497 0.0006677921517967395
 1203.1000848048916 0.0004375917686432283
 1216.7031342976527 0.0002807353457042351
 1230.446146573044 0.00018215271637926034
 1244.3224567366542 0.00012173657326288374
 1258.3387296828944 0.00008419742767797801
 1272.494965411765 0.00005980915407482084
 1286.7911639232655 0.00004514923075657819
 1301.227325217396 0.000038108615067067626
 1315.8034492941565 0.00003515045595556014
 1330.5195361535475 0.000033129929347297605
 1345.3889155843904 0.0000310372477649016
 1360.398257797863 0.000028460969173413254
 1375.5542276883766 0.00002388022445774453
 1390.8568252559317 0.000017074925399552373
 1406.3060505005276 0.00001044452058104957
 1421.9085683165754 0.000005907600760520249
 1437.6643787040753 0.0000035449751650259382
 1453.5668167686163 0.000002605709803796395
 1469.6225474046091 0.000002195544779338348
 1485.8382355064648 0.000001841838559502741
 1502.2005512853618 0.0000014773433065784183
 1518.7294894245324 0.0000011455232774676923
 1535.4050552407443 8.75795608651872E-7
 1552.24724341723 6.719963048810637E-7
 1569.2427241651676 5.221610183413566E-7
 1586.3981623789684 4.008535162564293E-7
 1603.7202229530428 2.870425625972467E-7
 1621.2022409929803 1.8309142206730437E-7
 1638.8508813931917 1.0166610954720518E-7
 1656.659479259266 5.086461534256262E-8
 1674.6413643800252 2.5157277792969856E-8
 1692.7832069666474 1.3012027205587294E-8
 1711.0983368079542 7.054529546621799E-9
 1729.5800890095352 3.935603658586857E-9
 1748.2284635713897 2.257917021338755E-9
 1767.0501253879293 1.3318648420923472E-9
 1786.051739353565 7.778673639924407E-10
 1805.2199756794741 4.694249310864266E-10
 1824.561499260068 3.181278327821025E-10
 1844.0763100953475 2.3517436247664546E-10
 1863.771073079722 1.6698636617848334E-10
 1883.6457882131926 1.0595283516502935E-10
 1903.6937906013482 5.870589162395959E-11
 1923.9284100330103 2.8921662356588264E-11
 1944.3363167193575 1.3366439016898422E-11
 1964.9308404492117 6.21921181984902E-12
 1985.7053163281612 2.951880680633725E-12
 2006.6597443562066 1.298507227467292E-12
 2027.80745432217 4.2992082715979617E-13
 2049.135116437229 1.0037635072172888E-13
 2070.649395595795 1.834027305639996E-14
 2092.350291797867 2.8832237178272984E-15
 2114.2378050434468 4.56433075516903E-16
 2136.318600226944 1.377040423944214E-16
 2158.5860124539477 6.464667044729438E-17
 2181.046706618869 2.8363612953354187E-17
 2203.7006827217087 1.3496830237137473E-17
 2226.5412758680545 7.949941003601777E-18
 2249.5818158467296 4.8443825263693616E-18
 2272.815637763322 2.871009560661421E-18
 2296.242741617832 1.60860169716966E-18
 2319.8697923046707 8.100973791091266E-19
 2343.6901249294274 3.6990791831788444E-19
 2367.7037394921017 1.619806469733929E-19
 2391.9239657815156 7.017728080593786E-20
 2416.3441389032578 3.032932724392657E-20
 2440.9575939629185 1.3227876023010806E-20
 2465.7776607493183 5.804084302842357E-21
 2490.797674368047 2.521948132480202E-21
 2516.0176348191044 1.0610282459717152E-21
 2541.4442069969014 4.256701870148147E-22
 2567.0707260070267 1.6359634846817786E-22
 2592.9038567438924 5.74396251455755E-23
 2618.936934313086 1.6889751263038022E-23
 2645.1832885034305 3.8011500136984266E-24
 2671.629589526104 6.103272082355097E-25
 2698.2891671699276 6.849688436639427E-26
 2725.155356540491 5.605943799559023E-27
 2752.2214927433834 3.617174926862272E-28
 2779.500905567426 1.9397976112446743E-29
 2806.993595012619 8.867032244821205E-31
 2834.692896184552 3.5930603327483136E-32
 2862.5988090832248 1.3842646374146213E-33
 2890.7179986030483 5.362210703378682E-35
 2919.0504647440216 2.0571748183183718E-36
 2947.589542611735 7.468062788908975E-38
 2976.341897100599 2.5040427891721758E-39
 3005.3075282106133 7.72936431856361E-41
 3034.4797710473676 2.2082312833630442E-42
 3063.8719553996834 5.883240217809093E-44
 3093.4707514787387 1.4725323605206673E-45
 3123.2894890733555 3.485305554645969E-47
 3153.3148383947123 7.84510438696653E-49
 3183.5534643372193 1.6874075600223888E-50
 3214.0120317952883 3.482173300581046E-52
 3244.677210980097 6.917247773303843E-54
 3275.5623316804663 1.3262946884887782E-55
 3306.660729001987 2.4597997990432028E-57
 3337.972402944658 4.420118084800508E-59
 3369.4973535084796 7.705385446429501E-61
 3401.235580693452 1.304383448441373E-62
 3433.1870844995747 2.145869853022731E-64
 3465.3585298212593 3.433003926393797E-66
 3497.7365868696834 5.344180519058714E-68
 3530.334585433669 8.09997535359484E-70
 3563.1391957243936 1.1960479508316994E-71
 3596.1637475306807 1.7216855011505944E-73
 3629.394911063707 2.4179784594701183E-75
 3662.846016112295 3.3255829977092035E-77
 3696.5037328876224 4.702321165096928E-79
 3730.381391178512 9.95742413512673E-81
