 0. 0.
 0.26192572442822415 0.11414517177840686
 0.7888565076551727 0.3420374261045484
 1.321986911731867 0.5707703785102347
 1.8613922356969679 0.7984149327669642
 2.4071319261599453 1.0218541123654667
 2.9592984556244164 1.2375263762673867
 3.517957875878681 1.4420899791530883
 4.083182843889868 1.6328307572653715
 4.655052621803937 1.8078296996000578
 5.233646471766845 1.9659685973439247
 5.819050261103382 2.106845572531107
 6.411323436423018 2.230649431229732
 7.01053865469288 2.338021870697591
 7.616828019489567 2.429923810018005
 8.230250977422546 2.5075162949300274
 8.85087358028012 2.57206078763494
 9.478761879850586 2.6248432526560057
 10.11411403149884 2.6671201485289915
 10.756863983436586 2.700084470677915
 11.407143839240419 2.724846156751658
 12.065085702486938 2.7424231392913083
 12.730755624964441 2.7537384155808304
 13.404285710249528 2.7596199270657094
 14.0856759583422 2.7608044954643356
 14.775058472819051 2.7579443146193405
 15.47256535725668 2.7516162808700075
 16.17826266344339 2.7423307099764562
 16.892216443167474 2.730537954207897
 17.61455880000554 2.716633285719394
 18.34542183753417 2.700960164497552
 19.08480555575338 2.6838160240970432
 19.832908110028058 2.6654602006358616
 20.589729500358207 2.6461190992231773
 21.355533933897025 2.625986004284231
 22.130255358856207 2.6052226992160246
 22.914025878812357 2.583967675569427
 23.707043649130366 2.5623446565712844
 24.509374721598537 2.540468383820275
 25.32108514800517 2.5184455015526948
 26.14237308371516 2.4963754252173707
 26.973238528728512 2.474349643311048
 27.813813586621812 2.4524492598436303
 28.66429641275997 2.4307390870571743
 29.52475305893128 2.4092660084739395
 30.395249576924037 2.3880651423598267
 31.275984122103143 2.3671701643753305
 32.1670227462569 2.3466163877189534
 33.068497552961894 2.3264357996836678
 33.98054064579473 2.3066516100696273
 34.90328412833202 2.287283687654414
 35.836794052362045 2.2683534263135003
 36.781268573249704 2.2498834146999167
 37.73677374278329 2.2318908675304847
 38.70350771632772 2.2143767684899167
 39.681536545671285 2.197320615145321
 40.670992334390576 2.180695834432052
 41.672007186062196 2.1644891949673255
 42.68477925605104 2.148702741831648
 43.709440647933704 2.1333401462310664
 44.74605741349849 2.1183930648345144
 45.794761656322 2.1038484391711934
 46.85575153176913 2.0897064051972785
 47.92915914341648 2.0759761470054814
 49.01511659484063 2.0626571367277426
 50.11375598961819 2.04973906190512
 51.22527548311407 2.037216411158393
 52.34974112711655 2.025092560058641
 53.48735107699055 2.013371318975816
 54.63830348810093 2.002045424096871
 55.80266441223603 1.9910925089839073
 56.98063200476071 1.9804805091965234
 58.1723383692516 1.9701711016281915
 59.377981661073576 1.9601381199575114
 60.59769398380324 1.9503749095378977
 61.8316734928055 1.9408718173088209
 63.07998623986864 1.9316037408794065
 64.34289643214586 1.922543163658676
 65.62060222500206 1.913676351484872
 66.91310361843725 1.904999648104677
 68.22092902675782 1.8965181101737494
 69.54394634638714 1.888247532074141
 70.88215557732524 1.880208197396969
 72.23621723745511 1.8724165119891636
 73.60547080889376 1.8648763128231642
 74.99123732740716 1.857573171697083
 76.39285627511232 1.8504734143739618
 77.81098816989224 1.8435292468685043
 79.2456330117469 1.8367085435206238
 80.69745131855933 1.830011628038633
 82.1657825724465 1.8234641449183298
 83.65062677340842 1.817100518759155
 85.15330495721109 1.8109369553475414
 86.67381712385448 1.804977718521004
 88.21150275545563 1.7992318897252715
 89.7670223698975 1.7936962870015971
 91.3410364850631 1.7883514650690884
 92.93288458306944 1.7831693649907212
 94.54388769968249 1.7781249293975256
 96.17338531701927 1.7732123966734221
 97.82137743507975 1.7684291624167607
 99.48852457174698 1.7637605768938156
 101.1754872449039 1.7592024812925628
 102.88160493666754 1.7547455530315748
 104.60819868280386 1.7503634291798311
 106.3546079654299 1.7460344172640172
 108.12083278454566 1.7417434128647324
 109.9075336580341 1.7374782163184983
 111.71537110377821 1.7332393454522543
 113.54434512177802 1.7290398940746599
 115.39379519415054 1.7248851581513027
 117.2657028745447 1.7207741878401075
 119.15808660931157 1.7166927575588422
 121.07358846998308 1.7126160999881697
 123.01022690291029 1.7085257308667376
 124.96998346174216 1.7044225197243177
 126.9521976285957 1.7003165495961587
 128.95752992135388 1.6961916253080573
 130.9859803400167 1.6920197959187107
 133.03754888458423 1.6877976733198716
 135.11355659082236 1.6835456790034868
 137.21268242296517 1.6792791104163727
 139.33690793466158 1.6750041833662284
 141.48491209014566 1.670737332593529
 143.65867644306633 1.6664835715900432
 145.85687995765764 1.6622431714881118
 148.0801831518026 1.6580250373774092
 150.32990706126716 1.6538168974274114
 152.60539116816832 1.649587142833457
 154.9066354725061 1.6453256080290364
 157.2349610100465 1.6410382207272542
 159.5897072629065 1.6367568695963972
 161.97219526685208 1.6325380071032607
 164.38176450400027 1.6284161803725978
 166.81907549223402 1.6244105896938887
 169.28412823155338 1.6205059938420057
 171.7782437577243 1.616657029222801
 174.3001010349808 1.6128226854778924
 176.85168161697186 1.6089549401868213
 179.4329855036975 1.6049812395075982
 182.0433521772747 1.6008253950578395
 184.68344215558645 1.5964598668986862
 187.35457647439873 1.5918967471206018
 190.05609461582856 1.5871844685017342
 192.78865709775897 1.582394003381367
 195.5522639201899 1.5775728099247772
 198.34823611888729 1.5727448219018096
 201.17591317596828 1.5679177390736263
 204.03595560931575 1.5630647623439349
 206.92836341892976 1.5581437313248818
 209.85445764057624 1.5531317850784168
 212.81423827425525 1.5480307556915334
 215.80704480208374 1.542826004450717
 218.83485877771076 1.5374967549762002
 221.89701968325323 1.5320206016988294
 224.99418803659415 1.5263547431412752
 228.1270243556166 1.5204364123477163
 231.2955286403205 1.51421896972868
 234.4997008907059 1.5077057954281843
 237.74086214253867 1.5009130544878877
 241.01967291370195 1.4938870081566096
 244.33481216842966 1.486732926201045
 247.6882614603708 1.4795557898156722
 251.08002078952538 1.4723232820209835
 254.51009015589338 1.464926773122321
 257.9791300773578 1.457348885708308
 261.48780107180164 1.449651701791801
 265.0367636571079 1.4418599042776579
 268.62535731539356 1.4339444737988418
 272.2549030824246 1.4259106211633388
 275.926061476084 1.417814806007038
 279.63883249637183 1.4097494134318038
 283.393216143288 1.4017020913208629
 287.19119397048155 1.3935521618257933
 291.03144494218645 1.385214606805283
 294.9152900941687 1.376641363199549
 298.8427294264283 1.3678058859921616
 302.8150839747313 1.3586890153120226
 306.8323537390776 1.3492442258392388
 310.8951992373502 1.3394127564051277
 315.004280987432 1.329134072955154
 319.1589384714403 1.3184247061657446
 323.3611532430238 1.307399555771949
 327.61026478429966 1.296100420859545
 331.90759413103376 1.284488072243458
 336.25314128322617 1.2726182694156751
 340.64756675875987 1.26057137474686
 345.0915310755178 1.2482992337392982
 349.58569475138296 1.23566265131552
 354.13005778635545 1.2225188019010682
 358.7259412162011 1.2088206353861464
 363.37334504091996 1.194618718040689
 368.07226926051214 1.1800156212281878
 372.8246954286265 1.1651512082742632
 377.6299630273801 1.1500564905169406
 382.4893930925388 1.1346682142548075
 387.40298562410277 1.1189307138431244
 392.3714011399549 1.10286946510702
 397.3953001579782 1.0865692414339319
 402.4753431960557 1.0699684650894863
 407.61219077207033 1.0529231336713718
 412.80650340390514 1.03542015792596
 418.0589416094431 1.017554548185269
 423.3695053886841 0.9993182087540752
 428.73885525951124 0.9806896957235359
 434.16831225769056 0.9616694393988708
 439.6585369011049 0.9421968799885906
 445.2088686718714 0.9222951202810912
 450.82128912363896 0.9020735402743704
 456.49645877429066 0.8816723473449337
 462.2337171059433 0.8609656911442478
 468.03504567224604 0.8396414592727437
 473.9004444731989 0.8176091056667935
 479.83057402668476 0.7949828411655552
 485.82609485058657 0.7721401129712622
 491.8876674627874 0.7493027038242235
 498.01661289905337 0.7263464468404869
 504.21293115938425 0.703183176765892
 510.47728276166316 0.6798728039427255
 516.8109887416559 0.6563896941301566
 523.2140490993628 0.6327337971457866
 529.6871243526666 0.6090117597532114
 536.2315355373332 0.5852741697057917
 542.8479431712459 0.5614328895093065
 549.5363472544045 0.5376006959609032
 556.2980688225749 0.5139042149854114
 563.1337683936403 0.49022622787941594
 570.0441064854836 0.4666819501117234
 577.0304041338708 0.4434900750119622
 584.0920008209188 0.42076675360140753
 591.2308781002766 0.39868534682158097
 598.4476964898273 0.3772764743457634
 605.7424559895709 0.3564421051768093
 613.1171381531562 0.3363366938415433
 620.5710824627005 0.3172461366617019
 628.1062704718524 0.2991649114901541
 635.7233626984952 0.28181998730082747
 643.4223591426288 0.26507191401218794
 651.204580840019 0.24922247360581212
 659.0706883085492 0.23458882818584537
 667.0239841376339 0.22124709647249835
 675.0558815947944 0.2091930714622287
 683.1802515555736 0.19834344184477662
 691.3904888411416 0.188391972913191
 699.6931986303282 0.17921647168647153
 708.0751705654736 0.17112398669184414
 716.5562201830675 0.16427924790596096
 725.1231371254502 0.1585072873465814
 733.7825265714514 0.15339835113752504
 742.5343885210713 0.14869906016981682
 751.3787229743098 0.14436592530323256
 760.315529931167 0.1404297119360978
 769.3514145704726 0.13696151284842334
 778.4863768922269 0.13405532417007424
 787.7072065387697 0.13170622847826424
 797.033719046591 0.12974609449828187
 806.4593092368609 0.12804305095412657
 815.9839771095793 0.126532655570898
 825.6011174859165 0.1251230947349336
 835.3305459023617 0.12384177409068664
 845.1524468224259 0.12271300141794383
 855.086635782598 0.12178346146793309
 865.1199024252189 0.12115981979768602
 875.2588519291181 0.12081565312018629
 885.5034842942958 0.12059993018248044
 895.853799520752 0.12040147785981005
 906.3164027873165 0.12023375433261048
 916.8846889151594 0.12020333073096418
 927.5652630831106 0.12040373301196068
 938.3581252911702 0.12093158728171617
 949.2566703605081 0.12188505457066368
 960.2741086487844 0.12326131855290169
 971.397229798339 0.1248781953584836
 982.6458493456619 0.12640177776333444
 994.000151754263 0.12742871802922628
 1005.4799525606322 0.1275452440560581
 1017.07204140711 0.12650547942719442
 1028.7830234725259 0.1243846282717455
 1040.6195039357099 0.12142424214397773
 1052.5682724390022 0.11789062524480287
 1064.6425393400627 0.1141515985943228
 1076.8423046388914 0.11078412202334786
 1089.1609631566585 0.10845324238690128
 1101.6117252510232 0.1075134545959816
 1114.1813805643262 0.10765153740746249
 1126.8831394542276 0.1082626687186984
 1139.7103967418968 0.1090446725420581
 1152.6631524273341 0.11013674655085917
 1165.7546168681997 0.11184140137133425
 1178.9715797068332 0.11416296040992156
 1192.3206461220648 0.11678480252449071
 1205.8018161138941 0.11945316189907035
 1219.4216948611518 0.12196258134731267
 1233.1736771850074 0.12392744241514879
 1247.0643682642908 0.12501530925625332
 1261.0937680990023 0.1253069336103101
 1275.2618766891417 0.12539909230031632
 1289.5686940347089 0.12595937619614853
 1304.0142201357041 0.12716756499857784
 1318.5984549921275 0.12878375576251883
 1333.3346089616384 0.1307083139343068
 1348.2094716865772 0.13277599378187963
 1363.2296483457737 0.13430798237298047
 1378.3951389392284 0.13465313472642262
 1393.7059434669409 0.1341897135807901
 1409.168667107741 0.13394829654899731
 1424.7833098616288 0.13480595434936174
 1440.5432665497747 0.13684767606682852
 1456.455142351008 0.13889886368136553
 1472.525542444159 0.13980355178650833
 1488.741256471568 0.14014792038842844
 1505.1220999697243 0.1410026131645709
 1521.6482574021388 0.14188101285363156
 1538.3395443053007 0.14103666052486968
 1555.1827503215502 0.13897290911501325
 1572.1844806297177 0.13760260786859937
 1589.3513404086323 0.1373417248820341
 1606.6767244794646 0.1377607079321422
 1624.1672380210448 0.13864829643528717
 1641.8162758545425 0.13875980863801404
 1659.6370483376174 0.138013714322773
 1677.6163451126101 0.13741971302966965
 1695.7673765371803 0.13729410312513965
 1714.0835374324981 0.13680291704593583
 1732.564827798563 0.13476811535612163
 1751.2178528142058 0.13180665671431366
 1770.049217658256 0.12895139269171385
 1789.0457119730536 0.12578763298183504
 1808.2139409374286 0.12288717623544408
 1827.5539045513813 0.12102227952574868
 1847.072207993741 0.12007379409994784
 1866.768851264508 0.11942946169836684
 1886.6372291848527 0.11802962796443361
 1906.6905521124345 0.11582726172572815
 1926.9156096895938 0.11411425249345393
 1947.3256122739908 0.1124019846265728
 1967.9139546867946 0.10925619220192012
 1988.6806369280057 0.10608942950848843
 2009.6388693552844 0.10494439119490175
 2030.77544161097 0.10464574468173589
 2052.096958873893 0.10490013919022889
 2073.6034211440533 0.10654917307119188
 2095.294828421451 0.10782223134838106
 2117.1777858849155 0.1090761187248096
 2139.2456883556174 0.11148799196547718
 2161.5051410123865 0.11121888605971024
 2183.9561438552228 0.10703375853592005
 2206.5920917052963 0.10139020912831652
 2229.426194920267 0.09672570122026353
 2252.4518483213046 0.09340129788215353
 2275.6690519084095 0.08961565767129588
 2299.0844108604115 0.08395976339831612
 2322.69131999848 0.07720019102477566
 2346.4897793226164 0.07058746560294396
 2370.4929991904796 0.06406030251895871
 2394.69437442324 0.058398266712931864
 2419.0872998420673 0.055195130667217124
 2443.6849858046216 0.05401747048860009
 2468.480827132073 0.05329955321135343
 2493.474823824421 0.05241793476042037
 2518.673581060497 0.051481737036194714
 2544.070493661469 0.05046444355392364
 2569.6721668061687 0.04905005765107412
 2595.471995315765 0.04744398845053415
 2621.4831895479183 0.044689837257365264
 2647.692539144969 0.03917419986689468
 2674.113254464576 0.03276730951375125
 2700.73873032791 0.02674588059456357
 2727.5623615561412 0.02076728345973524
 2754.5973585069296 0.016644848656751126
 2781.8437211802743 0.01426270860336145
 2809.2948443973464 0.012055852439190108
 2836.950728158145 0.009962561832183726
 2864.817977641501 0.008248395119032496
 2892.896592847413 0.006907302880123882
 2921.1799685970527 0.0058434265636019165
 2949.6747100692496 0.004979873465934758
 2978.3808172640024 0.004266400574977542
 3007.291685002483 0.0036696223744061797
 3036.4205236423495 0.003166085159164987
 3065.754122825944 0.002738482679042556
 3095.3056929109243 0.0023735660483226733
 3125.0620235396323 0.0020609161039053295
 3155.0297198908966 0.0017921766733907554
 3185.2153871435476 0.001560546966799949
 3215.605814939926 0.0013604306813636078
 3246.214213637691 0.0011871829512859035
 3277.0339780580125 0.0010369222407533732
 3308.0651082008912 0.0009063866850563394
 3339.307604066327 0.0007928223033877192
 3370.7614656543196 0.0006938944035781116
 3402.4266929648684 0.000607616667026921
 3434.3098911768047 0.0005322936956243555
 3466.397849932468 0.0004664741549887998
 3498.7037795895176 0.0004089123143047128
 3531.214469790294 0.00035853625565905085
 3563.9431308924577 0.00031442152080755654
 3596.876552538348 0.00027576910195024017
 3630.027945085625 0.00024188712737641544
 3663.384098176629 0.00021217534921969664
 3696.9582221690202 0.0001861121982795514
 3730.7371067051376 0.00016324375161207242
 3764.7273569638123 0.00014317442584972672
 3798.922367766214 0.00012555904537183066
 3833.3353494700027 0.00011009606418925993
 3867.9464865386885 0.00009652179932990258
 3902.77559450876 0.00008460544806814287
 3937.8028578437293 0.00007414483472893878
 3973.041486901256 0.00006496272967155493
 4008.491481681339 0.00005690366893092204
 4044.139631826319 0.000049831211584019454
 4079.992542515026 0.000043625554847600173
 4116.05021374746 0.00003818146328718063
 4152.312645523621 0.00003340646720033088
 4188.779837843508 0.000029219293473234337
 4225.445185528293 0.000025548495253341318
 4262.315293756805 0.00002233125493778894
 4299.376952171384 0.00001951233452855993
 4336.64337112969 0.00001704316190805526
 4374.107945452894 0.000014881024403324788
 4411.770675140993 0.000012988364030264967
 4449.624955015161 0.000011332157125578183
 4487.6773902542245 0.000009883371137849095
 4525.921375679357 0.000008616485509799334
 4564.356911290554 0.000007509070540232899
 4602.983997087821 0.000006541417393693232
 4641.802633071154 0.0000056962117164035955
 4680.812819240554 0.000004958246730193693
 4720.007950417191 0.000004314170311598623
 4759.381421422236 0.000003752262217514724
 4798.946442613348 0.0000032622378220875706
 4838.6964088116965 0.0000028350752872629207
 4878.624714838453 0.0000024628632937639465
 4918.731360693617 0.000002138666593145073
 4959.016346377188 0.0000018564082012957571
 4999.4862770679965 0.0000016107649519478501
 5040.121337229552 0.0000013970759677223193
 5080.934737219515 0.0000012112618223082871
 5121.919871859056 0.0000010497535600759896
 5163.070135969344 9.094299915439137E-7
 5204.39213472921 7.87562890019021E-7
 5245.879262959824 6.817683331424016E-7
 5287.538125840014 5.899642793818504E-7
 5329.348907833292 5.103331176240943E-7
 5371.324819297319 4.4128877892358685E-7
 5413.4592550532625 3.8144787514990147E-7
 5455.7522151011235 3.2960432731207384E-7
 5498.197094262073 2.8470711238706443E-7
 5540.7938925361095 2.458407456158449E-7
 5583.542609923234 2.1220818688862944E-7
 5626.436641244616 1.8311578776085463E-7
 5669.475986500256 1.5796018251221394E-7
 5712.660645690154 1.3621676217584273E-7
 5755.9906188143095 1.1742960572053306E-7
 5799.452695515064 1.0120265991710079E-7
 5843.060086150075 8.719202832200284E-8
 5886.792975182855 7.509924521350942E-8
 5930.6645729710635 6.466537455457922E-8
 5974.661669157039 5.566588463561799E-8
 6018.784263740783 4.790615281948725E-8
 6063.032356722295 4.12175582199129E-8
 6107.399342922746 3.545406652633536E-8
 6151.891827520964 3.048926068173992E-8
 6196.496600159292 2.6213751210461213E-8
 6241.220266016557 2.25329177072563E-8
 6286.0496147351 1.9364951357675186E-8
 6330.991251493752 1.6639147761104934E-8
 6376.038571113682 1.42944229258292E-8
 6421.184968416061 1.22780252638305E-8
 6466.437048579718 1.0544416603350132E-8
 6511.781601246994 9.054299175927266E-9
 6557.225231596718 7.773774913335675E-9
 6602.761334450061 6.673613436510651E-9
 6648.3766994493635 5.728617156789698E-9
 6694.084536952284 4.917074243263159E-9
 6739.858426243503 4.2202819898156345E-9
 6785.76441911132 3.6221351587702327E-9
 6831.736463767437 3.108771453600202E-9
 6877.708508423555 2.668261126076025E-9
 6923.81265665627 2.2903431053558616E-9
 6969.982856677282 1.966193106992637E-9
 7016.219108486595 1.6882260717033973E-9
 7062.5214120842065 1.4499250373308582E-9
 7108.823715681818 1.2456926303440887E-9
 7155.258122856028 1.070723532764477E-9
 7201.692530030237 9.20894735546953E-10
 7248.259040781045 7.926708559407487E-10
 7294.759499743554 6.830225014473343E-10
 7341.39206228266 5.893581578761491E-10
 7388.024624821767 5.094622571116696E-10
 7434.723239149174 4.414454575563737E-10
 7481.42185347658 3.8370137139984073E-10
 7528.120467803985 3.3487167599190114E-10
 7574.885133919691 2.9381544706822926E-10
 7621.715851823693 2.595894647780527E-10
 7668.546569727697 2.3143243830349613E-10
 7715.311235843402 2.0875873764724174E-10
 7762.2080055357055 1.911568711534111E-10
 7809.038723439709 1.784017994520376E-10
 7855.935493132011 1.7048169892626287E-10
 7902.766211036015 1.6747864438589376E-10
