 0. 0.
 0.25761715165407756 0.06961080188981313
 0.7758801355213893 0.1933659499165414
 1.300240758970049 0.30412651015257747
 1.8307730823998298 0.40310020859262646
 2.3675355745473956 0.4913950744451057
 2.910619186780888 0.5700880923861501
 3.4600888843632682 0.6402497741803005
 4.016016129083789 0.7029253369363744
 4.578478879258003 0.7591006466402981
 5.14755509320146 0.809673108768649
 5.723329225756009 0.8554347659653057
 6.305859745658311 0.8970666344348794
 6.895218114697623 0.9351410930452653
 7.491534263399861 0.970129641894565
 8.094866660501689 1.0024146542379735
 8.70528027126607 1.0323034901830999
 9.322840060955956 1.060042795147465
 9.947740925360229 1.0858321124324104
 10.579917899215932 1.1098352026250098
 11.219500913048979 1.132189177705572
 11.866619897385288 1.1530115295662655
 12.521339817487823 1.1724054229632552
 13.183790603882498 1.1904628194674918
 13.853972256569316 1.2072662359555641
 14.532014706074191 1.2228894689988774
 15.218047882923045 1.2373990661980643
 15.912136752378837 1.2508568187542652
 16.614346279704527 1.2633221900395555
 17.32480639542603 1.2748532921130573
 18.043647030069266 1.2855059147954226
 18.770868183634235 1.295332229597485
 19.506664751909817 1.3043817287082886
 20.251036734896008 1.3127043692959535
 21.004243993644646 1.320353284740249
 21.766221562892774 1.327383759858104
 22.537099373166306 1.3338478010614496
 23.317072320254123 1.339789081214365
 24.106205369419182 1.345242267821804
 24.904563485924445 1.3502358197732371
 25.712341565558788 1.35479547855315
 26.529539608322214 1.358947051075398
 27.35628754474063 1.3627173685404173
 28.19278027060293 1.3661337043966373
 29.039082751172064 1.36922205039931
 29.895259951710987 1.3720056818821256
 30.761506768008584 1.374504388784636
 31.637888165327812 1.3767351343635812
 32.52453407419459 1.3787121923292351
 33.42157442513483 1.380446732257144
 34.329139148674464 1.3819473827606334
 35.24729321007644 1.3832219967280792
 36.17623150512964 1.3842808843496242
 37.116018999097015 1.3851389350093843
 38.066850587767455 1.3858161797281536
 39.02879123640391 1.3863358604808806
 40.00197087553231 1.3867183185918022
 40.98651943567856 1.3869778317223407
 41.98263181263154 1.387124038739016
 42.990437936917175 1.3871608571095486
 44.01000277379841 1.3870854129888484
 45.04145625380119 1.3868931329895722
 46.084993272714364 1.386585525650022
 47.14074376106387 1.3861716483425475
 48.20883764937561 1.3856622169641792
 49.28940486817552 1.3850599936109078
 50.38264031325246 1.3843591769994996
 51.4886089498694 1.3835549741870294
 52.60750567381522 1.3826468963129421
 53.73952538087878 1.38163429482583
 54.88473303632307 1.380516225308819
 56.043323535936935 1.37929471170434
 57.21542681024632 1.3779766362468335
 58.401237755040086 1.3765740176256134
 59.60088630084415 1.375103248527392
 60.8145673434474 1.3735823129556841
 62.04234584811279 1.3720239054817498
 63.28448167589215 1.3704300767401116
 64.54116972257437 1.3687956787570987
 65.81240998815944 1.3671166469880576
 67.09872219475105 1.365393461011702
 68.39997641182326 1.3636275563452565
 69.71617263937608 1.3618230142710577
 71.0479605300391 1.3599903041848411
 72.39469043118274 1.3581452096504394
 73.75766164806616 1.3563033831222082
 75.1362245280598 1.3544718833095775
 76.53102872379321 1.3526445840831407
 77.94207423526642 1.3508131356902802
 79.37001071510902 1.3489754266773277
 80.81418851069141 1.3471311346175665
 82.27460762201359 1.345279677637445
 83.75256735433474 1.3434176728690752
 85.24806770765488 1.3415411223755536
 86.7604590293444 1.3396556756048292
 88.29039097203291 1.3377791880142587
 89.83851318834996 1.3359305130843482
 91.404176025666 1.3341174387872932
 92.98867878924021 1.3323330680913466
 94.59137182644298 1.3305618905015355
 96.21225513727431 1.3287867472503077
 97.85197837436381 1.3269874548463543
 99.51119119034107 1.3251461934681485
 101.18924393257647 1.323253300100749
 102.88743590632922 1.3213061118200313
 104.60511745896973 1.3193135407647736
 106.34228859049799 1.3172823419780963
 108.09959895354359 1.3151945214816199
 109.8776982007361 1.3130178962461867
 111.67658633207559 1.31072792526006
 113.4956136949324 1.3083157007633692
 115.33672924719534 1.3057938752465919
 117.1979840309756 1.3031908576844464
 119.08197665679157 1.300536597355374
 120.9867581667545 1.2978581370651394
 122.91427751875312 1.2951824316779996
 124.86388506015788 1.292529791387898
 126.83623044359834 1.2899063926385357
 128.8313136690745 1.2873096809453484
 130.8491347365864 1.2847401293467329
 132.89099295139314 1.2822025578741056
 134.95558900823565 1.279707821531682
 137.0448718650026 1.2772742441781066
 139.15754221643488 1.2749008797416557
 141.2955490204212 1.2725548861255356
 143.45759297170244 1.2701865750215733
 145.64432372290818 1.2677534548077614
 147.85704057929757 1.2652449759750024
 150.09509388824105 1.2626828765803026
 152.3584836497386 1.2600963181483285
 154.6485091690494 1.2574973383242765
 156.96452079354387 1.254890426852431
 159.30781782848118 1.2522835802090664
 161.67775062123178 1.2496970408785955
 164.0749688244252 1.2471684453503469
 166.4994724380615 1.2447299910458534
 168.95256076739986 1.2423949745793703
 171.43293450718102 1.2401403154383186
 173.94254261529383 1.2379071310232779
 176.48138509173828 1.2356487700498089
 179.04881228388476 1.2333472640458838
 181.64547384436284 1.2309976505111158
 184.27266907843176 1.2285958349358979
 186.92974833346187 1.2261181838498572
 189.61736126208282 1.2235267870780122
 192.33550786429458 1.2207851334374458
 195.0854874453563 1.2178665566373
 197.86665035263846 1.2147898591496609
 200.6796462387706 1.2116179463030787
 203.52447510375274 1.2084027233618977
 206.40243625284404 1.2051635066682513
 209.31352968604455 1.2019263162990141
 212.2571057507246 1.1986962832481292
 215.23511340477307 1.1954524390930925
 218.24690299556028 1.1921792659819606
 221.29312417571583 1.1888469929580308
 224.37442659786936 1.1853953308477738
 227.49081026202083 1.1818014455112509
 230.64227516817027 1.1781360312807168
 233.8301206215768 1.1745196612580882
 237.05499627487012 1.1710144789694061
 240.31560282279094 1.1675810548003365
 243.61388922322809 1.1641033180846956
 246.94985547618157 1.1604615019607427
 250.32350158165136 1.156588881993467
 253.73547719226704 1.1524936551314162
 257.1864319606583 1.1481914547164955
 260.67701553945454 1.1436465922783168
 264.2065782760264 1.1388688952461528
 267.7764194756329 1.1339694093175956
 271.3871887909036 1.1290525814460526
 275.0388862218387 1.1241909792263398
 278.731511768438 1.1194318514596306
 282.4670143885904 1.1147333021082244
 286.24409477703665 1.1100173139906604
 290.06405223903596 1.1052348025412915
 293.9268867745883 1.1003357488328664
 297.8338976889529 1.0952761462318485
 301.7850849821298 1.0900912213450238
 305.78109830674845 1.0848320803969984
 309.82258731543845 1.0794551417237825
 313.90890235557043 1.0738437875200555
 318.04199238503287 1.0678782588087254
 322.2212077511964 1.0615472361547367
 326.44784775932015 1.054953298546005
 330.72191240940407 1.048160098639145
 335.0440513540778 1.0412229770678418
 339.41491424597086 1.034229970330254
 343.8351507377129 1.0272002300246608
 348.304760829304 1.0199985770647921
 352.8250438260031 1.0124755010902442
 357.3959997278104 1.0046078613079785
 362.01762853472593 0.9964581192409434
 366.6918792046384 0.9880413356347438
 371.41810208491813 0.9793165754754608
 376.19759648082436 0.9702223429493645
 381.0303623923572 0.9607315545848688
 385.91704947214606 0.9507505568168004
 390.85830737282066 0.9402906418854455
 395.8547857470106 0.9295537726782384
 400.90713424734537 0.9187291763732149
 406.01600252645466 0.9079310692748818
 411.182040236968 0.8971319143637606
 416.40524737888546 0.8862110676566387
 421.68627360483646 0.8749922347442
 427.0264182200804 0.8633227410671054
 432.4263308772468 0.8511416485753627
 437.885361923706 0.8386544535555734
 443.4054603173468 0.8260907633974988
 448.9872757107989 0.813240400033232
 454.6301584514325 0.7998534393809155
 460.3360574971366 0.7859800938339734
 466.10497284791103 0.7718183008304402
 471.93755415638554 0.7575437081323892
 477.8344510751895 0.7431204388026734
 483.7963132569527 0.728366113076256
 489.8244400069343 0.7132872807173638
 495.9188313251342 0.6980013850412127
 502.08013686418207 0.6824791015531538
 508.30965592933705 0.6665001876782336
 514.6073885205991 0.6500664685680164
 520.9739842905981 0.633484017906305
 527.4107425445928 0.617054296298081
 533.918312935213 0.6007333466024729
 540.4966954624588 0.5842766875564652
 547.1471894315891 0.5676768742721667
 553.8704444952339 0.5510690160886998
 560.6671103060223 0.5344750456073268
 567.538486169214 0.517883672216144
 574.4839224321792 0.5014424072621252
 581.5053680528064 0.485165522610541
 588.6034726837255 0.46860760052938866
 595.7782363249364 0.4516550564591686
 603.0316079343279 0.4347011871938399
 610.3629378592705 0.41799353242956755
 617.7741750576528 0.4016364011536367
 625.2659691821045 0.38560310359509953
 632.8383202326256 0.36993409048403453
 640.4925275144752 0.35447364684433447
 648.229240680283 0.33908654383126346
 656.0517079931969 0.32400785970113144
 663.9514839690322 0.3093261246876434
 671.9422113130103 0.29505679730770185
 680.0173934988354 0.281239849761756
 688.1835270528032 0.26799416474756554
 696.4276189223222 0.25535579062953845
 704.7691586862799 0.24336403440747253
 713.1951532920845 0.23209343280618394
 721.7120992660318 0.22164321368213027
 730.3199966081222 0.21200923168053593
 739.0188453183553 0.20308672951897935
 747.8086453967312 0.1947498376029924
 756.6958933695458 0.18701482387866297
 765.6805892367994 0.17989074119939166
 774.7497399458998 0.17320501527166027
 783.9228350757348 0.16699307357391124
 793.1933781000087 0.16126349126438852
 802.5613690187212 0.15595698613242762
 812.0203113055767 0.15109364180064255
 821.5896945394626 0.14662948355278757
 831.2500291414916 0.14235347420692632
 841.0208046905509 0.13818341738759235
 850.8890281340492 0.13415857285785712
 860.861195998282 0.1303374870960127
 870.9373082832495 0.12676108068390435
 881.1173649889519 0.12355846557133052
 891.4078626416847 0.12089318159895236
 901.8023047151521 0.1188465609777866
 912.3071877356502 0.11735171137846079
 922.9225117031789 0.11627379765079005
 933.6417800914423 0.11548520367148087
 944.4779859530322 0.11490182514039149
 955.4181362353567 0.11452157281392689
 966.4817205173038 0.11432401746876293
 977.6492492199853 0.114236794295137
 988.9402119222893 0.11422410470956991
 1000.3416155716241 0.1143413585383533
 1011.8599566942852 0.11461763092548824
 1023.5017318165687 0.11496671671103187
 1035.253947885883 0.1152478274430712
 1047.1295979548195 0.11527745423221529
 1059.1286820233786 0.11486226922932902
 1071.2447035652642 0.11392640739668042
 1083.4906556330682 0.11257340522117942
 1095.8535451741984 0.11108627570465719
 1108.3463652412472 0.1099750509497646
 1120.9626193079184 0.10952477689582005
 1133.7023073742118 0.1095244945792995
 1146.57842249272 0.1095658632265249
 1159.5779716108502 0.10939497570612279
 1172.7074512548988 0.10898940656402471
 1185.9668614248658 0.10847679474869901
 1199.362698647047 0.1080264049984638
 1212.8884663951465 0.10765494786396401
 1226.5506611954604 0.10719680603154962
 1240.3492830479886 0.10656590589631594
 1254.2843319527308 0.10583134103434919
 1268.3558079096874 0.10498002049439958
 1282.5637109188583 0.1039500695250082
 1296.9080409802434 0.1028919396831966
 1311.4017911464348 0.10235402288394696
 1326.0319683648402 0.1028711035650668
 1340.805069161756 0.10432987626013712
 1355.7210935371818 0.10619095903492085
 1370.7800414911178 0.10802627668749056
 1385.9884095498599 0.11006799089167778
 1401.3461977134082 0.11260755155330456
 1416.8469094554666 0.11510520424714947
 1432.4970413023311 0.11679814217475597
 1448.3030897802976 0.11767027958937062
 1464.2520618367744 0.1181476155566783
 1480.3634470506488 0.11845103938295722
 1496.6177558430336 0.11838001935746395
 1513.0344777928162 0.11787258614120665
 1529.6006198474051 0.1174445809466987
 1546.322678533096 0.1176287450079123
 1563.2071503761847 0.1187176720273812
 1580.2475388503756 0.11967303887093736
 1597.4503404819643 0.11909992998827805
 1614.809058744655 0.11676307314998416
 1632.3366866910396 0.11369088539149871
 1650.0202312685262 0.11114859612009068
 1667.8726855297064 0.10983200974631312
 1685.887552948285 0.10967519679018145
 1704.064833524261 0.11005745820247163
 1722.4110237839311 0.11057887915678702
 1740.9326202535913 0.11106772803811397
 1759.616629880649 0.11177650218202195
 1778.4695491914006 0.11212041428268844
 1797.4913781858463 0.11174182995328652
 1816.6886133902815 0.11207838317545882
 1836.0612548047063 0.11280957790502491
 1855.6028059028254 0.11321002033033525
 1875.3262597372297 0.11318061307094918
 1895.2186232553283 0.11229137952993438
 1915.2928895097127 0.11030177798311179
 1935.5425619740863 0.10633138532192674
 1955.96764064845 0.1021983830426779
 1976.5811185853954 0.10034997709654868
 1997.3700027323302 0.0995207526757389
 2018.3407896155509 0.09860728165152725
 2039.4934792350573 0.09747595009560446
 2060.8280715908495 0.0965834303972133
 2082.351063209223 0.09481706438482027
 2104.055957563882 0.09233843179951584
 2125.949251181123 0.09049677248965939
 2148.030944060946 0.08693591429966606
 2170.2945396770538 0.08194148246526102
 2192.75303108204 0.07889331666498349
 2215.399921749607 0.07944262942526044
 2238.2352116797556 0.08010360618379173
 2261.265397398782 0.07805990961018695
 2284.48398238039 0.07455476690850099
 2307.89096662458 0.07052975762948138
 2331.4993431839425 0.06631401636213777
 2355.302615532183 0.06241268153331393
 2379.2942871430055 0.05915427241966225
 2403.4873510690013 0.05645409776354434
 2427.8753107838743 0.055005665075891934
 2452.458166287625 0.05599178730010463
 2477.242414106549 0.05942100371108536
 2502.2215577143506 0.06318140154748371
 2527.402093637326 0.06503443218214429
 2552.777525349178 0.06305966219940666
 2578.3608459025 0.05661741085195528
 2604.1390622446993 0.04742605192493937
 2630.125167428368 0.03971613272332888
 2656.3126649272103 0.035790264060254755
 2682.6950582149298 0.033858956680095455
 2709.285340344119 0.03157668474632823
 2736.0835113147773 0.02751295322638293
 2763.083074600609 0.021991619887286606
 2790.2840302016143 0.017412080884522414
 2817.692874644089 0.014440661330139111
 2845.3096079280326 0.012165008168524836
 2873.12773352715 0.010263068809348111
 2901.153747967737 0.008722196762018087
 2929.387651249793 0.007485536716789601
 2957.8229468470226 0.006480147033831593
 2986.4726278120174 0.005649678619958102
 3015.3237010921857 0.004954201906258052
 3044.389159740119 0.0043650154289812905
 3073.656010703226 0.003860943825252946
 3103.130750507802 0.0034260223733100278
 3132.819875680144 0.0030480058180253804
 3162.710393167659 0.0027173660551686766
 3192.815296022939 0.0024265949140050095
 3223.1280877196887 0.0021697055998448713
 3253.6487682579072 0.001941870821698182
 3284.3773376375957 0.001739154725816616
 3315.3137958587536 0.0015583135425751187
 3346.4581429213804 0.001396645298312884
 3377.816875351773 0.0012518761273816704
 3409.3770000973386 0.0011220733938120523
 3441.1515102106696 0.0010055793645146643
 3473.1274126391736 0.0009009597330231363
 3505.317700435444 0.0008069639715159652
 3537.709380546886 0.0007224941175091777
 3570.315446026095 0.0006465804705621217
 3603.1229038204765 0.0005783620518201685
 3636.144746982624 0.0005170711297352949
 3669.367982459944 0.0004620206224184131
 3702.799106778734 0.0004125938253343266
 3736.431623412697 0.0003682359211350552
 3770.278525414426 0.00032844685481708125
 3804.320323205032 0.0002927753336188186
 3838.576506363403 0.000260813674775564
 3873.027585310652 0.00023219335290906485
 3907.6865530993705 0.00020658111282163203
 3942.553409729558 0.0001836755841109676
 3977.615162148623 0.00016320421129986204
 4012.8783068828616 0.00014492056397847678
 4048.3428439322734 0.00012860190592815554
 4084.0087732968586 0.00011404700110053892
 4119.876094976617 0.00010107413666292506
 4155.938312445253 0.00008951932125502716
 4192.201922229063 0.00007923465158528446
 4228.653931275455 0.00007008683079904442
 4265.3073326370195 0.0000619557993243509
 4302.155629787462 0.000054733510112537795
 4339.198822726781 0.000048322797258391076
 4376.430414928683 0.000042636347018264536
 4413.856902919461 0.00003759576170341812
 4451.471790172823 0.00003313070361635476
 4489.275076688764 0.000029178117433503217
 4527.266762467289 0.000025681522345380007
 4565.446847508393 0.000022590363660298197
 4603.81533181208 0.00001985943104241126
 4642.365718852053 0.00001744832350152078
 4681.091512102015 0.000015320967152968432
 4720.005704614559 0.000013445177626524328
 4759.101799863389 0.000011792262481583592
 4798.373301322208 0.000010336663054397463
 4837.820208991016 0.000009055629592291623
 4877.4425228698165 0.000007928928331970794
 4917.246739484901 0.000006938577236111641
 4957.2133692573825 0.000006068607050313671
 4997.355405239856 0.0000053048471900648
 5037.666350906022 0.000004634732425091499
 5078.139709729586 0.000004047129413919365
 5118.781978236843 0.00000353218045724846
 5159.586659901499 0.00000308116417386812
 5200.560251249849 0.000002686369640322536
 5241.683262703005 0.00000234098454467644
 5282.968687313559 0.0000020389946912365536
 5324.410028555215 0.0000017750939750123351
 5366.007286427972 0.0000015446045561918633
 5407.753964405536 0.0000013434051526927022
 5449.650062487906 0.0000011678673745180846
 5491.695580675081 0.0000010147988747163628
 5533.884022440768 8.813928445759446E-7
 5576.215387784965 7.651831009152218E-7
 5618.6896767076705 6.640040639817721E-7
 5661.306889208888 5.759555055338523E-7
 5704.054032236023 4.993709448837968E-7
 5746.944098841668 4.327899030458404E-7
 5789.957599446936 3.7493319346754437E-7
 5833.107527104418 3.2468111355200807E-7
 5876.380888761521 2.81054163303276E-7
 5919.777684418249 2.43196000942762E-7
 5963.297914074598 2.1035838769031836E-7
 6006.935081204273 1.8188791773877751E-7
 6050.695682333572 1.5721434819652248E-7
 6094.566724409901 1.358402764042025E-7
 6138.554703959556 1.1733208906523553E-7
 6182.646627929946 1.013119761013556E-7
 6226.848992847366 8.745094005629279E-8
 6271.155302185522 7.546263298966985E-8
 6315.559059418116 6.509796552094891E-8
 6360.066761071444 5.6140363659835574E-8
 6404.665414092915 4.8401624750664194E-8
 6449.361515008825 4.1718282124345165E-8
 6494.148567292879 3.594842213896154E-8
 6539.013577892483 3.096890467371419E-8
 6583.96953986023 2.6672931326525194E-8
 6628.990467090935 2.296791846776335E-8
 6674.14132484756 1.977364616246646E-8
 6719.357147867144 1.7020638563402914E-8
 6764.572970886728 1.4648754632255856E-8
 6809.91872443223 1.2605958484193568E-8
 6855.32944324069 1.0847249935175643E-8
 6900.805127312111 9.33373313657247E-9
 6946.34577664649 8.031807582466177E-9
 6991.88642598087 6.912463847755944E-9
 7037.557005841168 5.9506738395400514E-9
 7083.227585701465 5.124860183928464E-9
 7129.028096087681 4.416437607906202E-9
 7174.763641210939 3.809415380154655E-9
 7220.629116860113 3.2900537187834475E-9
 7266.494592509289 2.8465674598186666E-9
 7312.425033421424 2.468870594073938E-9
 7358.355474333558 2.148356777642509E-9
 7404.285915245692 1.877712225124334E-9
 7450.281321420787 1.6507552620862196E-9
 7496.3416928588385 1.4623012807445119E-9
 7542.402064296892 1.3080490382723809E-9
 7588.397470471986 1.1844866523348888E-9
 7634.522807172998 1.0888148242706601E-9
 7680.583178611051 1.018886400273821E-9
 7726.708515312062 9.731600106584112E-10
 7772.768886750116 9.506449375188257E-10
