 1.300240758970049 1.2773661059367503
 1.8307730823998298 1.8002456127895234
 2.3675355745473956 2.311054472716208
 2.910619186780888 2.8022573544650893
 3.4600888843632682 3.2653840340612166
 4.016016129083789 3.6924239136562265
 4.578478879258003 4.0768038881661814
 5.14755509320146 4.413855672516367
 5.723329225756009 4.701077327667632
 6.305859745658311 4.937939458551702
 6.895218114697623 5.125298087691551
 7.491534263399861 5.265779055433687
 8.094866660501689 5.363281527008066
 8.70528027126607 5.42205437822904
 9.322840060955956 5.446162076282978
 9.947740925360229 5.440867657128452
 10.579917899215932 5.410989797373319
 11.219500913048979 5.3599575376135435
 11.866619897385288 5.291992931867428
 12.521339817487823 5.21062127730415
 13.183790603882498 5.119174748065003
 13.853972256569316 5.020303970864978
 14.532014706074191 4.9158167909333566
 15.218047882923045 4.807914336831025
 15.912136752378837 4.698450633242775
 16.614346279704527 4.588566814146428
 17.32480639542603 4.479191806499549
 18.043647030069266 4.371629269260897
 18.770868183634235 4.266291330990798
 19.506664751909817 4.163562548530347
 20.251036734896008 4.063527966078634
 21.004243993644646 3.966548868481021
 21.766221562892774 3.8731152673649967
 22.537099373166306 3.7827032430639234
 23.317072320254123 3.695616756506236
 24.106205369419182 3.612259351770446
 24.904563485924445 3.532399744034461
 25.712341565558788 3.456188025597273
 26.529539608322214 3.383696942251974
 27.35628754474063 3.3144432448810948
 28.19278027060293 3.248537455989517
 29.039082751172064 3.186210220024084
 29.895259951710987 3.127178149815505
 30.761506768008584 3.0713619626500432
 31.637888165327812 3.0187556457304137
 32.52453407419459 2.9691776502359746
 33.42157442513483 2.9225860681502702
 34.329139148674464 2.8789889158407256
 35.24729321007644 2.8381105951494527
 36.17623150512964 2.79977482860664
 37.116018999097015 2.763888212809778
 38.066850587767455 2.7303714630329337
 39.02879123640391 2.69912095184773
 40.00197087553231 2.6696991468362867
 40.98651943567856 2.6416277827277423
 41.98263181263154 2.614674544582386
 42.990437936917175 2.5890553897684256
 44.01000277379841 2.5650326474931884
 45.04145625380119 2.5427057476325494
 46.084993272714364 2.5220535106507467
 47.14074376106387 2.5028475972584583
 48.20883764937561 2.484738042415054
 49.28940486817552 2.4674319528547333
 50.38264031325246 2.450922855115426
 51.4886089498694 2.435344649150857
 52.60750567381522 2.4209023577238344
 53.73952538087878 2.408077963314565
 54.88473303632307 2.3969317124797995
 56.043323535936935 2.387107592136603
 57.21542681024632 2.378254696484696
 58.401237755040086 2.3701894318682104
 59.60088630084415 2.3629701114702915
 60.8145673434474 2.3568754249505615
 62.04234584811279 2.351995088128074
 63.28448167589215 2.348110588742225
 64.54116972257437 2.3451805818055798
 65.81240998815944 2.3426261044249896
 67.09872219475105 2.3404600492532373
 68.39997641182326 2.339356206813165
 69.71617263937608 2.338899238305211
 71.0479605300391 2.339600750083574
 72.39469043118274 2.340391265335102
 73.75766164806616 2.340668387852789
 75.1362245280598 2.3408468412505106
 76.53102872379321 2.3406808987207732
 77.94207423526642 2.3407114604838597
 79.37001071510902 2.341906163125086
 80.81418851069141 2.34505535937451
 82.27460762201359 2.3487848995690244
 83.75256735433474 2.3532345902763123
 85.24806770765488 2.359675692629294
 86.7604590293444 2.3668778251637033
 88.29039097203291 2.373461253195585
 89.83851318834996 2.380957578132115
 91.404176025666 2.389705488309579
 92.98867878924021 2.4000739741055055
 94.59137182644298 2.412816094187028
 96.21225513727431 2.42639603540054
 97.85197837436381 2.4399371270298533
 99.51119119034107 2.454110238213282
 101.18924393257647 2.4679412342234124
 102.88743590632922 2.4808655067151024
 104.60511745896973 2.4937545903614087
 106.34228859049799 2.506080074652808
 108.09959895354359 2.518117986530625
 109.8776982007361 2.530824153478632
 111.67658633207559 2.544505653213385
 113.4956136949324 2.5569738341070507
 115.33672924719534 2.569606316386862
 117.1979840309756 2.5832149088162404
 119.08197665679157 2.5982848407302583
 120.9867581667545 2.6149067515967976
 122.91427751875312 2.631290995169838
 124.86388506015788 2.6471587449961564
 126.83623044359834 2.661312979295068
 128.8313136690745 2.6747785147537857
 130.8491347365864 2.688264229220317
 132.89099295139314 2.7041815483860225
 134.95558900823565 2.7227326422098823
 137.0448718650026 2.743361695837645
 139.15754221643488 2.765299134558005
 141.2955490204212 2.787783282289859
 143.45759297170244 2.810647874391016
 145.64432372290818 2.8313554722584238
 147.85704057929757 2.8504040537452044
 150.09509388824105 2.8687381357781416
 152.3584836497386 2.8860625838942653
 154.6485091690494 2.904133594542786
 156.96452079354387 2.923721115444434
 159.30781782848118 2.9452059111940923
 161.67775062123178 2.9689364696026397
 164.0749688244252 2.992946512323586
 166.4994724380615 3.01465702296175
 168.95256076739986 3.0339850316977577
 171.43293450718102 3.0509436953468714
 173.94254261529383 3.065443685696886
 176.48138509173828 3.0805757354935435
 179.04881228388476 3.098014422172168
 181.64547384436284 3.11786177250597
 184.27266907843176 3.141411898749725
 186.92974833346187 3.1692097282130756
 189.61736126208282 3.200083332915086
 192.33550786429458 3.2317155213712403
 195.0854874453563 3.2618641902046734
 197.86665035263846 3.2893863998517507
 200.6796462387706 3.31406959168278
 203.52447510375274 3.3359913003707677
 206.40243625284404 3.3555546339026017
 209.31352968604455 3.3753834352507806
 212.2571057507246 3.396691334563023
 215.23511340477307 3.4209028780475594
 218.24690299556028 3.449484036999282
 221.29312417571583 3.481983680365356
 224.37442659786936 3.5177237030747643
 227.49081026202083 3.554914653539905
 230.64227516817027 3.59111579596388
 233.8301206215768 3.625505424133378
 237.05499627487012 3.659579098983132
 240.31560282279094 3.693274977684523
 243.61388922322809 3.7267657322177064
 246.94985547618157 3.7601505348260518
 250.32350158165136 3.7916095223708814
 253.73547719226704 3.820613363756162
 257.1864319606583 3.8470716979928934
 260.67701553945454 3.873708907382513
 264.2065782760264 3.9039057053534334
 267.7764194756329 3.9372182941599103
 271.3871887909036 3.9718274516215253
 275.0388862218387 4.007474580604099
 278.731511768438 4.042280189723882
 282.4670143885904 4.073092839692721
 286.24409477703665 4.098569534504025
 290.06405223903596 4.120439551097968
 293.9268867745883 4.141925255982609
 297.8338976889529 4.164959531958614
 301.7850849821298 4.189477969043724
 305.78109830674845 4.214229837105471
 309.82258731543845 4.239512765573524
 313.90890235557043 4.262376417654529
 318.04199238503287 4.281128619236412
 322.2212077511964 4.298507402038451
 326.44784775932015 4.316377454402114
 330.72191240940407 4.334563666309002
 335.0440513540778 4.354531017588741
 339.41491424597086 4.378382706153121
 343.8351507377129 4.40331078559885
 348.304760829304 4.426528725965817
 352.8250438260031 4.450698320364825
 357.3959997278104 4.479232863158045
 362.01762853472593 4.511367040129162
 366.6918792046384 4.547153335651769
 371.41810208491813 4.584160495629418
 376.19759648082436 4.614755678750887
 381.0303623923572 4.633291829061102
 385.91704947214606 4.63998598764528
 390.85830737282066 4.641051874264331
 395.8547857470106 4.644199371967838
 400.90713424734537 4.652693546832754
 406.01600252645466 4.662754004795014
 411.182040236968 4.6703291088956735
 416.40524737888546 4.678373381973244
 421.68627360483646 4.690376613373216
 427.0264182200804 4.701874778901198
 432.4263308772468 4.70406082011719
 437.885361923706 4.692189663186323
 443.4054603173468 4.6723104151077095
 448.9872757107989 4.654961957791062
 454.6301584514325 4.6419482957265386
 460.3360574971366 4.630027730589029
 466.10497284791103 4.6170697667769165
 471.93755415638554 4.604283514649822
 477.8344510751895 4.593025163613789
 483.7963132569527 4.575832514234185
 489.8244400069343 4.546441631008912
 495.9188313251342 4.5078697402145504
 502.08013686418207 4.463336179577009
 508.30965592933705 4.413751373402767
 514.6073885205991 4.362421272450574
 520.9739842905981 4.312921656835516
 527.4107425445928 4.259734703067163
 533.918312935213 4.191451823726244
 540.4966954624588 4.105023453256958
 547.1471894315891 4.0103836766716885
 553.8704444952339 3.9182872390434627
 560.6671103060223 3.8275617296574236
 567.538486169214 3.7293774255149446
 574.4839224321792 3.6151473643515324
 581.5053680528064 3.479211416190427
 588.6034726837255 3.320793178731471
 595.7782363249364 3.1480938258828464
 603.0316079343279 2.972906405286827
 610.3629378592705 2.7983631715883144
 617.7741750576528 2.623673071828646
 625.2659691821045 2.4530962564202525
 632.8383202326256 2.290884748446288
 640.4925275144752 2.133735372760783
 648.229240680283 1.977679432489858
 656.0517079931969 1.82698864288106
 663.9514839690322 1.681279198603109
 671.9422113130103 1.537968028552004
 680.0173934988354 1.3990474917515887
 688.1835270528032 1.2682336054254388
 696.4276189223222 1.1470166330590934
 704.7691586862799 1.035958326864847
 713.1951532920845 0.9330884681214503
 721.7120992660318 0.8337288460954002
 730.3199966081222 0.739973783390714
 739.0188453183553 0.6585605378080714
 747.8086453967312 0.5900928476087542
 756.6958933695458 0.5285158290209286
 765.6805892367994 0.4695226712626387
 774.7497399458998 0.4109330710939913
 783.9228350757348 0.3536405661162103
 793.1933781000087 0.3012097596538303
 802.5613690187212 0.256122019889696
 812.0203113055767 0.21745993967679966
 821.5896945394626 0.18396297118700786
 831.2500291414916 0.15544156378164217
 841.0208046905509 0.13018762050656504
 850.8890281340492 0.10503363061964416
 860.861195998282 0.07849332884183712
 870.9373082832495 0.05297323553279896
 881.1173649889519 0.03155019874870731
 891.4078626416847 0.014663160744492244
 901.8023047151521 0.0010267429686434085
 912.3071877356502 -0.011040618233916166
 922.9225117031789 -0.02164984974045961
 933.6417800914423 -0.028889512253037642
 944.4779859530322 -0.030448690707898456
 955.4181362353567 -0.025884533208404635
 966.4817205173038 -0.017790109667469627
 977.6492492199853 -0.009367506098115357
 988.9402119222893 -0.0016296256676265055
 1000.3416155716241 0.006427989379674043
 1011.8599566942852 0.01641377006186554
 1023.5017318165687 0.029057281414403908
 1035.253947885883 0.04386690115218368
 1047.1295979548195 0.05890429355828918
 1059.1286820233786 0.06995311679237126
 1071.2447035652642 0.07371171336221448
 1083.4906556330682 0.07339936649278611
 1095.8535451741984 0.07572621106215156
 1108.3463652412472 0.08202674057490063
 1120.9626193079184 0.0867612286812441
 1133.7023073742118 0.08066199413965662
 1146.57842249272 0.05646009543684252
 1159.5779716108502 0.014266227354451318
 1172.7074512548988 -0.035078318766264174
 1185.9668614248658 -0.077786365538846
 1199.362698647047 -0.10703192562879404
 1212.8884663951465 -0.12286330910240305
 1226.5506611954604 -0.1295245454291299
 1240.3492830479886 -0.13114742695878495
 1254.2843319527308 -0.12463975068273601
 1268.3558079096874 -0.09982430873865193
 1282.5637109188583 -0.05252378369150048
 1296.9080409802434 0.002778768111234565
 1311.4017911464348 0.04287032402900486
 1326.0319683648402 0.05965071278679959
 1340.805069161756 0.060180361643054625
 1355.7210935371818 0.05068276636728742
 1370.7800414911178 0.03382236798839769
 1385.9884095498599 0.013866838013698582
 1401.3461977134082 0.0007485552917002905
 1416.8469094554666 0.013368561656267194
 1432.4970413023311 0.058431946853904286
 1448.3030897802976 0.10816179186745785
 1464.2520618367744 0.125610569187864
 1480.3634470506488 0.10264268701796789
 1496.6177558430336 0.05702800935449681
 1513.0344777928162 0.007951356223913296
 1529.6006198474051 -0.026790410725014677
 1546.322678533096 -0.03168834178850848
 1563.2071503761847 -0.008586386884793244
 1580.2475388503756 0.03132888482068441
 1597.4503404819643 0.0839632282259193
 1614.809058744655 0.14191085605384277
 1632.3366866910396 0.17946417533847836
 1650.0202312685262 0.1719361543490001
 1667.8726855297064 0.1366611153668495
 1685.887552948285 0.09315179876061956
 1704.064833524261 0.01563915705731321
 1722.4110237839311 -0.0961749255978657
 1740.9326202535913 -0.18730193496666359
 1759.616629880649 -0.22025775679251144
 1778.4695491914006 -0.19398214464867491
 1797.4913781858463 -0.11144002091547925
 1816.6886133902815 0.0056073626325027414
 1836.0612548047063 0.11885088598567518
 1855.6028059028254 0.2146605901595543
 1875.3262597372297 0.28766351630455
 1895.2186232553283 0.31479370291903414
 1915.2928895097127 0.2882143818851273
 1935.5425619740863 0.23667366710824136
 1955.96764064845 0.1950714125453177
 1976.5811185853954 0.172105976711961
 1997.3700027323302 0.16707917970121097
 2018.3407896155509 0.18557294734068305
 2039.4934792350573 0.22268583904113567
 2060.8280715908495 0.24525536143761142
 2082.351063209223 0.2193407197274616
 2104.055957563882 0.1550456324110093
 2125.949251181123 0.06718953778816461
 2148.030944060946 -0.01685880046077407
 2170.2945396770538 -0.04249984248595309
 2192.75303108204 -0.006291871561920757
 2215.399921749607 0.04634657247632239
 2238.2352116797556 0.088375842006497
 2261.265397398782 0.1135384925633709
 2284.48398238039 0.12499176488555158
 2307.89096662458 0.13733729956493054
 2331.4993431839425 0.1503135931659672
 2355.302615532183 0.14681549743690728
 2379.2942871430055 0.12308437163766
 2403.4873510690013 0.09714117045869235
 2427.8753107838743 0.0823246328038281
 2452.458166287625 0.07388636983460646
 2477.242414106549 0.06496163892120306
 2502.2215577143506 0.061845609330251
 2527.402093637326 0.07521369628673823
 2552.777525349178 0.08767260007949053
 2578.3608459025 0.0742367915522864
 2604.1390622446993 0.04049693974398099
 2630.125167428368 0.0011250537324472066
 2656.3126649272103 -0.02436221465545123
 2682.6950582149298 -0.022012971917433666
 2709.285340344119 -0.010558314779153125
 2736.0835113147773 -0.005057050571834351
 2763.083074600609 0.007258197315609251
 2790.2840302016143 0.03156523631903286
 2817.692874644089 0.05541488678642058
 2845.3096079280326 0.06955016915718829
 2873.12773352715 0.07495417609854806
 2901.153747967737 0.0762016148048395
 2929.387651249793 0.07626850362235048
 2957.8229468470226 0.07620880123346883
 2986.4726278120174 0.07627005815948135
 3015.3237010921857 0.07645417703265706
 3044.389159740119 0.07664077983404861
 3073.656010703226 0.07683849730755583
 3103.130750507802 0.0770217207591658
 3132.819875680144 0.07733682855224537
 3162.710393167659 0.07777720828522437
 3192.815296022939 0.07809111364219179
 3223.1280877196887 0.07853752394834784
 3253.6487682579072 0.07898917377189162
 3284.3773376375957 0.079320103467995
 3315.3137958587536 0.0797776177752781
 3346.4581429213804 0.08023031516492875
 3377.816875351773 0.08069474681603991
 3409.3770000973386 0.08128659553743611
 3441.1515102106696 0.08175904386015038
 3473.1274126391736 0.08223332744369918
 3505.317700435444 0.08283742645199757
 3537.709380546886 0.08344486448564917
 3570.315446026095 0.08405701578657522
 3603.1229038204765 0.08454650634885838
 3636.144746982624 0.08516550925921182
 3669.367982459944 0.08579771319111103
