 0. 0.
 0.27211586229200235 0.12290890907006041
 0.8195467217809244 0.36809664432574146
 1.3734183964173268 0.6137990592130805
 1.9338091147252676 0.8572785296165017
 2.500780636065847 1.0943614409073235
 3.0744290305563275 1.3205619460721847
 3.6548229197090434 1.5320169341013778
 4.242037787187558 1.7259617569326984
 4.836155978806671 1.9008122259533857
 5.43725984038118 2.0560301709270914
 6.045438579877117 2.191909812513457
 6.660753956655581 2.3093530365191337
 7.283281454380137 2.4096630579452167
 7.913158316075449 2.4943675479054535
 8.550446301102614 2.565080152211465
 9.195214030973968 2.623398790512954
 9.847530127201837 2.6708377815348974
 10.507600454323223 2.7087864154656653
 11.175356390825794 2.738488543133659
 11.850935179734208 2.7610380782489483
 12.534474064073134 2.7773872710210563
 13.2260416653549 2.7883604848836745
 13.925775226604175 2.794670583362747
 14.633674747820958 2.7969355050345266
 15.349877472029908 2.795692311135561
 16.074520642255695 2.791409564986518
 16.807672880010646 2.784497464776209
 17.549402806807098 2.7753150690981405
 18.299847665669713 2.7641748609227066
 19.05914469962315 2.751344571530562
 19.827293908667418 2.7370529638757652
 20.604501157339506 2.721497804480746
 21.390766445639414 2.7048485251725456
 22.186364259616475 2.6872450883407284
 22.991225977758354 2.6688047740678007
 23.805488843089716 2.649633459582471
 24.629358720147557 2.6298312606678853
 25.462904230444206 2.6094917583939776
 26.306193995492 2.5886983622387754
 27.159433879827926 2.5675210922451868
 28.022623883452 2.5460158677942184
 28.895901249388867 2.524228350247474
 29.779471842175536 2.502197377933651
 30.673404283324334 2.4799552861495844
 31.577767194347594 2.4575280348656316
 32.492766439782315 2.43494278836398
 33.41847064114082 2.4122369041210936
 34.35501704144779 2.389458235555358
 35.30254288372786 2.3666612123243587
 36.26118541100573 2.3438958557066667
 37.23101324479371 2.321198297958215
 38.21223224962879 2.2986004814807157
 39.204911047023316 2.2761413793567393
 40.209255501514285 2.2538662665871843
 41.22533423461402 2.2318133018433683
 42.253284489347195 2.210010323709743
 43.29324350873846 2.1884793230067072
 44.34541715732482 2.167235879934741
 45.40994267813094 2.1462914605539325
 46.48688869266915 2.1256582531763324
 47.57639244396411 2.1053476433189804
 48.67865979655282 2.0853764462716313
 49.79382799345995 2.065766036606555
 50.92203427771015 2.046524684560099
 52.063415892328095 2.0276318731211544
 53.218178701850775 2.0090539954055737
 54.38639132779053 1.9907610097445647
 55.56825963468435 1.9727469628456382
 56.763989487069225 1.9550478550849786
 57.973649506457505 1.9377033995039614
 59.19744555738616 1.9207391125790165
 60.43551488287988 1.9041701863474287
 61.68806334747564 1.8880002978058579
 62.95522819419812 1.8722353325866607
 64.2372152875843 1.8568818214835021
 65.53409324914654 1.841933334560183
 66.84613656493413 1.8273642636494278
 68.17355109948409 1.8131572439793893
 69.51633685279641 1.7993143189405159
 70.87504279696977 1.785823045560207
 72.24953168897947 1.772667153204167
 73.63980352882552 1.7598540411902972
 75.04654453163127 1.7473967873361282
 76.46906848227337 1.7352911465058256
 77.90874781099846 1.7235118141856238
 79.36489630268323 1.7120407842273737
 80.83820017245101 1.7008675231795751
 82.32865942030176 1.6899682074786557
 83.83696026135885 1.6793035425999554
 85.36241648049894 1.6688146080393558
 86.905028077722 1.658460355330338
 88.46616748327472 1.6482239720858356
 90.04583469715706 1.6380633890405965
 91.64334350424572 1.6279522744862789
 93.25938011966403 1.617877719464304
 94.89463075853529 1.6078318524135689
 96.54840920573618 1.597808276598993
 98.22208789151334 1.5878132221038763
 99.91498060074348 1.5778807385800955
 101.62708733342656 1.5680444378238954
 103.35909430468591 1.558304868704695
 105.11168772964488 1.5486291919405333
 106.88418139318011 1.5389949546784623
 108.67794772553825 1.5293863347848933
 110.492300511596 1.5197958796678688
 112.32723975135335 1.5102549094957045
 114.1834516599336 1.5007992783116633
 116.06162245246009 1.4914210940835957
 117.96175212893282 1.4820635381721283
 119.88315447422848 1.47268352765513
 121.827888133717 1.4632551441652286
 123.79389446202842 1.4537425410519869
 125.78391831965604 1.4440924050259996
 127.79590106122991 1.434230767186296
 129.83190133211997 1.424132264349458
 131.89123291720293 1.413835637814337
 133.97458203160207 1.4033575514348475
 136.0819486753174 1.3926987127494326
 138.21333284834893 1.3818627709926905
 140.37010698094326 1.370832333466832
 142.55089864285384 1.3596394966628287
 144.75776647945054 1.348349550754899
 146.98933806048677 1.3370281347413742
 149.24767203133246 1.325699546297941
 151.531395961741 1.3143336625040116
 153.8411960668357 1.3028670891774843
 156.1784447768632 1.2912555520570097
 158.54245587670016 1.2794966169086808
 160.93322936634658 1.2675703684889705
 163.35213767604915 1.255445435301367
 165.7984945906845 1.2431154655282037
 168.27367254049926 1.2305556580063017
 170.77698531037018 1.2177263336976667
 173.3091191154205 1.2045910955207884
 175.87007395565027 1.1911192242959732
 178.46122226130612 1.1773297651384413
 181.0811916021414 1.1632277515906466
 183.73204062352605 1.1487881766053243
 186.4137693254601 1.1340538894928556
 189.12569149282027 1.1191042171110652
 191.86849334072977 1.1039705319876956
 194.64354729943534 1.0886751591428834
 197.45016715381362 1.073252523573585
 200.28903911898794 1.0576918631454912
 203.1601631949583 1.0419405865581972
 206.0649118119713 1.02601953362873
 209.0025987549037 1.0099810201141
 211.97391023887874 0.99382746046391
 214.9788462638965 0.977488018135614
 218.0187792602035 0.9609047298666668
 221.09370922779985 0.9440769938823523
 224.20294995156218 0.927011986747896
 227.3485600768605 0.9097092766837861
 230.52985338857147 0.8921486333975901
 233.7475161018183 0.874321018616168
 237.00223443172447 0.8562027246212742
 240.2940083782899 0.8377028266542053
 243.62283794151463 0.8188180427093232
 246.99009555164523 0.7996732420853967
 250.3964674238051 0.7804736327947668
 253.84058112774753 0.76134248079719
 257.32449530884253 0.7423483211803943
 260.84820996709004 0.7234022457097359
 264.41172510249015 0.7043686083362417
 268.0157269301661 0.6851850237325199
 271.6609016652413 0.6658509462280852
 275.34793552283895 0.6464538819108218
 279.07614228783586 0.627113518076112
 282.84689439047855 0.6077904618679988
 286.6608780458904 0.5884193478780201
 290.5180932540714 0.5690353563850211
 294.41854001502156 0.549632221885421
 298.36427697411085 0.5303239572273569
 302.35393170109256 0.5113253351595901
 306.3888766262134 0.49262271876140856
 310.46911174947337 0.4740969839070133
 314.5960095011191 0.455799819101092
 318.76956988115063 0.4378058524356073
 322.99047910469113 0.42019346735771307
 327.25942338686406 0.40315103769962607
 331.5757165125461 0.3868144615336724
 335.94141712710706 0.3711260441416792
 340.35583901542384 0.3560306495341506
 344.8203546077429 0.3415093829663166
 349.3349639040644 0.32754376892673454
 353.9003531195115 0.31418869280809303
 358.5172084692076 0.30152529878833156
 363.186216168276 0.2896280486909238
 367.9073762167167 0.2785611349434676
 372.6820610447764 0.268355220611519
 377.510270652455 0.2590271967185937
 382.3920050397526 0.25061595069286396
 387.3293228520391 0.2430511630159936
 392.32153787419116 0.23632775547075396
 397.3700225364555 0.23055325769901513
 402.47477683883204 0.22573103149046977
 407.6364869964441 0.2217976667913269
 412.8558392244151 0.21868831629324814
 418.1335197378682 0.21635290912227198
 423.47021475192685 0.21465064272822146
 428.86661048171436 0.21333758564961605
 434.323393142354 0.21219522528333223
 439.8405627338458 0.21103519130423595
 445.41880547131296 0.2096836909141754
 451.05949378500236 0.20807449066429112
 456.7633138900372 0.2063159101467048
 462.52957957129405 0.20466470931317213
 468.360349474143 0.20340133393784052
 474.2563098137074 0.20261527057355216
 480.21677437486375 0.2021627666506358
 486.2438018029822 0.20176889097405895
 492.33739209806265 0.20120548948923814
 498.4982314752285 0.200484621709336
 504.72700614960297 0.19978610976314323
 511.02440233630944 0.19914516361760276
 517.3917924655946 0.19843243768462668
 523.8291765374584 0.19770270966223294
 530.337240767024 0.1973298843995958
 536.9173575845382 0.19776680737151348
 543.569526990001 0.19926059610476618
 550.2944351985359 0.20178034298379213
 557.0934546403892 0.20514662809923434
 563.9672715306843 0.2086505121458906
 570.9158858694213 0.21142120467584458
 577.9406700868469 0.21331467875886753
 585.0423103980842 0.21465813650569346
 592.2214930182568 0.21576392732095057
 599.4795903776111 0.21704602716667937
 606.8159162610239 0.21893573915869388
 614.232529313865 0.2214791627059553
 621.7301157512579 0.22437006737275517
 629.3086755732027 0.22707261330055217
 636.970267425069 0.2289680694097009
 644.7142050917338 0.2296322517812086
 652.5425472185668 0.2289411894643433
 660.4559800206916 0.22715740923555303
 668.4545034981081 0.22489279579342616
 676.5394900810628 0.2227019732060095
 684.7116259846792 0.22081655331829828
 692.9743422845738 0.21916951895188824
 701.3187181841434 0.21741199366335218
 709.7591642009778 0.21524227353780695
 718.2888181838439 0.21265858983222594
 726.9145422839747 0.20969703600773879
 735.6226121989039 0.2065706139888505
 744.433614382331 0.20405747811853675
 753.3338245317899 0.202727739656835
 762.3301047985134 0.20225614580754586
 771.4224551825017 0.2019724082875231
 780.6108756837548 0.2017373235398745
 789.8953663022727 0.20136869607277774
 799.2827891892886 0.2006166101668205
 808.7731443448024 0.2002765447424004
 818.3527074663479 0.20094228746908788
 828.0420650076244 0.2019438563290281
 837.834354817399 0.2025429796845134
 847.7295768956716 0.20255254085597202
 857.720869091209 0.2028357966522171
 867.8288178577106 0.20445050418815766
 878.0328367414772 0.20685317227537217
 888.3535121962079 0.20867669135116151
 898.777119919437 0.20912608145263523
 909.3105220623969 0.20793296162252148
 919.9537186250881 0.20553005091395868
 930.7067096075106 0.20263773873021992
 941.5763571608974 0.19936503192735727
 952.5557991340153 0.196275223035116
 963.6518976780977 0.19445344648511284
 974.8646527931444 0.19437314350812754
 986.1872023279224 0.19499130838778242
 997.6332705848979 0.19506072476734254
 1009.1891332616045 0.1955287671948472
 1020.8753768117421 0.19784131201844457
 1032.6714147816106 0.20093680518347998
 1044.59783362491 0.20347551082390058
 1056.6409090391737 0.20617765022458953
 1068.807503175635 0.2091557444293375
 1081.1044781855271 0.21285449118376404
 1093.5181097663838 0.21627219182702687
 1106.062122220671 0.21906659278946666
 1118.736515548389 0.22203474939470477
 1131.5344275983048 0.22496137950408832
 1144.4695826728844 0.2255680883504633
 1157.5282564696615 0.223619513993061
 1170.7241732911027 0.22193394864783245
 1184.0504709859747 0.222064337336903
 1197.5071495542772 0.22351104799055857
 1211.1079332984773 0.22469842362175432
 1224.839097916108 0.22513289063401293
 1238.7075055584025 0.22685968969905126
 1252.713156225361 0.23005562557239018
 1266.862912068217 0.23292252072464203
 1281.1499109357367 0.23393577035331983
 1295.5810149791535 0.2331799113344433
 1310.1562241984677 0.23217556713412824
 1324.8755385936788 0.23062217813586247
 1339.7389581647874 0.22932374371657427
 1354.7464829117928 0.2300450639650644
 1369.898112834696 0.23164756301579081
 1385.2075722359623 0.2326522046735964
 1400.6611368131255 0.23315237956491752
 1416.2656687174194 0.23282379666539513
 1432.0211679488439 0.23243115357189983
 1447.9276345073986 0.2314463322811776
 1463.9919305443168 0.22916380342015596
 1480.2140560595985 0.22748135357304003
 1496.5871489020108 0.22781827125353232
 1513.1180712227865 0.22820008017997376
 1529.813685173159 0.22700500422701433
 1546.660266450662 0.22608272103234064
 1563.6784015089947 0.2245899042523017
 1580.847503894458 0.22126671950508833
 1598.188160060751 0.21944312851445247
 1615.6866457054077 0.2205242704550641
 1633.3498229796614 0.21959004353821404
 1651.184554034745 0.21863967447186144
 1669.1839767194251 0.21634382864622448
 1687.3549531849355 0.21443124948002557
 1705.6906212800425 0.2114069151795711
 1724.2047053072126 0.20777268290507434
 1742.8834809639798 0.20844051542200923
 1761.7406725528097 0.20894167268967345
 1780.7694179224698 0.20745852086971614
 1799.9697170729596 0.20419277204304231
 1819.348432155513 0.1994214829041973
 1838.9124253213627 0.19497661980852662
 1858.6479722680422 0.19281156549098827
 1878.5619351467847 0.19148051762659163
 1898.6543139575908 0.19121729830033882
 1918.931970851693 0.18819329234702056
 1939.3949058290916 0.1832735971967519
 1960.0362567385534 0.18034199920734612
 1980.8697478825445 0.17619310591192267
 2001.8816549585993 0.1700910054797558
 2023.0857022691835 0.1670737108246788
 2044.4750276630639 0.17150995407562827
 2066.0496311402403 0.17816033387543548
 2087.82323700318 0.17858347379568607
 2109.782120949416 0.17205653396481552
 2131.933145130182 0.1645713366761066
 2154.2763095454766 0.15775292893672208
 2176.8116141953014 0.15209655791343796
 2199.545921230889 0.15111883748688731
 2222.472368501006 0.1509314281973666
 2245.5978181568853 0.14667300031021788
 2268.922270198528 0.13987449406888178
 2292.4388624747 0.1289983298189336
 2316.161319287868 0.11645741084557881
 2340.082778486799 0.1043829250199682
 2364.203240071492 0.09687114171374313
 2388.529566193182 0.08899434404512657
 2413.054894700634 0.07916060313541243
 2437.779225593849 0.06775675472896074
 2462.716283175293 0.05819860095880702
 2487.8592052937333 0.050301542465145864
 2513.201129797936 0.04321284368173739
 2538.7557809903683 0.036351553209091975
 2564.5162967197966 0.0295850826591794
 2590.48267698622 0.02351125469609984
 2616.6617839408736 0.018745024905139594
 2643.0467554325223 0.015553547220097032
 2669.644453612401 0.013242106348897446
 2696.448016329275 0.011352389721403013
 2723.4711678856115 0.009778551276428033
 2750.7001839789446 0.008457121996031885
 2778.1487889117393 0.0073354561905885265
 2805.8101205327634 0.0063756807810102815
 2833.6773166907833 0.005550079090686935
 2861.764101688266 0.004837322233891993
 2890.0704755252104 0.004220370483323105
 2918.5895760503845 0.003685274378174285
 2947.3214032637875 0.003220430123606756
 2976.272819316653 0.002816079645749945
 3005.4438242089805 0.002463954393395222
 3034.8275557895377 0.002157008668910788
 3064.430876209557 0.0018892138118001994
 3094.2537854690386 0.0016553945049173856
 3124.2894214167495 0.0014510963715748755
 3154.551508355156 0.0012724773292128425
 3185.0263219817916 0.0011162173755131905
 3215.7275865991223 0.0009794431827907085
 3246.641577904683 0.0008596645232182231
 3277.7751580497056 0.0007547205728619654
 3309.1351891854238 0.0006627343490943104
 3340.7079470093713 0.0005820736131647912
 3372.507155824014 0.0005113177892712977
 3404.5259534781194 0.0004492293820830948
 3436.7643399716867 0.00039472955141940734
 3469.222315304717 0.00034687704938865424
 3501.8998794772097 0.00030485010968374024
 3534.797032489164 0.0002679307868860926
 3567.9206364918145 0.000235491477478546
 3601.256967182694 0.00020698317498998525
 3634.819748864269 0.00018192542109006827
 3668.595257234073 0.00015989746815698891
 3702.5972165945727 0.00014053069866021005
 3736.8119026433014 0.00012350200272297075
 3771.2530396827256 0.00010852803223773535
 3805.9069034103795 0.00009536019737102024
 3840.787218128729 0.0000837803209294542
 3875.880259535307 0.00007359683691324642
 3911.1928897813473 0.00006464148432602027
 3946.718246715617 0.000056766431391826956
 3982.470054640583 0.00004984174492818182
 4018.4277271025444 0.000043753193673455724
 4054.6118505552013 0.00003840032639111954
 4091.0018385448534 0.00003369478655749077
 4127.611415373969 0.00002955883918482867
 4164.440581042547 0.000025924084948339048
 4201.475611248121 0.00002273032376408527
 4238.723368141923 0.00001992456958716395
 4276.183851723955 0.000017460177919275662
 4313.857061994216 0.00001529608467919508
 4351.742998952706 0.000013396136031084595
 4389.834800448192 0.000011728500310716454
 4428.139328631907 0.000010265150585719886
 4466.642859201385 0.00000898141095100756
 4505.3591164590935 0.00000785555641343679
 4544.281238253796 0.000006868460979959127
 4583.409224585495 0.000006003288541970559
 4622.7362133029565 0.00000524522022161949
 4662.269066557415 0.000004581214378995104
 4702.000922197636 0.0000039997950635011595
 4741.931780223619 0.0000034908661704207105
 4782.061640635366 0.000003045546712549862
 4822.3905034328745 0.000002656026770228742
 4862.918368616146 0.000002315439411747904
 4903.638374033947 0.0000020177487754823223
 4944.543657535045 0.0000017576505418126017
 4985.647943421905 0.0000015304847364538569
 5026.944369543296 0.0000013321586409142323
 5068.426073747982 0.000001159078860825984
 5110.093056035964 0.0000010080913888218056
 5151.945316407244 8.764288191553293E-7
 5193.989717013052 7.616638689056978E-7
 5236.20567139969 6.616682563256675E-7
 5278.606903869625 5.74576547264125E-7
 5321.186552271623 4.987543842630032E-7
 5363.937754454451 4.3277037808997133E-7
 5406.867372569343 3.75371381444666E-7
 5449.968544465064 3.2546075566211516E-7
 5493.248132292848 2.8207920648523344E-7
 5536.685549598997 2.443879444907073E-7
 5580.294520685975 2.1165384013798834E-7
 5624.068183402549 1.8323638451458824E-7
 5668.006537748721 1.585762442946025E-7
 5712.102721573256 1.3718517017395503E-7
 5756.356734876154 1.1863715600948157E-7
 5800.768577657416 1.0256066307042365E-7
 5845.331387765808 8.863180235948509E-8
 5890.045165201333 7.65683410997901E-8
 5934.909909963985 6.61244646756784E-8
 5979.925622053769 5.708615760783089E-8
 6025.078577168217 4.926718586194885E-8
 6070.382499609795 4.250555426547055E-8
 6115.816802924804 3.666041543703918E-8
 6161.39521141571 3.160936402986168E-8
 6207.104000780046 2.7246067163644105E-8
 6252.943171017813 2.3478194511083725E-8
 6298.912722129012 2.0225609029027068E-8
 6345.005791962408 1.741878795292043E-8
 6391.229242669235 1.499744034524661E-8
 6437.569349947025 1.2909304116758298E-8
 6484.032975947014 1.1109097215920247E-8
 6530.606396366734 9.55759927568064E-9
 6577.296473357418 8.220856493460242E-9
 6624.096344767833 7.0694851329678196E-9
 6670.999148446746 6.078065660356181E-9
 6718.01174654539 5.224619130676473E-9
 6765.1204147613 4.490146939778684E-9
 6812.332015245707 3.858233760532921E-9
 6859.63968584738 3.3147025667318266E-9
 6907.02970226385 2.8473117926425435E-9
 6954.515788797586 2.4454979764420828E-9
 7002.070496843652 2.1001466130025056E-9
 7049.762447914383 1.8033982659853529E-9
 7097.523020497447 1.5484771657594623E-9
 7145.28359308051 1.3295446956859371E-9
 7193.181408688238 1.1415710529520808E-9
 7241.147845808296 9.802254728457517E-10
 7289.182904440688 8.417813118132646E-10
 7337.28658458541 7.230322301558175E-10
 7385.390264730133 6.212216479399758E-10
 7433.631187899521 5.339809874086245E-10
 7481.8721110689075 4.592764055492289E-10
 7530.250277262958 3.953634980831781E-10
 7578.559821944678 3.407474250421344E-10
 7627.00660965106 2.9415034267469107E-10
 7675.4533973574435 2.5448094102276776E-10
 7723.968806576159 2.2081008326479568E-10
 7772.484215794874 1.92352468130426E-10
 7820.999625013588 1.6844454487160967E-10
 7869.583655744636 1.4853718294163622E-10
 7918.236307988014 1.3217941943462694E-10
 7966.888960231394 1.190128854787693E-10
 8015.472990962441 1.0876929011218542E-10
 8064.194264718152 1.0126709122096155E-10
 8112.846916961532 9.641060883601031E-11
 8161.568190717242 9.424210059883416E-11
 8210.220842960622 9.485324936985009E-11
