 0. -0.
 0.26192572442822415 0.011668804923261939
 0.7888565076551727 0.10395174368501753
 1.321986911731867 0.29074809186268774
 1.8613922356969679 0.5722835936632062
 2.4071319261599453 0.9436740545387216
 2.9592984556244164 1.3940221782119333
 3.517957875878681 1.9070182296697105
 4.083182843889868 2.462704810057697
 4.655052621803937 3.039737904390182
 5.233646471766845 3.6175331811524396
 5.819050261103382 4.177918569045757
 6.411323436423018 4.7061469982848845
 7.01053865469288 5.191298732962606
 7.616828019489567 5.6261961004560535
 8.230250977422546 6.006991010229523
 8.85087358028012 6.332579330492811
 9.478761879850586 6.603965234684675
 10.11411403149884 6.823666041288461
 10.756863983436586 6.9951950823608495
 11.407143839240419 7.122649630327936
 12.065085702486938 7.210390623267333
 12.730755624964441 7.262808578768817
 13.404285710249528 7.284166516524908
 14.0856759583422 7.2785015299542
 14.775058472819051 7.249572257067687
 15.47256535725668 7.2008333808893115
 16.17826266344339 7.1354203297083005
 16.892216443167474 7.056145197146447
 17.61455880000554 6.965496232166522
 18.34542183753417 6.865647018920882
 19.08480555575338 6.758475856431846
 19.832908110028058 6.645591258171146
 20.589729500358207 6.528363571538449
 21.355533933897025 6.407956087348284
 22.130255358856207 6.2853571693001475
 22.914025878812357 6.161416463381331
 23.707043649130366 6.036874987370661
 24.509374721598537 5.912386550485248
 25.32108514800517 5.78852387327955
 26.14237308371516 5.665774507712656
 26.973238528728512 5.544556136895967
 27.813813586621812 5.42522881489132
 28.66429641275997 5.308078646980153
 29.52475305893128 5.193300449949464
 30.395249576924037 5.08102294567632
 31.275984122103143 4.971343797550016
 32.1670227462569 4.864343890236569
 33.068497552961894 4.760098498494517
 33.98054064579473 4.658688353992399
 34.90328412833202 4.56224676230653
 35.836794052362045 4.464679903659688
 36.781268573249704 4.372148457726415
 37.73677374278329 4.282546556477884
 38.70350771632772 4.195768784652647
 39.681536545671285 4.1116916222878475
 40.670992334390576 4.030203585222125
 41.672007186062196 3.951219147866006
 42.68477925605104 3.874674816266657
 43.709440647933704 3.8005101564207813
 44.74605741349849 3.728660195399939
 45.794761656322 3.659067049158778
 46.85575153176913 3.5916828294870893
 47.92915914341648 3.526467706041772
 49.01511659484063 3.4633784315360785
 50.11375598961819 3.4023561019414776
 51.22527548311407 3.3433285024489665
 52.34974112711655 3.2862112804497223
 53.48735107699055 3.230909526509032
 54.63830348810093 3.177334808085359
 55.80266441223603 3.1254102184470836
 56.98063200476071 3.0750573718869734
 58.1723383692516 3.0262000756616305
 59.377981661073576 2.978759434072236
 60.59769398380324 2.932627736895191
 61.8316734928055 2.8876752932694103
 63.07998623986864 2.8437924040040987
 64.34289643214586 2.8009330168587687
 65.62060222500206 2.7591046287097782
 66.91310361843725 2.7183142264418976
 68.22092902675782 2.678561963052602
 69.54394634638714 2.639885271924526
 70.88215557732524 2.6023581018380755
 72.23621723745511 2.5660206911296233
 73.60547080889376 2.5308261205729803
 74.99123732740716 2.496653777157346
 76.39285627511232 2.4633667791402303
 77.81098816989224 2.4308357416555024
 79.2456330117469 2.398951679500591
 80.69745131855933 2.3676736913500576
 82.1657825724465 2.337034059671486
 83.65062677340842 2.3070975533966807
 85.15330495721109 2.27794403720848
 86.67381712385448 2.2496693895256183
 88.21150275545563 2.222368570781968
 89.7670223698975 2.196084420271007
 91.3410364850631 2.170788684458703
 92.93288458306944 2.1464136364620368
 94.54388769968249 2.1228419782155354
 96.17338531701927 2.099928311117173
 97.82137743507975 2.077954635844231
 99.48852457174698 2.0557255551272355
 101.1754872449039 2.0344696666881044
 102.88160493666754 2.0137760439758554
 104.60819868280386 1.9935108651975326
 106.3546079654299 1.9735410735475634
 108.12083278454566 1.9538187808157403
 109.9075336580341 1.9343491889162712
 111.71537110377821 1.915115468126718
 113.54434512177802 1.8961160374731558
 115.39379519415054 1.8774096479866378
 117.2657028745447 1.8590485228058784
 119.15808660931157 1.8410006344590886
 121.07358846998308 1.823222888656996
 123.01022690291029 1.805751137808309
 124.96998346174216 1.7887083408851372
 126.9521976285957 1.7721611537881639
 128.95752992135388 1.7560451645796973
 130.9859803400167 1.7402684727753983
 133.03754888458423 1.7247672274283226
 135.11355659082236 1.709503179169295
 137.21268242296517 1.6944699021042935
 139.33690793466158 1.6797440989683055
 141.48491209014566 1.6654301650396008
 143.65867644306633 1.651523306397243
 145.85687995765764 1.6379575301296139
 148.0801831518026 1.6247068776648335
 150.32990706126716 1.6116860784092188
 152.60539116816832 1.5987889011147802
 154.9066354725061 1.5860255966124563
 157.2349610100465 1.5734214604850618
 159.5897072629065 1.5610195870218682
 161.97219526685208 1.5489329393598408
 164.38176450400027 1.537217463576294
 166.81907549223402 1.5258710177065538
 169.28412823155338 1.5148641752359342
 171.7782437577243 1.5041278323041252
 174.3001010349808 1.4936518400785048
 176.85168161697186 1.483430231657482
 179.4329855036975 1.4733292362472594
 182.0433521772747 1.4632152870506765
 184.68344215558645 1.4530152002747097
 187.35457647439873 1.4427115342070151
 190.05609461582856 1.4323303494177917
 192.78865709775897 1.4218016750610267
 195.5522639201899 1.411100062556429
 198.34823611888729 1.4003826913117308
 201.17591317596828 1.3897250910812644
 204.03595560931575 1.379106148213245
 206.92836341892976 1.368601749456117
 209.85445764057624 1.3585038008435864
 212.81423827425525 1.3482896004524463
 215.80704480208374 1.33838505380231
 218.83485877771076 1.3284867800487188
 221.89701968325323 1.3184224020345874
 224.99418803659415 1.3081078221468883
 228.1270243556166 1.2975139708650478
 231.2955286403205 1.2866444181301895
 234.4997008907059 1.2755273664771853
 237.74086214253867 1.2642549713861693
 241.01967291370195 1.252962431627387
 244.33481216842966 1.2417267049316205
 247.6882614603708 1.2306086332954385
 251.08002078952538 1.2195471197264773
 254.51009015589338 1.208289769387337
 257.9791300773578 1.1966349826028821
 261.48780107180164 1.1848235264022837
 265.0367636571079 1.173091475892094
 268.62535731539356 1.1612965944181386
 272.2549030824246 1.1493985416457266
 275.926061476084 1.1375490400725883
 279.63883249637183 1.1258443251115695
 283.393216143288 1.1142037670924478
 287.19119397048155 1.1024727875645952
 291.03144494218645 1.0904494808579228
 294.9152900941687 1.0779491280188915
 298.8427294264283 1.0649144569920561
 302.8150839747313 1.051442366179328
 306.8323537390776 1.0378560372506618
 310.8951992373502 1.02423982281488
 315.004280987432 1.0102539154762258
 319.1589384714403 0.9957229801263978
 323.3611532430238 0.9810317034209857
 327.61026478429966 0.9666112832484961
 331.90759413103376 0.9525000199772634
 336.25314128322617 0.9386087160783702
 340.64756675875987 0.9246387714764518
 345.0915310755178 0.9102286021349012
 349.58569475138296 0.8952371953793575
 354.13005778635545 0.8796777089928172
 358.7259412162011 0.863601091135022
 363.37334504091996 0.8470050468438217
 368.07226926051214 0.8301661955570943
 372.8246954286265 0.8137265656862429
 377.6299630273801 0.7976248562422685
 382.4893930925388 0.7810979158113788
 387.40298562410277 0.7640258963701567
 392.3714011399549 0.7468551935564615
 397.3953001579782 0.7297708323187854
 402.4753431960557 0.7124788535052238
 407.61219077207033 0.6942813256572943
 412.80650340390514 0.6758802251048811
 418.0589416094431 0.6572865947586929
 423.3695053886841 0.638426901800519
 428.73885525951124 0.619119181231401
 434.16831225769056 0.5995744165717116
 439.6585369011049 0.5798397310442756
 445.2088686718714 0.5597797218822109
 450.82128912363896 0.5393867392116826
 456.49645877429066 0.5189539261980526
 462.2337171059433 0.4987848553346784
 468.03504567224604 0.47871489113679633
 473.9004444731989 0.45833330677828227
 479.83057402668476 0.4372364490163519
 485.82609485058657 0.4156564966218172
 491.8876674627874 0.39407652892753486
 498.01661289905337 0.37252034214104796
 504.21293115938425 0.3509932095753869
 510.47728276166316 0.3298251467877991
 516.8109887416559 0.3090789949418823
 523.2140490993628 0.28852378394689027
 529.6871243526666 0.2682736550203591
 536.2315355373332 0.24856405597918638
 542.8479431712459 0.22950993382761872
 549.5363472544045 0.21139099345264797
 556.2980688225749 0.19428214751878356
 563.1337683936403 0.17768218139226366
 570.0441064854836 0.16145150017534496
 577.0304041338708 0.1459294624711855
 584.0920008209188 0.13117439091790428
 591.2308781002766 0.11726100948312287
 598.4476964898273 0.10407939457974638
 605.7424559895709 0.09166126768461111
 613.1171381531562 0.08032152310435042
 620.5710824627005 0.07008534422362958
 628.1062704718524 0.060745980452264495
 635.7233626984952 0.05217332783598317
 643.4223591426288 0.044357951530388955
 651.204580840019 0.037398712385027975
 659.0706883085492 0.03131359729325299
 667.0239841376339 0.026028484077517483
 675.0558815947944 0.021543835300192687
 683.1802515555736 0.017671879708079465
 691.3904888411416 0.01413315721014877
 699.6931986303282 0.010923569003999737
 708.0751705654736 0.008222117037458504
 716.5562201830675 0.006151480297252676
 725.1231371254502 0.0047345873932341746
 733.7825265714514 0.003765590063337343
 742.5343885210713 0.003003040031626618
 751.3787229743098 0.0022456050625561733
 760.315529931167 0.0018728895925332544
 769.3514145704726 0.0015146055075019892
 778.4863768922269 0.0012375923561170046
 787.7072065387697 0.0010139709891727148
 797.033719046591 0.0007983540932153919
 806.4593092368609 0.0005682556800932162
 815.9839771095793 0.00035231335850294693
 825.6011174859165 0.00014596132674566674
 835.3305459023617 -0.000021176663285744815
 845.1524468224259 -0.00011327698068936708
 855.086635782598 -0.00015127451091844445
 865.1199024252189 -0.00014291023671903668
 875.2588519291181 -0.00013445785956558664
 885.5034842942958 -0.00010888970154618216
 895.853799520752 -0.00009507785943677237
 906.3164027873165 -0.00009583396276680476
 916.8846889151594 -0.00008872885316448267
 927.5652630831106 -0.00008154825177263585
 938.3581252911702 -0.00005824764895577679
 949.2566703605081 -0.000039345796012922634
 960.2741086487844 -0.000026423244086972776
 971.397229798339 -0.000015962453690637587
 982.6458493456619 -0.000007052137683240016
 994.000151754263 -6.302634664352581E-7
 1005.4799525606322 0.000004092195102832478
 1017.07204140711 0.000008792277434138349
 1028.7830234725259 0.000012305100009221243
 1040.6195039357099 0.000013894522965803037
 1052.5682724390022 0.000014823432865838278
 1064.6425393400627 0.000015779945040645433
 1076.8423046388914 0.000016459029440905737
 1089.1609631566585 0.00001678516498214403
 1101.6117252510232 0.00001712924100750047
 1114.1813805643262 0.000017560648502550333
 1126.8831394542276 0.000017337284936354286
 1139.7103967418968 0.000015451381939443456
 1152.6631524273341 0.000011611827132963129
 1165.7546168681997 0.000006224597281377251
 1178.9715797068332 -3.4488040959020256E-7
 1192.3206461220648 -0.000006883586483055849
 1205.8018161138941 -0.000010854868037044389
 1219.4216948611518 -0.00000991311294169041
 1233.1736771850074 -0.000008962223461318455
 1247.0643682642908 -0.0000060100652395280675
 1261.0937680990023 -0.0000032135869482001294
 1275.2618766891417 -9.995947852709923E-7
 1289.5686940347089 5.211773365286534E-7
 1304.0142201357041 0.0000013794403967006812
 1318.5984549921275 0.0000016965844802298
 1333.3346089616384 0.0000016154856752405754
 1348.2094716865772 0.0000015336235018493915
 1363.2296483457737 0.0000012925013145358413
 1378.3951389392284 7.749859726120641E-7
 1393.7059434669409 -1.5175253623465402E-7
 1409.168667107741 -0.0000013795535128351235
 1424.7833098616288 -0.0000026856500301532793
 1440.5432665497747 -0.0000037277473614547725
 1456.455142351008 -0.0000043080730634842145
 1472.525542444159 -0.000004553164158340907
 1488.741256471568 -0.000004645327237349438
 1505.1220999697243 -0.000004599268180049457
 1521.6482574021388 -0.000004552800534337943
 1538.3395443053007 -0.000004042463222031144
 1555.1827503215502 -0.0000032419862378273454
 1572.1844806297177 -0.0000024475914133140626
 1589.3513404086323 -0.0000018244800179239024
 1606.6767244794646 -0.0000013069558531456354
 1624.1672380210448 -8.442844967122553E-7
 1641.8162758545425 -2.2770062136754523E-7
 1659.6370483376174 6.976045918176755E-7
 1677.6163451126101 0.000001772087511002711
 1695.7673765371803 0.000002386586474432647
 1714.0835374324981 0.0000023408589965890507
 1732.564827798563 0.0000022857246425161342
 1751.2178528142058 0.0000024229770375984325
 1770.049217658256 0.000002561541689999155
 1789.0457119730536 0.000003160545986973514
 1808.2139409374286 0.000003619245426913377
 1827.5539045513813 0.0000036167219885309628
 1847.072207993741 0.0000033731565845119486
 1866.768851264508 0.0000031633457387988532
 1886.6372291848527 0.0000028287755996674226
 1906.6905521124345 0.000002179236134139883
 1926.9156096895938 0.0000014833327722648222
 1947.3256122739908 0.0000013922253440727409
 1967.9139546867946 0.0000014659993796683225
 1988.6806369280057 0.0000015404124588831153
 2009.6388693552844 0.000001955002063300558
 2030.77544161097 0.0000025554823779318254
 2052.096958873893 0.000003011443571031984
 2073.6034211440533 0.0000031872261459533403
 2095.294828421451 0.0000031642276995524204
 2117.1777858849155 0.0000032051455863417088
 2139.2456883556174 0.000003246409292880499
 2161.5051410123865 0.000003007819162807218
 2183.9561438552228 0.000002213281489649854
 2206.5920917052963 0.0000013494321856084614
 2229.426194920267 8.30434400133754E-7
 2252.4518483213046 7.123793541462082E-7
 2275.6690519084095 3.990689895898168E-7
 2299.0844108604115 3.391802692992646E-7
 2322.69131999848 -9.137958913016987E-8
 2346.4897793226164 -5.309212868274108E-7
 2370.4929991904796 -6.672988061818202E-7
 2394.69437442324 -6.458978309818938E-7
 2419.0872998420673 -6.243274703341513E-7
 2443.6849858046216 -4.5799161751356246E-7
 2468.480827132073 -2.6195275806719574E-7
 2493.474823824421 6.267781329168143E-8
 2518.673581060497 4.3555769950298053E-7
 2544.070493661469 6.334172034225285E-7
 2569.6721668061687 6.749750410335497E-7
 2595.471995315765 6.056336776398818E-7
 2621.4831895479183 4.437352769350045E-7
 2647.692539144969 2.436113695609312E-7
 2674.113254464576 4.840404375056917E-8
 2700.73873032791 -7.742515337247328E-8
 2727.5623615561412 -8.946855083753575E-8
 2754.5973585069296 -8.282695132066116E-8
 2781.8437211802743 -7.613342627616871E-8
 2809.2948443973464 -5.708859107143692E-8
 2836.950728158145 -4.5027260411871134E-8
 2864.817977641501 -3.6845496968884536E-8
 2892.896592847413 -3.0750185105278906E-8
 2921.1799685970527 -2.6000598247422083E-8
 2949.6747100692496 -2.2213272189563713E-8
 2978.3808172640024 -1.913677240846555E-8
 3007.291685002483 -1.65968969971372E-8
 3036.4205236423495 -1.4471333142811968E-8
 3065.754122825944 -1.2672426551120584E-8
 3095.3056929109243 -1.113580251375726E-8
 3125.0620235396323 -9.813075578714804E-9
 3155.0297198908966 -8.667132638077883E-9
 3185.2153871435476 -7.668997499733792E-9
 3215.605814939926 -6.7956914726565715E-9
 3246.214213637691 -6.028735011618494E-9
 3277.0339780580125 -5.3530782648279166E-9
 3308.0651082008912 -4.7563206338006175E-9
 3339.307604066327 -4.2281375428137525E-9
 3370.7614656543196 -3.759848323032489E-9
 3402.4266929648684 -3.3440908378762165E-9
 3434.3098911768047 -2.9745716891382506E-9
 3466.397849932468 -2.645872828175282E-9
 3498.7037795895176 -2.3533005983970277E-9
 3531.214469790294 -2.0927663972344073E-9
 3563.9431308924577 -1.8606918687031408E-9
 3596.876552538348 -1.6539319966721305E-9
 3630.027945085625 -1.4697132938828706E-9
 3663.384098176629 -1.3055824457964353E-9
 3696.9582221690202 -6.13556192978495E-10
