 0. 0.
 0.27211586229200235 0.06991670505483297
 0.8195467217809244 0.192134368405245
 1.3734183964173268 0.2996340488509896
 1.9338091147252676 0.3939117424709026
 2.500780636065847 0.47636759340359874
 3.0744290305563275 0.548393903606461
 3.6548229197090434 0.6113808587938993
 4.242037787187558 0.6666640693008692
 4.836155978806671 0.7154658313518861
 5.43725984038118 0.7588559860140669
 6.045438579877117 0.7977369483884431
 6.660753956655581 0.8328474270551683
 7.283281454380137 0.864777631685157
 7.913158316075449 0.8939898265709989
 8.550446301102614 0.9208415254969451
 9.195214030973968 0.945608135421694
 9.847530127201837 0.9685026757004023
 10.507600454323223 0.9896919897358281
 11.175356390825794 1.0093089063751468
 11.850935179734208 1.0274616083513715
 12.534474064073134 1.0442412622452235
 13.2260416653549 1.0597284460043044
 13.925775226604175 1.0739979163174207
 14.633674747820958 1.0871227232798246
 15.349877472029908 1.0991784104979674
 16.074520642255695 1.110245406051605
 16.807672880010646 1.1204093259628318
 17.549402806807098 1.1297587492914305
 18.299847665669713 1.1383807790980387
 19.05914469962315 1.1463561245206288
 19.827293908667418 1.1537552669827116
 20.604501157339506 1.1606378891984481
 21.390766445639414 1.1670545436872857
 22.186364259616475 1.173049008008153
 22.991225977758354 1.1786593853450642
 23.805488843089716 1.1839184191788603
 24.629358720147557 1.1888537016721314
 25.462904230444206 1.1934883061860315
 26.306193995492 1.1978397442492086
 27.159433879827926 1.2019184659140414
 28.022623883452 1.2057279125028058
 28.895901249388867 1.2092667763209324
 29.779471842175536 1.2125326189165755
 30.673404283324334 1.2155245354754818
 31.577767194347594 1.2182443285043791
 32.492766439782315 1.2206974572393703
 33.41847064114082 1.2228932042900893
 34.35501704144779 1.2248426480253742
 35.30254288372786 1.2265575783985745
 36.26118541100573 1.22804819928147
 37.23101324479371 1.2293166676069387
 38.21223224962879 1.2303567771598143
 39.204911047023316 1.2311641196007195
 40.209255501514285 1.2317446416995834
 41.22533423461402 1.2321117137270503
 42.253284489347195 1.2322827620319654
 43.29324350873846 1.2322822385696337
 44.34541715732482 1.2321375411776043
 45.40994267813094 1.231868905344515
 46.48688869266915 1.2314849024150063
 47.57639244396411 1.2309844928430056
 48.67865979655282 1.2303612238368125
 49.79382799345995 1.2296106534912385
 50.92203427771015 1.228738051020544
 52.063415892328095 1.2277559602970958
 53.218178701850775 1.2266761741116385
 54.38639132779053 1.2255045360888341
 55.56825963468435 1.2242439243992103
 56.763989487069225 1.2228991628622319
 57.973649506457505 1.2214734550640387
 59.19744555738616 1.2199599959835696
 60.43551488287988 1.2183390062568515
 61.68806334747564 1.2165850379612755
 62.95522819419812 1.2146784367834678
 64.2372152875843 1.212612848017112
 65.53409324914654 1.2103959450969568
 66.84613656493413 1.2080392158381332
 68.17355109948409 1.2055474683631902
 69.51633685279641 1.2029168448006489
 70.87504279696977 1.2001383896306206
 72.24953168897947 1.1972020337559637
 73.63980352882552 1.1941035311940573
 75.04654453163127 1.1908494404773962
 76.46906848227337 1.1874501719420316
 77.90874781099846 1.1839168451776343
 79.36489630268323 1.180263559223235
 80.83820017245101 1.1765073914292812
 82.32865942030176 1.172661064407668
 83.83696026135885 1.1687256095353193
 85.36241648049894 1.1646902978272335
 86.905028077722 1.1605358279618805
 88.46616748327472 1.1562444889781602
 90.04583469715706 1.151805230480606
 91.64334350424572 1.1472138987695795
 93.25938011966403 1.142472487219442
 94.89463075853529 1.1375868057641307
 96.54840920573618 1.1325607461547085
 98.22208789151334 1.1273873873896287
 99.91498060074348 1.122054642257737
 101.62708733342656 1.1165648487601691
 103.35909430468591 1.110940044187382
 105.11168772964488 1.105206593391071
 106.88418139318011 1.0993807031813443
 108.67794772553825 1.0934639767095367
 110.492300511596 1.087464092539089
 112.32723975135335 1.0814082544065007
 114.1834516599336 1.0753262883791668
 116.06162245246009 1.0692217258612593
 117.96175212893282 1.0630669175422909
 119.88315447422848 1.0568239797292065
 121.827888133717 1.0504728285833766
 123.79389446202842 1.0440073472260776
 125.78391831965604 1.0374089552242882
 127.79590106122991 1.030638011506848
 129.83190133211997 1.0236670304543771
 131.89123291720293 1.016499323579911
 133.97458203160207 1.0091436726021383
 136.0819486753174 1.001594314792474
 138.21333284834893 0.993841306976906
 140.37010698094326 0.9858794084311302
 142.55089864285384 0.9777333514165601
 144.75776647945054 0.9694386639693481
 146.98933806048677 0.9610058170631347
 149.24767203133246 0.9524103961349758
 151.531395961741 0.943615374403958
 153.8411960668357 0.9345993449243921
 156.1784447768632 0.925363102516663
 158.54245587670016 0.9159277386780307
 160.93322936634658 0.9063346150914648
 163.35213767604915 0.8966335317165097
 165.7984945906845 0.8868259025175299
 168.27367254049926 0.8768496568130144
 170.77698531037018 0.8666348801470202
 173.3091191154205 0.8561595850547107
 175.87007395565027 0.8454590752731665
 178.46122226130612 0.8345861498504955
 181.0811916021414 0.8235817000896513
 183.73204062352605 0.8124879889557584
 186.4137693254601 0.8013553918334162
 189.12569149282027 0.7902134062281153
 191.86849334072977 0.7790502827421069
 194.64354729943534 0.7678321185984248
 197.45016715381362 0.7565359707024321
 200.28903911898794 0.7451885579152094
 203.1601631949583 0.7338384864513384
 206.0649118119713 0.7225051736994655
 209.0025987549037 0.7111747406256094
 211.97391023887874 0.6997791858087923
 214.9788462638965 0.6882441624428166
 218.0187792602035 0.6765250556356145
 221.09370922779985 0.6645753886902995
 224.20294995156218 0.6523387177492749
 227.3485600768605 0.6398670182899708
 230.52985338857147 0.6272844074003221
 233.7475161018183 0.6146801444952158
 237.00223443172447 0.6020834005121026
 240.2940083782899 0.5895239906879344
 243.62283794151463 0.5770524759713269
 246.99009555164523 0.5646607984160255
 250.3964674238051 0.5522487973898872
 253.84058112774753 0.5397108743448811
 257.32449530884253 0.5269646428912593
 260.84820996709004 0.5140329327527527
 264.41172510249015 0.5010507252239702
 268.0157269301661 0.4880822243250877
 271.6609016652413 0.4751243738810888
 275.34793552283895 0.46223159874380126
 279.07614228783586 0.44946284843023665
 282.84689439047855 0.4368383949287177
 286.6608780458904 0.42442324425248146
 290.5180932540714 0.41231337352414865
 294.41854001502156 0.4005726775185772
 298.36427697411085 0.38929884155906036
 302.35393170109256 0.3785003501926736
 306.3888766262134 0.36804654167627265
 310.46911174947337 0.3578188531456556
 314.5960095011191 0.347782850027671
 318.76956988115063 0.3379254581250918
 322.99047910469113 0.328240926445464
 327.25942338686406 0.318868899671564
 331.5757165125461 0.30997179075876563
 335.94141712710706 0.30154087566894927
 340.35583901542384 0.293545330513357
 344.8203546077429 0.28600435313607886
 349.3349639040644 0.2789309494240503
 353.9003531195115 0.27231814530690746
 358.5172084692076 0.26597143948970686
 363.186216168276 0.2596286511507594
 367.9073762167167 0.25322818225292737
 372.6820610447764 0.24686453851160176
 377.510270652455 0.24072227290632497
 382.3920050397526 0.2349183015271819
 387.3293228520391 0.22950332080862385
 392.32153787419116 0.22456392584628923
 397.3700225364555 0.2201678255199166
 402.47477683883204 0.21631544183257764
 407.6364869964441 0.21299733311717425
 412.8558392244151 0.2101566414355943
 418.1335197378682 0.20762239409812133
 423.47021475192685 0.20521735803187746
 428.86661048171436 0.20295857316790816
 434.323393142354 0.20100791585294045
 439.8405627338458 0.19957415860331235
 445.41880547131296 0.1988148914259448
 451.05949378500236 0.19880326618876346
 456.7633138900372 0.19958120097318915
 462.52957957129405 0.2011368171426408
 468.360349474143 0.20331049135781487
 474.2563098137074 0.20577224709638528
 480.21677437486375 0.20820283116452526
 486.2438018029822 0.21042989106809473
 492.33739209806265 0.21234434443638642
 498.4982314752285 0.2138792025841624
 504.72700614960297 0.21498571828882157
 511.02440233630944 0.21561660915346129
 517.3917924655946 0.21572226230461491
 523.8291765374584 0.21519705820472357
 530.337240767024 0.21392380972858027
 536.9173575845382 0.21185560432494585
 543.569526990001 0.2090694500040808
 550.2944351985359 0.2058549460642367
 557.0934546403892 0.20261239584686636
 563.9672715306843 0.1995004675572929
 570.9158858694213 0.19648656101144582
 577.9406700868469 0.19377545045117578
 585.0423103980842 0.19165461253032215
 592.2214930182568 0.19042532430545517
 599.4795903776111 0.19025434013782577
 606.8159162610239 0.19079200740822536
 614.232529313865 0.19158507560635227
 621.7301157512579 0.19246076181696342
 629.3086755732027 0.1932113523574424
 636.970267425069 0.19367046024124035
 644.7142050917338 0.19372243771052264
 652.5425472185668 0.1935831768728495
 660.4559800206916 0.19360992747185288
 668.4545034981081 0.19378746360423565
 676.5394900810628 0.19381289909674076
 684.7116259846792 0.1933756277004256
 692.9743422845738 0.19253767087181747
 701.3187181841434 0.19189990916228103
 709.7591642009778 0.19201789309600117
 718.2888181838439 0.19279185445949296
 726.9145422839747 0.193899105677199
 735.6226121989039 0.19489730711284606
 744.433614382331 0.19520517339392093
 753.3338245317899 0.1945086416149637
 762.3301047985134 0.19333029072810906
 771.4224551825017 0.19273510289471452
 780.6108756837548 0.1930521138997824
 789.8953663022727 0.19384187839793574
 799.2827891892886 0.19475516086644812
 808.7731443448024 0.19560746965751225
 818.3527074663479 0.19588379218799976
 828.0420650076244 0.19555167694125564
 837.834354817399 0.19474106910409478
 847.7295768956716 0.19253088831383325
 857.720869091209 0.18930034238212912
 867.8288178577106 0.1870534744599416
 878.0328367414772 0.1868943352304347
 888.3535121962079 0.18838638742655697
 898.777119919437 0.19045177708342337
 909.3105220623969 0.19221753817851112
 919.9537186250881 0.19370588675409525
 930.7067096075106 0.19535834859999687
 941.5763571608974 0.19750596977274734
 952.5557991340153 0.20017822136810545
 963.6518976780977 0.20343521857606067
 974.8646527931444 0.20655437773929974
 986.1872023279224 0.2078361832050436
 997.6332705848979 0.20695311634331476
 1009.1891332616045 0.20577310393811563
 1020.8753768117421 0.20510070724991922
 1032.6714147816106 0.2055338414743164
 1044.59783362491 0.20714765838756016
 1056.6409090391737 0.20957382508697608
 1068.807503175635 0.2121569494187024
 1081.1044781855271 0.214546325950732
 1093.5181097663838 0.2161807535935442
 1106.062122220671 0.21743165275442808
 1118.736515548389 0.21815054172336013
 1131.5344275983048 0.2172155853607652
 1144.4695826728844 0.21492763065811477
 1157.5282564696615 0.21257293741533442
 1170.7241732911027 0.21001797163493305
 1184.0504709859747 0.2060032817025888
 1197.5071495542772 0.20051189685875423
 1211.1079332984773 0.19378015396547388
 1224.839097916108 0.18960040959159083
 1238.7075055584025 0.19027865585754702
 1252.713156225361 0.19334106496758946
 1266.862912068217 0.1968497658688964
 1281.1499109357367 0.1991795768080768
 1295.5810149791535 0.20017599432213745
 1310.1562241984677 0.20033926921667658
 1324.8755385936788 0.20081573469458316
 1339.7389581647874 0.2004430834296164
 1354.7464829117928 0.2014800776192978
 1369.898112834696 0.2038681939881988
 1385.2075722359623 0.2060131217975068
 1400.6611368131255 0.2081838635950311
 1416.2656687174194 0.21186148968801366
 1432.0211679488439 0.21686653754881505
 1447.9276345073986 0.21872591560579585
 1463.9919305443168 0.2178495464207886
 1480.2140560595985 0.2153864114320747
 1496.5871489020108 0.21198201402368153
 1513.1180712227865 0.21020768266497605
 1529.813685173159 0.2095174925450695
 1546.660266450662 0.2082937961708375
 1563.6784015089947 0.20493245805006857
 1580.847503894458 0.20171026383752036
 1598.188160060751 0.19973585498788377
 1615.6866457054077 0.19698154708359414
 1633.3498229796614 0.19745965737514987
 1651.184554034745 0.19825211150979635
 1669.1839767194251 0.19540058143359604
 1687.3549531849355 0.19099040587501703
 1705.6906212800425 0.18535422468049867
 1724.2047053072126 0.1807077715929343
 1742.8834809639798 0.17566000847641616
 1761.7406725528097 0.17315774122959118
 1780.7694179224698 0.17240119562971967
 1799.9697170729596 0.1705347767002015
 1819.348432155513 0.1708464863767081
 1838.9124253213627 0.17183000019456138
 1858.6479722680422 0.17065993682585684
 1878.5619351467847 0.16626927359783253
 1898.6543139575908 0.16280333541149222
 1918.931970851693 0.16401006432886928
 1939.3949058290916 0.16405447221350525
 1960.0362567385534 0.15954343196012064
 1980.8697478825445 0.15425219300814957
 2001.8816549585993 0.1506286965620191
 2023.0857022691835 0.15010976140501145
 2044.4750276630639 0.14949817134479512
 2066.0496311402403 0.14428635664162548
 2087.82323700318 0.13877641103744762
 2109.782120949416 0.13360413325237694
 2131.933145130182 0.13512979097204023
 2154.2763095454766 0.1390809232334574
 2176.8116141953014 0.1421936069593491
 2199.545921230889 0.1381285357130377
 2222.472368501006 0.13334555669057488
 2245.5978181568853 0.12805520133404572
 2268.922270198528 0.12396625750617478
 2292.4388624747 0.12312442212693052
 2316.161319287868 0.12044333320941167
 2340.082778486799 0.11633452665390293
 2364.203240071492 0.10937385815702669
 2388.529566193182 0.0951410197979944
 2413.054894700634 0.07707871519982543
 2437.779225593849 0.06079026122254857
 2462.716283175293 0.04921764045149253
 2487.8592052937333 0.03938732882973981
 2513.201129797936 0.03310796009410596
 2538.7557809903683 0.028562649989405095
 2564.5162967197966 0.02429543126860594
 2590.48267698622 0.020449493778613465
 2616.6617839408736 0.017403349992585648
 2643.0467554325223 0.015020337483091263
 2669.644453612401 0.013029608986598053
 2696.448016329275 0.011387150063786383
 2723.4711678856115 0.010057812780322513
 2750.7001839789446 0.008967050975366635
 2778.1487889117393 0.008051485654749365
 2805.8101205327634 0.00726793073137051
 2833.6773166907833 0.006587005508761731
 2861.764101688266 0.005987952151004739
 2890.0704755252104 0.005455627408665084
 2918.5895760503845 0.004978720276603558
 2947.3214032637875 0.004548623829670765
 2976.272819316653 0.004158681729218222
 3005.4438242089805 0.003803666140044447
 3034.8275557895377 0.0034794062677617997
 3064.430876209557 0.0031825213736576185
 3094.2537854690386 0.0029102250225323096
 3124.2894214167495 0.002660182251873943
 3154.551508355156 0.002430404092352275
 3185.0263219817916 0.0022191689646132904
 3215.7275865991223 0.0020249654862489618
 3246.641577904683 0.0018464488627874666
 3277.7751580497056 0.0016824092371991164
 3309.1351891854238 0.0015317477356875115
 3340.7079470093713 0.001393458546998543
 3372.507155824014 0.0012666153882667421
 3404.5259534781194 0.0011503613799744314
 3436.7643399716867 0.0010439010236150772
 3469.222315304717 0.0009464941458211162
 3501.8998794772097 0.0008574510447162319
 3534.797032489164 0.000776128496479262
 3567.9206364918145 0.0007019264408653377
 3601.256967182694 0.0006342852405994398
 3634.819748864269 0.0005726831152466699
 3668.595257234073 0.0005166340449528589
 3702.5972165945727 0.00046568565626032204
 3736.8119026433014 0.0004194173712764364
 3771.2530396827256 0.0003774386187164579
 3805.9069034103795 0.00033938711620650044
 3840.787218128729 0.0003049272779374428
 3875.880259535307 0.00027374863087112285
 3911.1928897813473 0.00024556430900233976
 3946.718246715617 0.00022010962279684623
 3982.470054640583 0.00019714063034588115
 4018.4277271025444 0.00017643285203943892
 4054.6118505552013 0.00015777994438545258
 4091.0018385448534 0.0001409924936076297
 4127.611415373969 0.00012589683690182593
 4164.440581042547 0.0001123339564491012
 4201.475611248121 0.0001001584129577857
 4238.723368141923 0.0000892373548844445
 4276.183851723955 0.00007944956470871769
 4313.857061994216 0.00007068457033920352
 4351.742998952706 0.00006284180238139237
 4389.834800448192 0.00005582981999878121
 4428.139328631907 0.00004956556323046264
 4466.642859201385 0.00004397367018944939
 4505.3591164590935 0.00003898583638243808
 4544.281238253796 0.00003454021969332727
 4583.409224585495 0.000030580884464092435
 4622.7362133029565 0.000027057291695768314
 4662.269066557415 0.000023923821918342276
 4702.000922197636 0.000021139338079686996
 4741.931780223619 0.000018666780432344997
 4782.061640635366 0.000016472795896258703
 4822.3905034328745 0.000014527394553406031
 4862.918368616146 0.000012803636414853521
 4903.638374033947 0.00001127734342482484
 4944.543657535045 0.000009926836396233617
 4985.647943421905 0.000008732693552400725
 5026.944369543296 0.000007677531765356476
 5068.426073747982 0.000006745805687089998
 5110.093056035964 0.0000059236260341110804
 5151.945316407244 0.000005198593444020312
 5193.989717013052 0.000004559648134651643
 5236.20567139969 0.0000039969335590429845
 5278.606903869625 0.000003501672607520491
 5321.186552271623 0.0000030660560427845877
 5363.937754454451 0.0000026831413148975965
 5406.867372569343 0.000002346761034278578
 5449.968544465064 0.0000020514413705757574
 5493.248132292848 0.000001792327178495013
 5536.685549598997 0.0000015651159011235868
 5580.294520685975 0.0000013659973831254118
 5624.068183402549 0.0000011916000859335164
 5668.006537748721 0.0000010389428665456516
 5712.102721573256 9.053917062771292E-7
 5756.356734876154 7.886209482891578E-7
 5800.768577657416 6.865787630684789E-7
 5845.331387765808 5.974560816523367E-7
 5890.045165201333 5.196591059284437E-7
 5934.909909963985 4.5178460479243163E-7
 5979.925622053769 3.925979948215765E-7
 6025.078577168217 3.4101380691230975E-7
 6070.382499609795 2.9607831749505685E-7
 6115.816802924804 2.569540885772354E-7
 6161.39521141571 2.229062963953855E-7
 6207.104000780046 1.9329056209585716E-7
 6252.943171017813 1.6754216669334925E-7
 6298.912722129012 1.4516652892614212E-7
 6345.005791962408 1.2573074520022687E-7
 6391.229242669235 1.0885613908282816E-7
 6437.569349947025 9.421166491142203E-8
 6484.032975947014 8.15080805678161E-8
 6530.606396366734 7.049281709670839E-8
 6577.296473357418 6.09454646941987E-8
 6624.096344767833 5.26737724355777E-8
 6670.999148446746 4.551015216765506E-8
 6718.01174654539 3.9308590520415904E-8
 6765.1204147613 3.394194185470203E-8
 6812.332015245707 2.929954673491609E-8
 6859.63968584738 2.5285147404825615E-8
 6907.02970226385 2.181505274863425E-8
 6954.515788797586 1.8816538571282093E-8
 7002.070496843652 1.6226439620759875E-8
 7049.762447914383 1.3989921891604449E-8
 7097.523020497447 1.2059407804646288E-8
 7145.28359308051 1.0393635965156962E-8
 7193.181408688238 8.95684171293642E-9
 7241.147845808296 7.718040916869907E-9
 7289.182904440688 6.6504052555447944E-9
 7337.28658458541 5.730719190603845E-9
 7385.390264730133 4.93890537968015E-9
 7433.631187899521 4.2576128653936325E-9
 7481.8721110689075 3.6718587141011028E-9
 7530.250277262958 3.168717099946157E-9
 7578.559821944678 2.737049297826203E-9
 7627.00660965106 2.367269948817444E-9
 7675.4533973574435 2.0511453688180716E-9
 7723.968806576159 1.781618518535529E-9
 7772.484215794874 1.5526595399205583E-9
 7820.999625013588 1.359136877192288E-9
 7869.583655744636 1.1967073922158316E-9
 7918.236307988014 1.0617233648271492E-9
 7966.888960231394 9.511541819164697E-10
 8015.472990962441 8.625212965337546E-10
 8064.194264718152 7.938455278504113E-10
 8112.846916961532 7.436056693578681E-10
 8161.568190717242 7.107053176934372E-10
 8210.220842960622 6.944978854834267E-10
