 1.412858488283101 1.3885801687636083
 1.9893417982356907 1.9575430938646896
 2.5725948903964087 2.5135052427128906
 3.1627165937025983 3.047501571975137
 3.7597775002523646 3.549096967366586
 4.363855261353621 4.008222533136964
 4.975034587524091 4.416630735503267
 5.5934001892815 4.768699306550148
 6.219043836353381 5.06182483133899
 6.852029061628029 5.29614282175636
 7.492433516413357 5.473727512096548
 8.140398384905572 5.598768849413305
 8.795987199992966 5.676838006743965
 9.459270553773646 5.713742302731116
 10.13031903834571 5.714876531468664
 10.809344430003474 5.686642640067748
 11.496276136648833 5.634695416517429
 12.191255342477993 5.563001508937316
 12.89442323168716 5.476145926190998
 13.60585039637444 5.377827993128696
 14.325678020736039 5.271430740690166
 15.053906104771958 5.159559124025651
 15.7906758326784 5.043908016270894
 16.536128388651576 4.9265512213870295
 17.29033436478959 4.809187040129087
 18.053364353190542 4.692771662573554
 18.825359538050645 4.578082104374064
 19.606461103566097 4.46633224213268
 20.396669049736907 4.3579370568348015
 21.196195152857378 4.253367826973697
 22.005039412927516 4.152759747771839
 22.823484198339735 4.056460720879911
 23.651458916995928 3.964843226873329
 24.489104753092303 3.8771688037541803
 25.33663348292317 3.7935559249299255
 26.194115698586632 3.714263439733534
 27.061621992180793 3.6389543683664916
 27.939364139999967 3.5677361552551266
 28.827342142044156 3.5006420693027227
 29.725697182509556 3.437061408421515
 30.63464103769049 3.3768869943374
 31.55424429968505 3.320131550648583
 32.48457756059135 3.2663841176404333
 33.425852596703685 3.215635700345192
 34.37814000012018 3.1680735937604925
 35.341580955037024 3.12362258600135
 36.31631664565043 3.082236995759413
 37.30248825615662 3.0438951487415182
 38.30016637865368 3.0083947877206425
 39.309562789435915 2.975702988608331
 40.33074808060144 2.945686112411945
 41.36393402844457 2.917963453002558
 42.409191225063395 2.89213493987966
 43.46666085465414 2.867708020926078
 44.53648410141299 2.844339553223284
 45.61887274163426 2.8219149534395744
 46.713967959514186 2.800642322149478
 47.82184034715083 2.7807114728676745
 48.94263108874043 2.762207271904457
 50.07655196057728 2.7452754202543055
 51.22374414685759 2.730000357759122
 52.384348831777565 2.7162150690953744
 53.55850719953342 2.703604692328893
 54.746431026419465 2.6920822505443733
 55.9481909045338 2.6815307531529156
 57.16399861017074 2.671682836391142
 58.39406591962458 2.662699707115389
 59.638463424993446 2.654913714401914
 60.89740290257162 2.6489176341418537
 62.17102553655534 2.6452616937193816
 63.45954310323891 2.643759944666358
 64.76309678681851 2.6434367223880706
 66.0818983635885 2.643273316351907
 67.41601842564693 2.6427859734937154
 68.76573934138622 2.6421320179433203
 70.13127288710072 2.6420763633376287
 71.51261906279042 2.6425035372199166
 72.91034260524012 2.6433260321049996
 74.32430233025364 2.644677993230906
 75.75449823783096 2.6456493708135316
 77.20163624895314 2.6471432162035264
 78.66501044263912 2.64874691921437
 80.14603266085098 2.6503914437508933
 81.64399698260769 2.6525847598434127
 83.15960932889027 2.6547120698818265
 84.69286969969873 2.657177148389835
 86.24448401601411 2.6611780669296623
 87.81374635685538 2.6675614115361497
 89.40065672222251 2.6738109910816217
 91.0066269540776 2.6784385208164796
 92.63165705242065 2.682217142348252
 94.2750410962706 2.6848801483623745
 95.93748500660853 2.6864076998077913
 97.61969470441541 2.6889615053346407
 99.32096426871024 2.6924867312669227
 101.0427055414551 2.697088343871382
 102.78421260166897 2.7037476001975884
 104.5454854493518 2.7109049049836327
 106.32723000548467 2.717475532437313
 108.13015219104858 2.7242884526264266
 109.95354608506251 2.730729560415133
 111.79882352948853 2.736877489569866
 113.66527860334563 2.744925325056876
 115.55291130663376 2.7553079497747617
 117.46242756033399 2.7668259753753275
 119.39453328542734 2.777168787059882
 121.34922848191383 2.7851444448583393
 123.32580722881241 2.789285392776505
 125.32638728906619 2.792150304363897
 127.34885089973204 2.7951900978511754
 129.39602174473413 2.7999246745110624
 131.46578206112935 2.8075695086684544
 133.5602496118608 2.816986891125244
 135.67871847594745 2.829005474879031
 137.82189457437036 2.843313702884666
 139.98977790712945 2.859634435398438
 142.1823684742248 2.8753529884420503
 144.40107811761845 2.8910870738099237
 146.64449499534834 2.9076911780975934
 148.91473687035753 2.924904474014454
 151.21039190068404 2.9404866353490684
 153.5335778492709 2.9528515933592723
 155.88288287415605 2.962996768058772
 158.25901289632057 2.9695802653103938
 160.66337975772646 2.973874171203115
 163.09527753739275 2.977338428733629
 165.5547062353194 2.97879358556688
 168.04307769346852 2.978649579664037
 170.559685990859 2.9785704530768684
 173.105942969453 2.981300085664281
 175.68114270826942 2.9881816394209775
 178.2859911282893 2.997710315021436
 180.9204882295127 3.0090079493810973
 183.58604585390165 3.0226208205112073
 186.28125215949407 3.0365263175354813
 189.00822490923306 3.0486817551499703
 191.76696410311862 3.059779052517263
 194.55676382016978 3.068015362734787
 197.3783299813675 3.0722460316824747
 200.23307442867386 3.073880898192438
 203.12029124110785 3.0735231165667147
 206.0406863396505 3.0722634135398037
 208.9942597243018 3.071311292892418
 211.9824232370238 3.0716840569025274
 215.00447095683552 3.0755733678851676
 218.06110880471795 3.0828426599009773
 221.15233678067113 3.0901608630434394
 224.2795667266571 3.0963193968744207
 227.44279864267583 3.1020866858403853
 230.64132660774632 3.1036722133469055
 233.87726838481174 3.099651538909275
 237.14991805289097 3.093409354152904
 240.459981532965 3.0876731809750693
 243.80816474601502 3.0826783287302377
 247.1944676920409 3.0747965349791526
 250.61889037104268 3.058822632783166
 254.0828446249824 3.0357068911111713
 257.58703637484115 3.0158715502981757
 261.1300537786569 3.0050179380446833
 264.7140145993726 3.0002531824963348
 268.3389188369884 2.996438033631104
 272.0047664915042 2.986396979969621
 275.7122634839011 2.96776523358066
 279.4621157351601 2.944719013207443
 283.25502916626226 2.920177657887159
 287.0902978562265 2.8931193129609913
 290.969333647015 2.864515708197437
 294.89284245960863 2.8382993688301124
 298.86082429400756 2.816930144216893
 302.8732791502116 2.798039910461653
 306.9323247911641 2.777077796890534
 311.03654937490273 2.750581276640404
 315.18736474338976 2.7163787276281153
 319.38477089662507 2.6749164057104595
 323.63017967657083 2.6284657536791514
 327.92359108322694 2.5799050641845667
 332.2657110375745 2.534199497100948
 336.6572454605945 2.49463963005174
 341.0974884313059 2.4548324113964552
 345.5885577126519 2.4073931949345178
 350.12974738365136 2.35274826068714
 354.7224692862664 2.29585500925147
 359.36672342049707 2.2420509280358205
 364.0632157073243 2.19487263586617
 368.8126520677291 2.1525025931593422
 373.6157384226927 2.1062983359359237
 378.47247477221487 2.0498972442852175
 383.38427295825784 1.9854664534582702
 388.3511329808215 1.9179337608400955
 393.37305483990593 1.8488694368229661
 398.45215629845427 1.7767937572967054
 403.5877314354854 1.7007629181260522
 408.7811920929614 1.6239751166073797
 414.0325382708823 1.5480420184758366
 419.3424758902291 1.4710394329675642
 424.71171087198286 1.3948052088985556
 430.14094913712466 1.3195670925369787
 435.6308966066354 1.240472882658216
 441.18225920149627 1.1573009433789574
 446.79574284268824 1.0735754273199758
 452.4713475302113 0.9908662416647981
 458.20977918504644 0.9113491681636442
 464.0124496491558 0.8370452891882916
 469.8800648435205 0.7683835717623122
 475.81191884715935 0.704510082277939
 481.81012942301544 0.6431556002650975
 487.87540249206995 0.582873649888094
 494.00703213334174 0.5241867379146086
 500.2071361097739 0.4678855210667512
 506.47571442136655 0.41423367364466573
 512.8134729891007 0.36384635166178564
 519.2211177339572 0.31707719116479954
 525.6993545769172 0.2747633091767982
 532.249595359943 0.23853478385172774
 538.8718400830342 0.20811214274782935
 545.5667946671721 0.18222535246634838
 552.3358709543187 0.16035099997306132
 559.1790689444739 0.1409624398211346
 566.097094558619 0.12247350207568604
 573.0913596387157 0.10453886939894835
 580.1625701057454 0.08717242160356849
 587.3107259597078 0.07101566620115307
 594.5372390425653 0.05699322090206808
 601.8428152752986 0.04493581864094102
 609.2281605788888 0.03429235901684802
 616.6946867952983 0.025692356373247738
 624.2416880035457 0.01972887756645443
 631.8712819665742 0.015873879632067957
 639.5841746053648 0.013551501162570192
 647.3803659199176 0.012318955797493383
 655.2619736731757 0.011617842272331319
 663.228291944158 0.010932293435469597
 671.2814384958076 0.009896391391740629
 679.4221192491057 0.008777953010728546
 687.650334204052 0.00804743988160539
 695.9674952026087 0.007522270548951898
 704.374308165757 0.006937753889845566
 712.874302698402 0.006528900716043322
 721.45830182779 0.0064486697586540916
 730.1411298945229 0.006300854226564293
 738.9157276887906 0.00560993582162596
 747.7891544204031 0.004658085493577178
 756.7472916697399 0.004469729708318179
 765.8113170662319 0.005549459600308832
 774.9671121902585 0.006917900247242229
 784.22173625163 0.007059266932996657
 793.5751892503465 0.005606177666387564
 803.0274711864079 0.0034958146479500247
 812.5785820598143 0.0018037109701382727
 822.2355810803758 0.0009318476538779454
 831.9984682480928 0.000694847658831965
 841.8531251433442 0.0007138406062387357
 851.8207293955613 0.0007222499140367233
 861.8942217949336 0.000651471040669615
 872.0736023414613 0.0005304871346106154
 882.3518118253339 0.00041481693211164626
 892.7500278759825 0.000328760006776594
 903.2470728639761 0.00023835593329525257
 913.8641244187454 0.00013474408282472338
 924.5870641206703 0.00004964910410288374
 935.4229511795605 0.000010343325652384869
 946.3717855954166 0.000006457967633876427
 957.4335673682383 -0.000010600392983377014
 968.615355707836 -0.00004699880586887853
 979.9100914043992 -0.000045971997063258214
 991.3248336677385 0.000004932251736865052
 1002.8595824978538 0.000046384774265562616
 1014.5072786849347 0.00007271070347236748
 1026.2820406486019 0.0001053258119590361
 1038.1697499692348 0.00012051531391139161
 1050.1915842762644 0.00011492037228856717
 1062.3263659402596 0.00014910106677713385
 1074.5952725906513 0.00022077723386153663
 1086.9841858078191 0.0002290433445367064
 1099.5001648015734 0.00018629294306803763
 1112.1502687817242 0.0001559871153581132
 1124.920379328651 0.00012239160350718164
 1137.8246148619746 0.00008486650950522986
 1150.862975381695 0.00006187853216077674
 1164.0284016780015 0.000049819413716104796
 1177.3350121705153 0.000038765276250225067
 1190.768688439615 0.00002576385943406719
 1204.343548904922 0.000013705015606905171
 1218.0525343566258 0.00000604138134712278
 1231.895644794726 0.000003482044825270399
 1245.8869986388438 0.000004248724514435725
 1260.0124774693584 0.000005667678882469116
 1274.27914049608 0.0000054576267998575865
 1288.6869877190084 0.0000034322080671023526
 1303.2430783479542 0.0000014555639706272438
 1317.9403531731073 5.631272822798551E-7
 1332.7858714042775 3.176054111436211E-7
 1347.7796330414653 2.201071388764631E-7
 1362.9216380846703 1.322012723021801E-7
 1378.211886533893 6.715617845320817E-8
 1393.6503783891328 3.26319065323764E-8
 1409.2371136503903 1.6719462963703336E-8
 1424.9862107372858 8.896470769770086E-9
 1440.8835512301985 4.600165494771754E-9
 1456.936194338939 2.2243328667439723E-9
 1473.1441400635074 9.945029964046026E-10
 1489.5073884039034 4.1219418318098137E-10
 1506.0329985699377 1.6143618276923296E-10
 1522.7209705616099 6.034181847623687E-11
 1539.5642451691099 2.1327386275606356E-11
 1556.569881602248 7.119289281908764E-12
 1573.7449390708346 2.2684837774298227E-12
 1591.0752991552488 6.490748780064959E-13
 1608.5821394849218 3.2500910687479423E-13
 1626.2442824304226 0.
 1644.0829056211824 0.
 1662.08389063758 0.
 1680.2542966894264 0.
 1698.6011829865313 0.
 1717.1174903190845 0.
 1735.8102778968969 0.
 1754.6724865101576 0.
 1773.7182345784875 0.
 1792.9334036822659 0.
 1812.332112241113 0.
 1831.9073010452194 0.
 1851.6589700945842 0.
 1871.5941785990185 0.
 1891.7199857683324 0.
 1912.0222731829049 0.
 1932.5081000525463 0.
 1953.1774663772574 0.
 1974.0374313668476 0.
 1995.0879950213173 0.
 2016.3220981308564 0.
 2037.753859115085 0.
 2059.3691595543833 0.
 2081.1821178683713 0.
 2103.1856748472383 0.
 2125.379830490985 0.
 2147.7787032192323 0.
 2170.368174612359 0.
 2193.1553038801753 0.
 2216.1400910226816 0.
 2239.322536039878 0.
 2262.709698141574 0.
 2286.2945181179603 0.
 2310.0840551788465 0.
 2334.0783093242335 0.
 2358.2702213443094 0.
 2382.673909658697 0.
 2407.282315057584 0.
 2432.0954375409715 0.
 2457.1203363186696 0.
 2482.3499521808676 0.
 2507.7842851275664 0.
 2533.4374535783854 0.
 2559.3023983235153 0.
 2585.3720601531454 0.
 2611.6605574868963 0.
 2638.1608311149585 0.
 2664.87288103733 0.
 2691.803766463823 0.
 2718.9464281846267 0.
 2746.307925409552 0.
 2773.8811989287865 0.
 2801.680367161953 0.
 2829.69131168943 0.
 2857.9281509308385 0.
 2886.3838256763675 0.
 2915.051276716207 0.
 2943.944622469978 0.
 2973.0638629376804 0.
 3002.4019389095033 0.
 3031.9588503854475 0.
 3061.741656575323 0.
 3091.750357479129 0.
 3121.977893887057 0.
 3152.431325008916 0.
 3183.1106508447056 0.
 3214.0088121846165 0.
 3245.1399274482687 0.
 3276.4898782160426 0.
 3308.072782907557 0.
 3339.8745231031935 0.
 3371.9021580127605 0.
 3404.1627468460697 0.
 3436.6421711834996 0.
 3469.3545494446707 0.
 3502.2928224197735 0.
 3535.456990108807 0.
 3568.8470525117723 0.
 3602.463009628669 0.
 3636.304861459497 0.
 3670.379667214066 0.
 3704.6733084727566 0.
 3739.1999036551883 0.
 3773.9453343417413 0.
 3808.923718952036 0.
 3844.120939066451 0.
 3879.551113104608 0.
 3915.2001226468856 0.
 3951.0820861129055 0.
 3987.182885083045 0.
