 0. 0.
 0.21152862247037635 0.11396339176096495
 0.637072707369058 0.3416575544040296
 1.0676235447012705 0.5690852745020186
 1.503241945225316 0.7927050854965707
 1.943975917434591 1.0085050203449724
 2.389900141207711 1.2132108372659065
 2.841067959315118 1.4045513010020583
 3.2975380488042942 1.5811021224215205
 3.7593744209997704 1.742166884905806
 4.226641087226073 1.8876912398621832
 4.699407393084776 2.0181357255585586
 5.177721347069275 2.1343166413706105
 5.661641626227055 2.237255127472146
 6.151274916098995 2.3280613955623846
 6.646669225178492 2.407859257918686
 7.147877896235989 2.4777414915816474
 7.6549542720419215 2.5387427273324263
 8.168058380907613 2.591820761686513
 8.687136880062626 2.6378431197723953
 9.212296455047838 2.6775791437724377
 9.743643791404129 2.7117027208582294
 10.28123223190194 2.740814048919751
 10.825168462082154 2.7654718476264524
 11.375452481944768 2.786211031902176
 11.932190977030665 2.803535113495579
 12.495490632880722 2.8178972365468664
 13.065404792265385 2.8296836860715646
 13.64198679795509 2.839210075542956
 14.225343335490718 2.8467334045375963
 14.815581090413152 2.852474389195772
 15.412700062722392 2.8566286894817416
 16.016860280729755 2.8593484108658735
 16.628061744435247 2.8607154560890664
 17.246517824920623 2.8607477960973804
 17.872175179415446 2.8594280544406363
 18.505140493460598 2.8567334591355746
 19.145573795367397 2.8526520755727027
 19.793528427906285 2.8471709967804024
 20.449057733847702 2.8402592905919595
 21.11232174150297 2.831867809259725
 21.783320450872093 2.8219308129325262
 22.46216054749594 2.810373216212075
 23.14900205968584 2.7971213462174425
 23.843898330212237 2.7821009699825368
 24.54690270184556 2.7652323409543706
 25.258175202897142 2.7464739039318293
 25.977769176137418 2.725864314806571
 26.705791307107262 2.7034785264203665
 27.442348281347567 2.679405634922543
 28.187546784399206 2.6537872416013983
 28.941440159032627 2.6268275792094458
 29.70418843355914 2.5987556887089682
 30.475844950749188 2.569812679382107
 31.256569738914102 2.540264537315856
 32.04641614082431 2.5103367477406464
 32.8454908420207 2.480157463459853
 33.653900528044154 2.4497837052209706
 34.471805227205984 2.419208327800266
 35.29931162504708 2.3884415486216284
 36.13647306433788 2.357601215627687
 36.983396230619256 2.32682064789622
 37.840241152202545 2.29619559177386
 38.707114514628614 2.26578229429083
 39.58412300343835 2.2356405781625703
 40.47137330417264 2.2058908039322813
 41.36902544514278 2.1766498015732294
 42.27713276911924 2.147978329030037
 43.195855304413335 2.1199310137594254
 44.125353079336364 2.092600423821959
 45.0656794366588 2.0660798758638377
 46.016994404691935 2.0403645271823865
 46.97940466897667 2.0153365389484494
 47.953070257824315 1.9908200499160325
 48.93809785677575 1.9666061804692303
 49.934647494142304 1.9424664105026055
 50.94277251269441 1.9182462206794835
 51.96268628351383 1.8939537566436775
 52.994548834911896 1.8697294900456463
 54.038360166888594 1.845646092145159
 55.094547021607454 1.821574064614788
 56.1630027135276 1.7972501437241972
 57.243727242649015 1.7725216130144466
 58.337254036676114 1.7473040475737978
 59.4430496679045 1.721531633548224
 60.56218099174297 1.6951826795145186
 61.694114580487124 1.6682653928003943
 62.83938386184136 1.6407699712184616
 63.997988835805685 1.6126055273443003
 65.17046293008451 1.5837870703970636
 66.35627271697341 1.5546213853391133
 67.55541819647239 1.5254788168900932
 68.76896622399028 1.496459160680052
 69.99691679952706 1.467411263572185
 71.23873649537832 1.438184312362977
 72.49495873924849 1.4086211340774983
 73.76611695884193 1.3787241022664838
 75.05167772645429 1.348761773057603
 76.35270789749433 1.3188822299963703
 77.66867404425768 1.2890389971935587
 78.99957616674433 1.2593060206946254
 80.34594769265867 1.2297560181294818
 81.70832204970513 1.2004805586789198
 83.08616581017927 1.1712147084521949
 84.48054582948993 1.1416814702684126
 85.89092867993268 1.1121926055363276
 87.31731436150756 1.0824735685588136
 88.76023630191894 1.052559479075106
 90.22022792887121 1.023249857243486
 91.6972892423644 0.9949918836981869
 93.19088681469411 0.9672947881853983
 94.70262092897353 0.9394713260826699
 96.23089130208945 0.9116987610062227
 97.77783164485949 0.8841571620917451
 99.34184167417045 0.8568520053796949
 100.92452167313553 0.8299990890296706
 102.52533821405034 0.803839532506841
 104.14482472461927 0.7784609094313533
 105.78298120484229 0.7536718027835395
 107.43980765471946 0.7294747360637949
 109.11637092965955 0.7060060957538973
 110.81160417425376 0.6830729207101396
 112.5271076716153 0.6605991690940832
 114.26181456633537 0.6386710147751606
 116.01732514152717 0.6172872605661175
 117.79257254178191 0.5965371041766456
 119.58809019480395 0.5766947791168885
 121.40494495600215 0.5578789510980957
 123.2426033976721 0.5399858250630996
 125.10106551981377 0.5230807296665395
 126.981398177836 0.5073663649830796
 128.88306794403434 0.49278242531626065
 130.80714167381763 0.47930771520567783
 132.75308593948148 0.46703553560694894
 134.72143416873024 0.4560982467964816
 136.712186361564 0.44659135957614904
 138.72640937339148 0.4384148607700346
 140.7630363488039 0.4312513822504526
 142.82366757091447 0.4248201525785735
 144.90830303972322 0.4190295395578517
 147.01640932752574 0.4138186378495038
 149.14851986202638 0.4090394445763145
 151.30570149863397 0.40461067380221505
 153.48742080964414 0.4005899840908064
 155.69421122276128 0.3970578794532064
 157.92607273798538 0.39404013192057535
 160.18407221072525 0.39148603478040866
 162.4676762132765 0.3893510381848468
 164.77741817334348 0.3876512972314871
 167.11329809092626 0.38639367134954744
 169.47638282143362 0.38552087695999643
 171.86667236486554 0.38493877053434244
 174.28363329351762 0.3845650456943695
 176.72886589050313 0.38435874501301825
 179.2018367281176 0.38430253585652
 181.7030792340654 0.38436352817260416
 184.23312683605107 0.38449083092104286
 186.79197953407447 0.38464013013494763
 189.37963732813571 0.3847844394286627
 191.99716707364348 0.3849019269483855
 194.64510219830228 0.3849410609447222
 197.32237584670327 0.38479242305862604
 200.03058830195968 0.3843236152535885
 202.76973956407147 0.3834612761123637
 205.53982963303866 0.382237787351628
 208.34139193656563 0.38076745383154353
 211.17495990235685 0.3791802859889153
 214.04106695811666 0.3775754519859257
 216.9391796761407 0.3760267118770199
 219.87036491183775 0.37460904897481845
 222.83515609291217 0.37341006837142937
 225.83355321936406 0.3724876005015346
 228.86555629119334 0.3718088691368777
 231.9327655915133 0.3712813006212293
 235.03411426491502 0.37083884797084093
 238.1706691668074 0.3704416669455391
 241.3424302971904 0.3699932413726346
 244.55046451147282 0.3693373310924312
 247.79477180965472 0.36839624079102073
 251.07588561944044 0.36723985184753904
 254.39433936853436 0.3659643069557975
 257.7495996292322 0.3645634969036673
 261.143266684647 0.36301477792781894
 264.5748071070745 0.3614313113223066
 268.0452877519234 0.35996708772670655
 271.55470861919383 0.35861172710706823
 275.1036031365901 0.35722314654094006
 278.6925047318166 0.3557720090134131
 282.3219468325778 0.35442813704388965
 285.9919294388736 0.3533831827002594
 289.7035194061129 0.352703816070286
 293.4567167342957 0.3524024060911489
 297.25152142342193 0.35250921928146534
 301.0895337566049 0.3530153734010962
 304.9702203061401 0.35375596305579304
 308.8946479274364 0.3544862726206806
 312.86281662049373 0.355123443590048
 316.8752598130166 0.35579181175061136
 320.93251093270936 0.3566455484926956
 325.03510340727644 0.357815414394872
 329.1835706644222 0.35926287627102327
 333.37844613185104 0.3610258943195611
 337.6202632372674 0.3633511503190624
 341.90902198067124 0.36601971368090686
 346.24525578976693 0.36834480880157633
 350.63003151996344 0.36960998851701277
 355.06388259896505 0.3692107894934111
 359.54627559906737 0.3672021583894217
 364.0788108033836 0.3642518094723738
 368.6620216396182 0.3614765410480579
 373.2953746800667 0.3601112165924257
 377.9804702078423 0.36009257368401476
 382.71730822294506 0.36088456289152626
 387.5064221530794 0.36237342563481817
 392.3483454259496 0.36476616552428137
 397.2436114692602 0.36806222332595595
 402.19328713842 0.3715878046366516
 407.1973724334289 0.37478289875413545
 412.2564007819914 0.37753735573479985
 417.3714390395162 0.3798452317814203
 422.54248720600333 0.381262287751991
 427.77007870915736 0.3819070968846567
 433.05528040438685 0.38275933381787036
 438.39862571939636 0.3838948763309523
 443.80011465418585 0.3843439322702496
 449.26081406416415 0.3839798428058093
 454.78125737703556 0.38328518383281146
 460.3619780205046 0.3826080503420545
 466.00404284998007 0.3816762085912298
 471.7069184377575 0.3794296469700699
 477.47220506695015 0.37526630180331594
 483.3004361652624 0.37058798455638586
 489.1916117326943 0.3673778666779795
 495.14733205235893 0.3661533186038482
 501.167063696552 0.36612132309369455
 507.25240694838675 0.3660322759812399
 513.4038952355676 0.3660843568613963
 519.6215285580944 0.36707272657361323
 525.9063737713759 0.3686909239951521
 532.2589643031168 0.37117756738173924
 538.681967291839 0.375838352579178
 545.168448177385 0.3830387457201451
 551.7296089415477 0.3900800808442657
 558.3601153072827 0.39428135843360046
 565.0653015516343 0.39652163795803436
 571.8344991205142 0.3985558585649608
 578.6837108450547 0.39996922587530076
 585.6022681711677 0.4000095347011208
 592.5955053758971 0.39961591983763783
 599.6634224592431 0.39959196647930373
 606.8060194212054 0.39970232204660244
 614.0232962617843 0.39955514812971726
 621.3205872580237 0.3997166744400391
 628.6978924099236 0.4012277361625268
 636.144543163396 0.4037478139175921
 643.6765423495729 0.40569352631875033
 651.2885556914104 0.4075735177165095
 658.9805831889083 0.40849694177037815
 666.7472905650228 0.4056931364992959
 674.6046806508857 0.4018243927429628
 682.5367506153653 0.40069477608875553
 690.5595032895934 0.4001912594736356
 698.6622701194821 0.3986114563533178
 706.8503853820752 0.39868885381366975
 715.1238490773729 0.40090435680542313
 723.4826612053753 0.40442520610838384
 731.9321560431262 0.40930303202980134
 740.4669993135816 0.41389784359663173
 749.0925252937856 0.414316729500181
 757.8087339837382 0.41083827988361743
 766.6102911063955 0.40748517512296994
 775.5078652158453 0.4076598723801721
 784.4907877579996 0.41253673274422314
 793.5750615639906 0.41731211259515383
 802.7446838026862 0.4186540530667755
 812.0156573052183 0.4175194124208862
 821.3773135174991 0.4158054182277847
 830.8349867165725 0.41180648919081964
 840.3940111794826 0.40632891169176794
 850.0437183521414 0.40252145496256825
 859.7947767886366 0.40226179779394516
 869.6471864889687 0.40764965975872813
 879.5956131760934 0.4141959114998157
 889.6507254040987 0.41457059114015893
 899.8018546188965 0.41153717501130893
 910.0596693745752 0.4061482977106304
 920.4188353940905 0.4024848358334045
 930.8793526774424 0.40475916454564786
 941.4518897787191 0.40539219131498305
 952.1257781438325 0.4006260461312348
 962.9063520498264 0.39952012747572174
 973.793611496701 0.40528002920632716
 984.7928907615005 0.41015198822872445
 995.8988555671807 0.4092470608306573
 1007.1168401907855 0.4093428853497711
 1018.4468446323152 0.4113525908306415
 1029.8888688917693 0.4170326546727941
 1041.4429129691484 0.42433134343201856
 1053.1089768644522 0.43026782618102616
 1064.8870605776808 0.4335380154966085
 1076.7878326629223 0.43893033120349395
 1088.8006245660881 0.44920949749098016
 1100.930770564223 0.4607134009472339
 1113.1782706573265 0.46657205777246963
 1125.5431248453988 0.46697474952260754
 1138.0306674054839 0.4598144633882886
 1150.6408983375818 0.45350526767763977
 1163.3684833646485 0.45273396284869166
 1176.218756763728 0.4470636747627507
 1189.1970528118643 0.44112667317357773
 1202.2927029549694 0.43763994306644094
 1215.5217100241753 0.424689913099622
 1228.8680711883499 0.4139661847034949
 1242.3477892786254 0.40393641155646415
 1255.9501957409138 0.40146732259506435
 1269.6806248522591 0.402756836038256
 1283.544410889705 0.40455828505950847
 1297.536219576208 0.40503794432714557
 1311.6613851888117 0.4100381293905024
 1325.9145734504723 0.4101752285149403
 1340.3064529152778 0.4020126535496921
 1354.8263550291401 0.3929806644181784
 1369.4849483461471 0.3869730170935267
 1384.2768985892553 0.37924536517816826
 1399.2022057584643 0.36536836772458875
 1414.266204130818 0.3537407294460831
 1429.474227983361 0.3492871402323778
 1444.8156087620046 0.3536013052922254
 1460.295680743793 0.353778750774819
 1475.9144439287265 0.3580534628284037
 1491.6772325938489 0.3615648293548785
 1507.5840467391602 0.363840450909427
 1523.6295520876165 0.36109345710767776
 1539.8244171933056 0.3581352095500993
 1556.1579735021396 0.3536506779235309
 1572.640889568207 0.3509113479772064
 1589.2678311144628 0.33481960401642696
 1606.0387981409076 0.31073752883505934
 1622.9644592016298 0.294419554840982
 1640.0341457425407 0.2854074969205582
 1657.2531920406846 0.2775205884409546
 1674.6215980960612 0.273791800171312
 1692.139363908671 0.2669130234118918
 1709.811823755558 0.2567001132396102
 1727.6336433596775 0.2505630988396633
 1745.6101569980742 0.23399931505420116
 1763.7413646707482 0.20899345937063027
 1782.0219321006548 0.17886836667789088
 1800.4625278418828 0.14276504479868599
 1819.0578176173874 0.10805297068300387
 1837.8078014271691 0.08479668692227132
 1856.717813548272 0.07033950596710588
 1875.7825197036518 0.05863164447245518
 1895.0019198933087 0.046626370977372295
 1914.3866826713304 0.0378311636524751
 1933.9314737606735 0.03193258005706418
 1953.6309588842935 0.02729524356115141
 1973.4958065962785 0.023517425751125542
 1993.5206826195847 0.020381143551059754
 2013.7055869542116 0.017732303812571723
 2034.0558538772038 0.015471233595172806
 2054.566149111517 0.013527891370157401
 2075.2418069341957 0.011849447246577063
 2096.0774930681946 0.010394371753814007
 2117.083876067603 0.009129179633184725
 2138.250287378333 0.008026406510583322
 2159.587395554471 0.00706323867032768
 2181.089866318975 0.006220544144762916
 2202.7523653947997 0.005482154404811957
 2224.5855613360336 0.0048343201192202
 2246.5894541426765 0.004265289183180691
 2268.7587095376844 0.003764973553618143
 2291.0933275210573 0.0033246825695626256
 2313.5986423698396 0.002936906142141089
 2336.2746540840308 0.0025951369397042637
 2359.116028386587 0.002293724163366125
 2382.128099554553 0.002027750373769246
 2405.310867587927 0.0017929286906849396
 2428.658998209667 0.0015855159689654346
 2452.18315997386 0.0014022390360694987
 2475.8726843264176 0.0012402317821123426
 2499.7382398214286 0.001096981573707605
 2523.7691579048046 0.0009702830575387971
 2547.97077285359 0.0008581986831055251
 2572.348418944828 0.0007590243765888403
 2596.891427624432 0.0006712602023224454
 2621.610467446488 0.0005935847393156081
 2646.500204133954 0.0005248329347157456
 2671.5606376868286 0.0004639768898813021
 2696.7917681051126 0.00041010908036649273
 2722.1935953888055 0.0003624278322631167
 2747.766119537908 0.00032022451018520704
 2773.514674829463 0.00028287247540890656
 2799.4285927093833 0.0002498173113199745
 2825.5185417317566 0.00022056829737640974
 2851.7738533424954 0.00019469095540486356
 2878.2051960956874 0.00017180047065224724
 2904.8019014372435 0.00015155592505935984
 2931.5746379212533 0.00013365522972984766
 2958.5127369936286 0.00011783063616814089
 2985.626867208457 0.0001038448130293545
 3012.9063600116497 0.00009148736567698102
 3040.356549680252 0.00008057175211059578
 3067.972101937219 0.00007093259542695787
 3095.7636853366403 0.0000624232618195211
 3123.7152970473817 0.0000549137500693232
 3151.8429399005763 0.00004828881152085579
 3180.1306110650917 0.000042446280136509096
 3208.5889790950173 0.00003729560633151547
 3237.218043990351 0.00003275653820003428
 3266.007137197006 0.000028757972273831693
 3294.961592992026 0.000025236913426492095
 3324.0814113754113 0.000022137571224845808
 3353.3665923471613 0.00001941054170221555
 3382.8171359072767 0.00001701208992974183
 3412.427707778713 0.000014903510203975815
 3442.203642238514 0.000013050558406012475
 3472.1342707325925 0.000011422946084942627
 3502.230261815036 0.000009993893816835787
 3532.486281208801 0.000008739731820332605
 3562.9023289138863 0.000007639546999932289
 3593.4730706532487 0.000006674868768482176
 3624.203840703932 0.0000058293902298278405
 3655.089304788893 0.000005088720053581535
 3686.1294629081303 0.000004440163320606951
 3717.3243150616454 0.0000038725258431619955
 3748.6738612494373 0.0000033759409628648607
 3780.1781014715057 0.000002941716233548485
 3811.831701450807 0.000002562197255405143
 3843.6293269102976 0.000002230646161301163
 3875.5816464040654 0.000001941135154561598
 3907.683325655066 0.000001688451444439245
 3939.929030386255 0.0000014680130786993578
 3972.318760597633 0.0000012757946242107125
 4004.852516289201 0.0000011082612798098299
 4037.5356317380015 9.623105357459382E-7
 4070.352104112902 8.352207368181461E-7
 4103.312601967992 7.246053936150051E-7
 4136.411791026228 6.28373066358083E-7
 4169.6443370105635 5.446917442252108E-7
 4203.015574198044 4.719574603557615E-7
 4236.520168311626 4.087666534072475E-7
 4270.163453628352 3.5389169539701674E-7
 4303.929427317092 3.0625943043308026E-7
 4337.828757931931 2.649321622098194E-7
 4371.856111195829 2.2909101440751755E-7
 4406.011487108783 1.9802119701086386E-7
 4440.289551393749 1.7109910630290105E-7
 4474.690304050729 1.4778096121894757E-7
 4509.213745079721 1.275928245798746E-7
 4543.854540203682 1.1012183161513754E-7
 4578.612689422612 9.500850728258086E-8
 4613.48819273651 8.194000312599337E-8
 4648.481050145378 7.064419709318066E-8
 4683.580593095126 6.08844964165752E-8
 4718.797490139842 5.245530086967303E-8
 4754.115738448396 4.5178031297534176E-8
 4789.546006574874 3.889764704531774E-8
 4825.077625965188 3.34796116314601E-8
 4860.710596619339 2.8807232196644088E-8
 4896.444918537328 2.477934162269483E-8
 4932.275257442108 2.1308271206220526E-8
 4968.206947610726 1.8318085724607334E-8
 5004.229320489092 1.5743041740443093E-8
 5040.347710354251 1.3526244377593858E-8
 5076.551448652114 1.1618478420238149E-8
 5112.845869659726 9.97719067834864E-9
 5149.225639100042 8.565601819307308E-9
 5185.685422696019 7.351938751602524E-9
 5222.2305547247 6.308762949898428E-9
 5258.8503666319975 5.4123893556722496E-9
 5295.550192694956 4.642380789311109E-9
 5332.324698636531 3.981111046017941E-9
 5369.163215902635 3.4133819009951283E-9
 5406.076413047354 2.9260954668270137E-9
 5443.0429529625135 2.5079686871112857E-9
 5480.116178418555 2.149283156861812E-9
 5517.242746645036 1.8416752804573333E-9
 5554.369314871518 1.5779471634740867E-9
 5591.602568638879 1.3519074188835643E-9
 5628.889165176681 1.158233624819721E-9
 5666.229104484924 9.923514336855764E-10
 5703.622386563607 8.503320660017013E-10
 5741.01566864229 7.288034112388792E-10
 5778.515636261854 6.248715794175807E-10
 5816.015603881417 5.360557187449651E-10
 5853.62225704186 4.6023256933456173E-10
 5891.175567431866 3.955852916159734E-10
 5928.835563362749 3.405619611851845E-10
 5966.495559293634 2.9384097378886685E-10
 6004.208897994959 2.542988061213662E-10
 6041.922236696284 2.2098429483319893E-10
 6079.635575397609 1.9309796883448687E-10
 6117.402256869375 1.699722537910179E-10
 6155.22228111158 1.5105632885330132E-10
 6193.042305353786 1.3590643084729123E-10
 6230.808986825551 1.2417509802128835E-10
 6268.682353838198 1.1560615313443205E-10
 6306.502378080403 1.100362600175874E-10
 6344.375745093049 1.0736802680298974E-10
 6382.195769335254 1.0780045211236414E-10
