 1.3632066160638645 0.9970226282122091
 1.9194306602232667 0.9921414684666843
 2.482186577158297 0.9837818393373712
 3.051569722675898 0.9714265724466034
 3.627648208066745 0.9549487936134889
 4.210496955750577 0.9345183880302463
 4.800197699276206 0.9105582769087257
 5.396832172192438 0.8836460413146244
 6.00048891917715 0.8544489756324788
 6.611229240391948 0.8236359354956848
 7.229128058256575 0.7917840052947971
 7.854321595352376 0.7594710855044933
 8.48687115184096 0.7272222268762579
 9.126844839013 0.6954255125856331
 9.774310768159168 0.6643261345366486
 10.429473273151489 0.6342382704288467
 11.092264242699288 0.6053593084742569
 11.762819899383913 0.5777077220116054
 12.44127646578671 0.5513897687393824
 13.127702053198355 0.5264385587715024
 13.822232884200195 0.5028781627479146
 14.524868958792231 0.48067924975932586
 15.235746499555809 0.4597533927956137
 15.955001729072277 0.44007419937966413
 16.68270275863231 0.42160016833504105
 17.41891769952658 0.40424516511728686
 18.16378277433644 0.3879283463922657
 18.917434205643232 0.372624120972361
 19.67987199344696 0.3582590178694769
 20.45130047161964 0.3447804402389249
 21.231719640161277 0.33212374714979764
 22.02140194423457 0.3202535250183929
 22.820279272548834 0.3091457058253766
 23.628487847685427 0.2986980258091168
 24.446232003516368 0.2888813160158703
 25.273579851332325 0.27967888429363297
 26.110599502423984 0.271029103370974
 26.957495290663353 0.26290802831488114
 27.814267216050446 0.2552886180512978
 28.681051501166596 0.24810395631886928
 29.558052479883838 0.24133503253386596
 30.44533826349284 0.23497609994988547
 31.34297696328427 0.2289908460077776
 32.25117291313016 0.2233730108618286
 33.16999422432118 0.21812917799210993
 34.09957711943868 0.21324408803768713
 35.040057821063996 0.20869226230680052
 35.99157255177849 0.20443706637070544
 36.95418942287284 0.20042975214747935
 37.928112768219044 0.19664594661043192
 38.91341069910779 0.1930813560041577
 39.91028754941111 0.18973803584518703
 40.918811430419666 0.18662132615044805
 41.93911856471481 0.1837178573894553
 42.97134517487789 0.18101127007358292
 44.015695594780915 0.17849584782997555
 45.072306047005256 0.17618533207481896
 46.14124464284156 0.17408148782124686
 47.222647604871206 0.1721642606284546
 48.31671926696619 0.17041393156917586
 49.423595851707866 0.16881426530466848
 50.543413581677584 0.16734823248235248
 51.676308679456696 0.16599628999180385
 52.82248547891722 0.16475369616560517
 53.98201209134984 0.16362289356306
 55.15509285062656 0.1626033512887286
 56.341932090619395 0.1617038858982292
 57.54259792261905 0.16091004889216423
 58.75729468049752 0.16020294723142306
 59.986158586836176 0.15958294141704718
 61.229393975507016 0.15905694098632442
 62.4871370690914 0.15862012176248202
 63.75959220146136 0.15825878911619318
 65.04682748390755 0.15795292170272063
 66.34911536159265 0.15769231565399694
 67.66666016838873 0.15750119808448534
 68.99946190429577 0.15736626956027464
 70.34806545963914 0.15729088234897973
 71.71233461183752 0.1572859417292791
 73.0922693608909 0.1572885262229907
 74.488550819706 0.15734090966793576
 75.90049787537613 0.15741759243152506
 77.32947275371471 0.15752325039159878
 78.77479434181505 0.1576931621079786
 80.23714375258385 0.15789780949168855
 81.71652098602112 0.15816552099747094
 83.21360715503363 0.15855289556101348
 84.7277211467146 0.1590968865778973
 86.25886296106405 0.15967499501680812
 87.80839482389545 0.16025974142791125
 89.37631673520882 0.16091685422090865
 90.9619475820974 0.16156643461672834
 92.56596847746795 0.16211102818497364
 94.18906053422717 0.16261878096989235
 95.83054263946835 0.16309073471556418
 97.49177701900496 0.16357676796853848
 99.17208255993027 0.1641734391652648
 100.87145926224427 0.1648258769227528
 102.59058823885371 0.16552301079355855
 104.33015060266533 0.16634204952811954
 106.08946524077237 0.16722937554372738
 107.86989437898832 0.16815961025163811
 109.67075690440646 0.16917437213291753
 111.49205281702676 0.17018235928527833
 113.33446322975597 0.17114256203210437
 115.19866925550082 0.17208418242322795
 117.08467089426134 0.17307116646823326
 118.99178703313078 0.17402801655522984
 120.92206101082932 0.1750184875097284
 122.87344948863678 0.17599633077254812
 124.8486769181801 0.17695910880666157
 126.8456999607391 0.17795230807001053
 128.86656195503394 0.17891874092082696
 130.91058178815794 0.1799364002419283
 132.9784405730178 0.18102162771484223
 135.0701383096135 0.1822219821498604
 137.18567499794509 0.18341323416766234
 139.326412863826 0.18458022861002682
 141.4909896814428 0.18569334484315292
 143.68144878951568 0.1867867738294006
 145.89642796223117 0.18783733297751865
 148.13797053830947 0.18875833293407343
 150.40471429193713 0.1895659117520796
 152.6973403360209 0.19016302032770085
 155.0172108963742 0.19065166302636632
 157.36364486009032 0.19114919898034996
 159.73664222716926 0.19160927784125859
 162.13756522342453 0.19206914980043832
 164.56573273594935 0.1925583297484187
 167.02250699055722 0.19310999028887924
 169.5072068743414 0.1937466357272217
 172.02051350020858 0.19442072037049968
 174.56242686815884 0.1951236642109424
 177.1343092040056 0.1959531641585113
 179.7347982819354 0.1969132212566137
 182.36593744066846 0.19793756351807115
 185.02772668020478 0.19910198544019322
 187.71948488763763 0.2003523716961568
 190.44189317587373 0.20155623133130612
 193.1963137707266 0.20274092096181587
 195.98206555928942 0.20396371516731998
 198.799829654469 0.2052031327952566
 201.64960605626533 0.20640413002037963
 204.53275699049183 0.20755497494373923
 207.44860134424184 0.20865874038568602
 210.39782023042204 0.2097226207121735
 213.38041364903248 0.2107553793501538
 216.3977438258866 0.21171064866562073
 219.44981076098443 0.2126109052510793
 222.53593334141917 0.21339174798970365
 225.65815490591115 0.21404080479851015
 228.81579434155353 0.2145782493436112
 232.00953276125304 0.21496410706210375
 235.24005127791654 0.21523609686460696
 238.5073498915439 0.21544158212201564
 241.81142860213518 0.21557789759588541
 245.15364963550383 0.2156142872886181
 248.53469410455662 0.21560103352227317
 251.95319978348007 0.2154326471665185
 255.41121001099438 0.2149568342463439
 258.9087247870996 0.2142959453574644
 262.4457441117956 0.213680725932117
 266.0229490979892 0.21321425891038107
 269.64102085858724 0.2128364686929058
 273.3006405064963 0.21259237592006835
 277.00112692880975 0.21246923773723111
 280.743842351341 0.21226470343189943
 284.52946788699677 0.21194702565425438
 288.3580035357772 0.21169076728511987
 292.2294492976821 0.21154436264413756
 296.14584851143184 0.21148077567833548
 300.1058389512128 0.21138376540790027
 304.1107828428386 0.21105745254557523
 308.16068018630915 0.210379575998329
 312.256893207438 0.20938535564885885
 316.3994219062251 0.20816718591342848
 320.5889473955772 0.2066481481067577
 324.826150788401 0.20481320753832757
 329.1103509717898 0.2027082156848301
 333.4435912844638 0.20047455743984416
 337.8251906135163 0.19823100987391618
 342.25651118476077 0.1958570483936654
 346.7375529981972 0.1930756780455333
 351.2689971667323 0.18968683309219003
 355.85152480327287 0.18578962528005233
 360.4858170207255 0.18166517011309266
 365.1718738190904 0.17755653854785436
 369.9110574241809 0.17366829431346187
 374.7033678359971 0.17006051210764714
 379.5488050545389 0.16651852913768647
 384.4494124185266 0.1628871513990849
 389.4045088150534 0.15903084649927096
 394.4154564699328 0.15477780709215147
 399.4822553831648 0.15012258927240937
 404.60558666765615 0.14511265335267295
 409.7861314363136 0.1397986527081014
 415.0245708020439 0.1343251645796983
 420.3215858777537 0.1288579258336978
 425.67785777634987 0.1234605170469127
 431.09406761073905 0.11810575108372397
 436.57021538092124 0.11272516389195504
 442.10698219980316 0.10730477790827453
 447.7057302931984 0.10189730991160369
 453.36714077401365 0.09659374957574711
 459.09053252934217 0.09144097012333965
 464.8779488979041 0.08640599406930079
 470.73007099260633 0.0814496023637993
 476.6462177005419 0.07650633607010993
 482.62843236043125 0.07155588069135928
 488.6767149722743 0.06666223476028081
 494.7917466489778 0.06185254983520999
 500.9742085034484 0.05713620432237044
 507.2247816485929 0.05258414877147736
 513.5448283102248 0.04823885165962327
 519.9343484883442 0.0440515446333395
 526.3940232958577 0.03997325931509777
 532.9252149585786 0.03605449509249678
 539.5279234765072 0.03240072336133388
 546.2028299625503 0.029061559143285568
 552.9512966425211 0.026036149520123404
 559.7740046293264 0.023260540833233225
 566.6709539229664 0.020602924635463496
 573.6435067492544 0.018069154842783465
 580.6923442210971 0.01585175753707503
 587.8181474514013 0.014016371227685405
 595.0222786659806 0.012365511913119026
 602.3040567519281 0.01066071518734359
 609.665525047964 0.008838760757196626
 617.1073646669952 0.007006103030392222
 624.6295756090217 0.005305422230731109
 632.2342012127634 0.0038864768263333653
 639.920560365314 0.002884756247127798
 647.6906964053934 0.002319070889036794
 655.5452904459086 0.002069027278142031
 663.4843424868593 0.0019541725031027796
 671.509214754059 0.0018201277109854998
 679.6205883604148 0.0016086901230297618
 687.8218688704601 0.001353322296150059
 696.1042018164072 0.0010922016076676054
 704.4818905692979 0.0008760173688785182
 712.9481240000647 0.0008059851865910691
 721.5097132377749 0.0009553219660227382
 730.1530360242939 0.0013114834096475125
 738.8985257468236 0.0018368954749438892
 747.7325601472295 0.0024797678389680946
 756.6619503545788 0.003102623653672408
 765.6866963688717 0.003492044262649833
 774.8067981901079 0.003441391583983957
 784.0222558182877 0.002860839898181484
 793.3398803824783 0.0018406751193982033
 802.7596718826799 0.0005904619174218639
 812.2680080607573 -0.0006794785398923674
 821.8853223039131 -0.001824171541106623
 831.6048034830798 -0.0027246728321125967
 841.4264515982574 -0.003254778985450818
 851.3434555203784 -0.0034182647769658197
 861.376248636645 -0.003370953243417566
 871.5043975598552 -0.003243531359421698
 881.7483356772108 -0.0030921901470004672
 892.0944407305776 -0.0028742265530854066
 902.5495238490223 -0.002455275140126365
 913.1135850325454 -0.0018681872131100649
 923.7866242811469 -0.0014733231669780095
 934.5754527238939 -0.0015924318289072046
 945.4732592317191 -0.002030511223634931
 956.4868549336901 -0.00221072370535834
 967.6162398298067 -0.0017530356510091945
 978.8546027910016 -0.000727949907094946
 990.2155660754095 0.0007918396675351605
 1001.6855074248955 0.002811870448245432
 1013.2848602266621 0.0047846191651919785
 1024.993191093507 0.00598149600667936
 1036.830933412632 0.006482381715430311
 1048.784464925903 0.006931541792357252
 1060.8605967623869 0.007980901781056173
 1073.066140051151 0.010061274387788446
 1085.387472534061 0.01250518036290292
 1097.8382164692514 0.01356604057753946
 1110.4183718567224 0.012143187046049051
 1123.1211275674061 0.008905138794734636
 1135.9601058594378 0.0058646871762349645
 1148.9216844746825 0.004361545195912988
 1162.019485671275 0.003551905219845195
 1175.246698320148 0.0019559595761143933
 1188.6033224213013 -0.0005579269093607555
 1202.1029802328699 -0.003236545227823069
 1215.732049496719 -0.005549117315622645
 1229.4973413419157 -0.0071360976138483065
 1243.3988557684602 -0.007929301580384273
 1257.4434039054202 -0.008225938174486217
 1271.6241746237276 -0.007811342122197245
 1285.9479790524506 -0.006187583896403459
 1300.4148171915888 -0.004274879960417716
 1315.0246890411418 -0.0035291543967284635
 1329.7775946011104 -0.003540943403464128
 1344.6735338714939 -0.0028979224096169045
 1359.712506852293 -0.0010394433336327654
 1374.908135801642 0.00141539977933674
 1390.246798461406 0.003473593268455622
 1405.7353059606526 0.004472443485028332
 1421.373658299382 0.004414683567800511
 1437.1618554775937 0.003516539592258466
 1453.1067086243556 0.001192942373808368
 1469.2082177396676 -0.002279849939757832
 1485.459571694462 -0.004020742749324856
 1501.8675816178063 -0.0024770087138187118
 1518.439058638768 -0.0005751151921017716
 1535.1603804992126 -0.0009659254575880127
 1552.0519805863416 -0.002054493495242018
 1569.0934255129534 -0.0021345180662337444
 1586.30514866625 -0.0016161440272661625
 1603.6735277880966 -0.0002816217976724125
 1621.2053740075607 0.0018410084425296127
 1638.9074984537092 0.004466131298012385
 1656.7730899974752 0.007424023229379823
 1674.8089597679261 0.008035968958160122
 1693.0082966359944 0.004760705364199299
 1711.384722859815 -0.00005165506708567878
 1729.9246161812525 -0.004181596207796283
 1748.6415988584424 -0.0060463696660696285
 1767.5288597623173 -0.006430106154743624
 1786.5863988928766 -0.007578056239546556
 1805.821027379188 -0.007193242976049454
 1825.2395563503196 -0.003947889568930207
 1844.8283635481355 -0.0014240133768123277
 1864.5942601017032 -0.0005272922392298638
 1884.5372460110239 0.0002782271611331278
 1904.6641324051636 0.00129091687750285
 1924.9749192841227 0.002776399387485609
 1945.4627955188344 0.004765340768012845
 1966.1413833674328 0.007155340790918103
 1986.9970605717833 0.009667429539038886
 2008.0434493900214 0.010522366579997324
 2029.2737386930783 0.010212468262062293
 2050.6879284809547 0.012334603043771389
 2072.299641011786 0.014882913319787387
 2094.0952540274366 0.014212851259278151
 2116.081578656974 0.013808850398190664
 2138.2586149003982 0.01497402328592106
 2160.62636275771 0.013517580081890246
 2183.1916333579757 0.01142073548273299
 2205.947615572128 0.013875804947409181
 2228.901120529235 0.01822698139131342
 2252.0521482292966 0.017627511572717545
 2275.3938875432445 0.012465405519357627
 2298.939960729215 0.008964947415857233
 2322.6835566581394 0.0075126282963215284
 2346.624675330018 0.003917204169563232
 2370.770127873918 -0.0007539805935351936
 2395.113103160773 -0.001741480583028914
 2419.653601190582 0.00043616281034292246
 2444.40524422148 0.0027226237238321058
 2469.3612211244 0.0025060649329274854
 2494.514720770274 -0.0009624443029060349
 2519.8793654172373 -0.003380133332439989
 2545.448343936223 -0.003077861911010704
 2571.221656327229 -0.002225216634811075
 2597.2061137193255 -0.0014092916084499172
 2623.3949049834428 -0.0014534548270267052
 2649.79484124865 -0.0027489432014677225
 2676.3991113858783 -0.003334563347827281
 2703.221337653263 -0.0019206030665972307
 2730.24789779267 0.000302644731018872
 2757.4924140622334 0.0019069192519659318
 2784.9480753328858 0.002690102100929415
 2812.6080704755595 0.0030053446887180037
 2840.48602174839 0.003123141506305695
 2868.581929151377 0.0031706601566812557
 2896.888981555453 0.003198425086644028
 2925.4071789606182 0.0032209404029187143
 2954.1433324959403 0.003243227605887029
 2983.0974421614183 0.00326612900018744
 3012.262696827986 0.0032840673346988605
 3041.64590762471 0.003301791246268665
 3071.2470745515902 0.003320062772564066
 3101.05938647956 0.0033381243323630312
 3131.096465666753 0.0033615156308079127
 3161.344689855036 0.0033799587750167463
 3191.817681302542 0.003393291715758406
 3222.501817751138 0.0034175940289880207
 3253.4039103298896 0.00343614451847376
 3284.5307701678657 0.003455157674094573
 3315.868775006931 0.0034744067268707777
 3347.4315471052196 0.0034933637502102917
 3379.2122753336653 0.0035181994903765662
 3411.2109596922674 0.0035378959653585918
 3443.427600181026 0.0035630465890088797
 3475.862196799941 0.003588415002919572
 3508.5147495490123 0.003602898797850028
 3541.392069557308 0.003628525465104621
 3574.4805345666923 0.003654444400136017
 3607.7937668353006 0.0036750571093461335
 3641.3181441049983 0.0037066659280703897
 3675.06728863392 0.0037276745110887454
 3709.02757816393 0.0037541800935061674
 3743.2126349531645 0.00378638999192242
 3777.6088367434877 0.0038078483655880806
 3812.2298057930357 0.0038349064745399333
 3847.061919843672 0.003862551134895122
