 0. 0.
 0.21152862247037635 0.21152862247037632
 0.637072707369058 0.6370283805274942
 1.0676235447012705 1.0672007723724297
 1.503241945225316 1.5015100660092955
 1.943975917434591 1.9391385505252254
 2.389900141207711 2.3790639475472606
 2.841067959315118 2.820169519957213
 3.2975380488042942 3.261351665432828
 3.7593744209997704 3.70160627074446
 4.226641087226073 4.140082648257534
 4.699407393084776 4.576110643915639
 5.177721347069275 5.009200357776784
 5.661641626227055 5.439029009217473
 6.151274916098995 5.865414387877077
 6.646669225178492 6.288287186747262
 7.147877896235989 6.707658863841497
 7.6549542720419215 7.123595093139466
 8.168058380907613 7.536193128023824
 8.687136880062626 7.945564753991895
 9.212296455047838 8.351827345815856
 9.743643791404129 8.755098557731634
 10.28123223190194 9.155492969873979
 10.825168462082154 9.553120690957746
 11.375452481944768 9.948084843104208
 11.932190977030665 10.34047709042117
 12.495490632880722 10.730374285438032
 13.065404792265385 11.11783567446837
 13.64198679795509 11.50290373600117
 14.225343335490718 11.885608652120704
 14.815581090413152 12.26597864866504
 15.412700062722392 12.644047540747128
 16.016860280729755 13.019858645247167
 16.628061744435247 13.393458073682803
 17.246517824920623 13.764881317949435
 17.872175179415446 14.134138718205568
 18.505140493460598 14.501207078960501
 19.145573795367397 14.86603441995799
 19.793528427906285 15.228548080624773
 20.449057733847702 15.588656955780541
 21.11232174150297 15.9462461858268
 21.783320450872093 16.30118302548549
 22.46216054749594 16.653329140203677
 23.14900205968584 17.002551225775814
 23.843898330212237 17.34872603869111
 24.54690270184556 17.69173396846744
 25.258175202897142 18.031440034116788
 25.977769176137418 18.367681867204304
 26.705791307107262 18.70027334487696
 27.442348281347567 19.029024711253058
 28.187546784399206 19.353748725624595
 28.941440159032627 19.674253955327416
 29.70418843355914 19.990333038263998
 30.475844950749188 20.3017545784549
 31.256569738914102 20.608260071937575
 32.04641614082431 20.909567539795045
 32.8454908420207 21.20538717812552
 33.653900528044154 21.49543505176581
 34.471805227205984 21.77943365321883
 35.29931162504708 22.057100444640113
 36.13647306433788 22.328146739982845
 36.983396230619256 22.592291119257524
 37.840241152202545 22.849273681182897
 38.707114514628614 23.09886778066315
 39.58412300343835 23.34088617699028
 40.47137330417264 23.57518215169906
 41.36902544514278 23.801655936233136
 42.27713276911924 24.020253314626306
 43.195855304413335 24.23096031369141
 44.125353079336364 24.433784758413257
 45.0656794366588 24.628743416616445
 46.016994404691935 24.81584495167702
 46.97940466897667 24.9950862894938
 47.953070257824315 25.166459549189224
 48.93809785677575 25.32997101869752
 49.934647494142304 25.485666558018963
 50.94277251269441 25.63364649463739
 51.96268628351383 25.774053578632877
 52.994548834911896 25.907049787191035
 54.038360166888594 26.032809198277555
 55.094547021607454 26.15151860545846
 56.1630027135276 26.2633746673699
 57.243727242649015 26.36858421512828
 58.337254036676114 26.467364252330274
 59.4430496679045 26.559950981731703
 60.56218099174297 26.646598184357856
 61.694114580487124 26.727549720271124
 62.83938386184136 26.803035057151124
 63.997988835805685 26.873287211867012
 65.17046293008451 26.93853908950245
 66.35627271697341 26.99901412132019
 67.55541819647239 27.05493495608452
 68.76896622399028 27.106552440451413
 69.99691679952706 27.15416945722585
 71.23873649537832 27.198123263253233
 72.49495873924849 27.23874214459281
 73.76611695884193 27.276324177273164
 75.05167772645429 27.311184316932994
 76.35270789749433 27.343669881112458
 77.66867404425768 27.37405793016665
 78.99957616674433 27.402495769434665
 80.34594769265867 27.429088393444857
 81.70832204970513 27.45397047577511
 83.08616581017927 27.477253885761876
 84.48054582948993 27.499098253095312
 85.89092867993268 27.519792878642477
 87.31731436150756 27.539528496408163
 88.76023630191894 27.558315167087134
 90.22022792887121 27.57616968645036
 91.6972892423644 27.593208870342533
 93.19088681469411 27.609555375400586
 94.70262092897353 27.625325458541727
 96.23089130208945 27.640689397024747
 97.77783164485949 27.655776889972902
 99.34184167417045 27.670594809399642
 100.92452167313553 27.685124352984317
 102.52533821405034 27.699386438588114
 104.14482472461927 27.71338266753828
 105.78298120484229 27.727038040150028
 107.43980765471946 27.74027092226931
 109.11637092965955 27.75309675985721
 110.81160417425376 27.765559811586762
 112.5271076716153 27.77760939950275
 114.26181456633537 27.789144760157896
 116.01732514152717 27.800136192145565
 117.79257254178191 27.810640672533737
 119.58809019480395 27.82074074093899
 121.40494495600215 27.830483106931386
 123.2426033976721 27.83986287710077
 125.10106551981377 27.848828006914236
 126.981398177836 27.857299804970946
 128.88306794403434 27.865241946573548
 130.80714167381763 27.872700845060525
 132.75308593948148 27.879729159785025
 134.72143416873024 27.8863150386897
 136.712186361564 27.89242376958299
 138.72640937339148 27.89805061834909
 140.7630363488039 27.90321462764746
 142.82366757091447 27.907933875987663
 144.90830303972322 27.912216912165597
 147.01640932752574 27.91608335174141
 149.14851986202638 27.919570388544695
 151.30570149863397 27.922701805498928
 153.48742080964414 27.925485368342617
 155.69421122276128 27.927940789609817
 157.92607273798538 27.930107993490893
 160.18407221072525 27.932032826012936
 162.4676762132765 27.933745292639134
 164.77741817334348 27.93525563739246
 167.11329809092626 27.93656975779629
 169.47638282143362 27.937702874563936
 171.86667236486554 27.938688588459648
 174.28363329351762 27.93957533837512
 176.72886589050313 27.940401932602
 179.2018367281176 27.94117603040309
 181.7030792340654 27.941882825230348
 184.23312683605107 27.942509031097952
 186.79197953407447 27.94305208700016
 189.37963732813571 27.943513830411085
 191.99716707364348 27.943895012696945
 194.64510219830228 27.94419865639786
 197.32237584670327 27.944436188646552
 200.03058830195968 27.94462692287492
 202.76973956407147 27.94479127988993
 205.53982963303866 27.94494445673432
 208.34139193656563 27.94509359270066
 211.17495990235685 27.945237795908355
 214.04106695811666 27.945370759503497
 216.9391796761407 27.94548551796406
 219.87036491183775 27.945578790665166
 222.83515609291217 27.94565221079293
 225.83355321936406 27.94571050321291
 228.86555629119334 27.945758798096943
 231.9327655915133 27.945800933935427
 235.03411426491502 27.945839195819556
 238.1706691668074 27.945874848434553
 241.3424302971904 27.945908644208597
 244.55046451147282 27.94594102908199
 247.79477180965472 27.945972170649135
 251.07588561944044 27.94600202771708
 254.39433936853436 27.94603064343502
 257.7495996292322 27.94605845675666
 261.143266684647 27.946086175759287
 264.5748071070745 27.946114168172475
 268.0452877519234 27.946142077618465
 271.55470861919383 27.94616910495112
 275.1036031365901 27.946194361031395
 278.6925047318166 27.946217148404415
 282.3219468325778 27.946237264274526
 285.9919294388736 27.946254797567082
 289.7035194061129 27.94626972591381
 293.4567167342957 27.946282060018177
 297.25152142342193 27.94629214194659
 301.0895337566049 27.946300458320884
 304.9702203061401 27.94630737934948
 308.8946479274364 27.946313294308595
 312.86281662049373 27.94631855293873
 316.8752598130166 27.946323019906764
 320.93251093270936 27.946326379267763
 325.03510340727644 27.946329008554883
 329.1835706644222 27.94633176809726
 333.37844613185104 27.94633504475655
 337.6202632372674 27.946338590405283
 341.90902198067124 27.9463419716455
 346.24525578976693 27.94634495736906
 350.63003151996344 27.946347765960958
 355.06388259896505 27.946350923046936
 359.54627559906737 27.946354689962487
 364.0788108033836 27.94635872935155
 368.6620216396182 27.946362523973978
 373.2953746800667 27.946365647495522
 377.9804702078423 27.946367823619326
 382.71730822294506 27.946369180799223
 387.5064221530794 27.94637007232294
 392.3483454259496 27.9463707517292
 397.2436114692602 27.946371347697372
 402.19328713842 27.946371915602434
 407.1973724334289 27.94637245426528
 412.2564007819914 27.946372939510667
 417.3714390395162 27.94637335185196
 422.54248720600333 27.946373686995166
 427.77007870915736 27.946373937726207
 433.05528040438685 27.94637409904354
 438.39862571939636 27.9463741927251
 443.80011465418585 27.946374248222458
 449.26081406416415 27.946374282634565
 454.78125737703556 27.946374303786357
 460.3619780205046 27.946374316161943
 466.00404284998007 27.94637432292643
 471.7069184377575 27.946374326344085
 477.47220506695015 27.946374327937527
 483.3004361652624 27.946374328627126
 489.1916117326943 27.946374328905648
 495.14733205235893 27.946374329010926
 501.167063696552 27.946374329047938
 507.25240694838675 27.94637432905983
 513.4038952355676 27.94637432906324
 519.6215285580944 27.946374329064096
 525.9063737713759 27.94637432906429
 532.2589643031168 27.94637432906434
 538.681967291839 27.94637432906436
 545.168448177385 27.946374329064366
 551.7296089415477 27.94637432906437
 558.3601153072827 27.946374329064373
 565.0653015516343 27.946374329064373
 571.8344991205142 27.946374329064373
 578.6837108450547 27.946374329064373
 585.6022681711677 27.946374329064373
 592.5955053758971 27.946374329064373
 599.6634224592431 27.946374329064373
 606.8060194212054 27.946374329064373
 614.0232962617843 27.946374329064373
 621.3205872580237 27.946374329064373
 628.6978924099236 27.946374329064373
 636.144543163396 27.946374329064373
 643.6765423495729 27.946374329064373
 651.2885556914104 27.946374329064373
 658.9805831889083 27.946374329064373
 666.7472905650228 27.946374329064373
 674.6046806508857 27.946374329064373
 682.5367506153653 27.946374329064373
 690.5595032895934 27.946374329064373
 698.6622701194821 27.946374329064373
 706.8503853820752 27.946374329064373
 715.1238490773729 27.946374329064373
 723.4826612053753 27.946374329064373
 731.9321560431262 27.946374329064373
 740.4669993135816 27.946374329064373
 749.0925252937856 27.946374329064373
 757.8087339837382 27.946374329064373
 766.6102911063955 27.946374329064373
 775.5078652158453 27.946374329064373
 784.4907877579996 27.946374329064373
 793.5750615639906 27.946374329064373
 802.7446838026862 27.946374329064373
 812.0156573052183 27.946374329064373
 821.3773135174991 27.946374329064373
 830.8349867165725 27.946374329064373
 840.3940111794826 27.946374329064373
 850.0437183521414 27.946374329064373
 859.7947767886366 27.946374329064373
 869.6471864889687 27.946374329064373
 879.5956131760934 27.946374329064373
 889.6507254040987 27.946374329064373
 899.8018546188965 27.946374329064373
 910.0596693745752 27.946374329064373
 920.4188353940905 27.946374329064373
 930.8793526774424 27.946374329064373
 941.4518897787191 27.946374329064373
 952.1257781438325 27.946374329064373
 962.9063520498264 27.946374329064373
 973.793611496701 27.946374329064373
 984.7928907615005 27.946374329064373
 995.8988555671807 27.946374329064373
 1007.1168401907855 27.946374329064373
 1018.4468446323152 27.946374329064373
 1029.8888688917693 27.946374329064373
 1041.4429129691484 27.946374329064373
 1053.1089768644522 27.946374329064373
 1064.8870605776808 27.946374329064373
 1076.7878326629223 27.946374329064373
 1088.8006245660881 27.946374329064373
 1100.930770564223 27.946374329064373
 1113.1782706573265 27.946374329064373
 1125.5431248453988 27.946374329064373
 1138.0306674054839 27.946374329064373
 1150.6408983375818 27.946374329064373
 1163.3684833646485 27.946374329064373
 1176.218756763728 27.946374329064373
 1189.1970528118643 27.946374329064373
 1202.2927029549694 27.946374329064373
 1215.5217100241753 27.946374329064373
 1228.8680711883499 27.946374329064373
 1242.3477892786254 27.946374329064373
 1255.9501957409138 27.946374329064373
 1269.6806248522591 27.946374329064373
 1283.544410889705 27.946374329064373
 1297.536219576208 27.946374329064373
 1311.6613851888117 27.946374329064373
 1325.9145734504723 27.946374329064373
 1340.3064529152778 27.946374329064373
 1354.8263550291401 27.946374329064373
 1369.4849483461471 27.946374329064373
 1384.2768985892553 27.946374329064373
 1399.2022057584643 27.946374329064373
 1414.266204130818 27.946374329064373
 1429.474227983361 27.946374329064373
 1444.8156087620046 27.946374329064373
 1460.295680743793 27.946374329064373
 1475.9144439287265 27.946374329064373
 1491.6772325938489 27.946374329064373
 1507.5840467391602 27.946374329064373
 1523.6295520876165 27.946374329064373
 1539.8244171933056 27.946374329064373
 1556.1579735021396 27.946374329064373
 1572.640889568207 27.946374329064373
 1589.2678311144628 27.946374329064373
 1606.0387981409076 27.946374329064373
 1622.9644592016298 27.946374329064373
 1640.0341457425407 27.946374329064373
 1657.2531920406846 27.946374329064373
 1674.6215980960612 27.946374329064373
 1692.139363908671 27.946374329064373
 1709.811823755558 27.946374329064373
 1727.6336433596775 27.946374329064373
 1745.6101569980742 27.946374329064373
 1763.7413646707482 27.946374329064373
 1782.0219321006548 27.946374329064373
 1800.4625278418828 27.946374329064373
 1819.0578176173874 27.946374329064373
 1837.8078014271691 27.946374329064373
 1856.717813548272 27.946374329064373
 1875.7825197036518 27.946374329064373
 1895.0019198933087 27.946374329064373
 1914.3866826713304 27.946374329064373
 1933.9314737606735 27.946374329064373
 1953.6309588842935 27.946374329064373
 1973.4958065962785 27.946374329064373
 1993.5206826195847 27.946374329064373
 2013.7055869542116 27.946374329064373
 2034.0558538772038 27.946374329064373
 2054.566149111517 27.946374329064373
 2075.2418069341957 27.946374329064373
 2096.0774930681946 27.946374329064373
 2117.083876067603 27.946374329064373
 2138.250287378333 27.946374329064373
 2159.587395554471 27.946374329064373
 2181.089866318975 27.946374329064373
 2202.7523653947997 27.946374329064373
 2224.5855613360336 27.946374329064373
 2246.5894541426765 27.946374329064373
 2268.7587095376844 27.946374329064373
 2291.0933275210573 27.946374329064373
 2313.5986423698396 27.946374329064373
 2336.2746540840308 27.946374329064373
 2359.116028386587 27.946374329064373
 2382.128099554553 27.946374329064373
 2405.310867587927 27.946374329064373
 2428.658998209667 27.946374329064373
 2452.18315997386 27.946374329064373
 2475.8726843264176 27.946374329064373
 2499.7382398214286 27.946374329064373
 2523.7691579048046 27.946374329064373
 2547.97077285359 27.946374329064373
 2572.348418944828 27.946374329064373
 2596.891427624432 27.946374329064373
 2621.610467446488 27.946374329064373
 2646.500204133954 27.946374329064373
 2671.5606376868286 27.946374329064373
 2696.7917681051126 27.946374329064373
 2722.1935953888055 27.946374329064373
 2747.766119537908 27.946374329064373
 2773.514674829463 27.946374329064373
 2799.4285927093833 27.946374329064373
 2825.5185417317566 27.946374329064373
 2851.7738533424954 27.946374329064373
 2878.2051960956874 27.946374329064373
 2904.8019014372435 27.946374329064373
 2931.5746379212533 27.946374329064373
 2958.5127369936286 27.946374329064373
 2985.626867208457 27.946374329064373
