 0. -0.
 0.2642937219086938 0.012579674942228255
 0.7959883395004692 0.10724150346936107
 1.3339386269863678 0.2971673017155922
 1.8782205641626746 0.5825345302671447
 2.4288941350790885 0.9583146847139992
 2.9860526482573615 1.4133423889928065
 3.5497627526416053 1.9309330788490229
 4.120097762070339 2.490711666677614
 4.697137655276494 3.070950862260182
 5.280962410993003 3.6507732538285294
 5.871658672847206 4.211822842813738
 6.4692864248888045 4.739274312168792
 7.073918980956318 5.222221859318239
 7.685689638937965 5.653581372758211
 8.304658382883444 6.029663634789349
 8.930891861736866 6.349576283082411
 9.564456724442337 6.614570231853568
 10.20555291783219 6.827427020180856
 10.854113792962314 6.9919214863472785
 11.510272647720928 7.112385379059663
 12.17416277999625 7.19337391423728
 12.84585083873239 7.239426740420553
 13.525470121817568 7.254909754115068
 14.213020629251785 7.243915669436357
 14.908635658923258 7.210215307279343
 15.612448508720206 7.157234495336809
 16.32452582758674 7.088053063752387
 17.044934264466967 7.005414386417266
 17.773807117249113 6.9117394418285025
 18.511277683821387 6.809154934805643
 19.257345964183795 6.699524431248412
 20.012211905168666 6.584472964638761
 20.775875506776 6.465395572990548
 21.548603364782235 6.343471861881369
 22.330328830243257 6.219688602260554
 23.12118520104729 6.094865843471743
 23.92137242402666 5.969688550184089
 24.73095714812548 5.844742758885056
 25.550006022287857 5.720549223505665
 26.37871899334612 5.597566930635068
 27.21709606130027 5.476177532141709
 28.065270524038525 5.3566687734474545
 28.923442328393214 5.239238008742168
 29.791678123308447 5.12401178575065
 30.67004455772833 5.011068845279443
 31.558741578485193 4.900460007287869
 32.45783583452315 4.792227353916163
 33.36746062373042 4.686425320772925
 34.287749243995215 4.583134104967882
 35.21883499320577 4.484373592140548
 36.16078452030617 4.3844607555057085
 37.11379777212876 4.289251068232293
 38.07794139761765 4.196886696072822
 39.05341534360516 4.107417856378405
 40.040286259035405 4.020875784341435
 41.03868744179661 3.937266556261393
 42.04875218977699 3.8565611967266906
 43.07068044980886 3.778685886231194
 44.10460551978046 3.703516738569713
 45.15059404863588 3.6308951673474392
 46.20877933426336 3.5606574137824
 47.279361323495216 3.492648858650524
 48.36247331421967 3.426719603158747
 49.45824860432493 3.362733608502908
 50.56682049169924 3.3006007847551144
 51.688388923174905 3.2402845234664066
 52.823020547696046 3.181775233122723
 53.970915312094995 3.125074470461947
 55.13227316320406 3.070190571564363
 56.30716074996738 3.017116054044656
 57.49577801921726 2.965807530111466
 58.69825826884194 2.916203483509683
 59.91480144567373 2.8682380290746483
 61.14554084760085 2.8218294631761043
 62.390676421455645 2.7768764974168616
 63.65027481618221 2.7332786970946974
 64.92460262755698 2.6909718844348918
 66.2138598024123 2.6499295948934103
 67.51804634074816 2.61013816935075
 68.83769543411744 2.571597155850751
 70.17267378463193 2.5343222724243115
 71.52298139229158 2.4983146740705067
 72.88928474653757 2.463526804957835
 74.27091735792874 2.4298628503803754
 75.66921220534729 2.397223078678823
 77.08350279935215 2.365499823852396
 78.51445562938439 2.3345571977489876
 79.96207069544401 2.3042586593909276
 81.42701448697214 2.274517634064901
 82.90862051452766 2.245311674614961
 84.40688877811054 2.2166735227540317
 85.92315225660302 2.188676797118842
 87.45741095000508 2.1614072187277387
 89.00899836887562 2.1349067692862493
 90.57858100265577 2.1091621914136818
 92.16682534078656 2.0841312021003997
 93.77306489382694 2.0598194256897284
 95.39863264065909 2.03630836494252
 97.04286209184193 2.0136761580571036
 98.70575324737544 1.9924018066339004
 100.38797259670072 1.9708801781801268
 102.09018662925888 1.950432024329226
 103.81172885560879 1.9304871487711583
 105.55393225463267 1.9110417852045907
 107.31613033688943 1.892086693636919
 109.09832310237907 1.873536805875361
 110.90117704054265 1.855305647641304
 112.72535864082128 1.837390205893681
 114.57086790321499 1.8197853082453281
 116.43703833828266 1.8024328030036585
 118.32586941434758 1.785334447775961
 120.23536166308645 1.7685823914015246
 122.16818104226367 1.7522299144898774
 124.12232808355596 1.7362745061734641
 126.09980225528659 1.7207291727462226
 128.09993706801447 1.705615859190588
 130.1233990111807 1.6908923327142762
 132.17018808478525 1.6764378205878656
 134.24030428882818 1.6621606761455787
 136.33508060219165 1.6481022784847308
 138.45318404599345 1.634363112524895
 140.59661408855686 1.6209215345877424
 142.76403775099976 1.6076665643273178
 144.95745450164534 1.5945425609185904
 147.1755313616115 1.5814289525015433
 149.41893482033927 1.56814058770263
 151.68899785671087 1.5546764621748284
 153.9850539812852 1.5412577331324313
 156.30710319406225 1.5280727156421041
 158.65647847392424 1.5150690330066388
 161.03251333143 1.502068966020453
 163.43654074546183 1.4889602789038145
 165.86789422657856 1.4757693357660564
 168.3272402642213 1.4626028986956403
 170.81457885839006 1.4495778736859526
 173.33124298796704 1.436730869185953
 175.87589967407 1.4239514572405487
 178.4505483850223 1.4111146970801758
 181.05518912082388 1.3981884998174743
 183.68915539203368 1.3852711408085683
 186.35311368809278 1.372523817750524
 189.04839698788334 1.360079154667625
 191.77433880196432 1.3479870676068755
 194.53160561977683 1.3362433885281335
 197.3201974413208 1.3247956905168392
 200.14144724547845 1.313650100089828
 202.9946885428087 1.3028484483005756
 205.8805878227526 1.2924169486063612
 208.79914508531022 1.2823283832028836
 211.7516933093637 1.2724709140818726
 214.73823249491306 1.262499961682042
 217.7580961525172 1.252455738199595
 220.81328375049944 1.242251974192669
 223.90312879941862 1.2318627575080903
 227.02829778871583 1.2211657084612015
 230.18945720783225 1.2100502484448572
 233.38660705676782 1.1987063999156602
 236.61974733552256 1.1874585669617872
 239.89021102297863 1.1764004551604113
 243.1986646085772 1.165346310529773
 246.54377511343597 1.1541325249399532
 249.9275420058783 1.142732483194863
 253.34996528590418 1.1312152843696313
 256.8110449535136 1.1196238642994576
 260.31144749814763 1.108036110095915
 263.8518394092475 1.0963884968098483
 267.4328871762541 1.0845421232480843
 271.0539243097265 1.0726361416905519
 274.7162837885468 1.0607148438409308
 278.42063210215605 1.0484905344947064
 282.1669692505544 1.0358724708984213
 285.95529523374177 1.0230492192054972
 289.7876095200415 1.0100317770158274
 293.66257913057126 0.9967663113290206
 297.58153704421335 0.9832772779950681
 301.54448326096775 0.9694546005803348
 305.5527507597167 0.9552651356330875
 309.6063395404601 0.9407758228823571
 313.7059160926391 0.9259066660878237
 317.8521469056948 0.910709941511994
 322.04436549018607 0.8953534755422804
 326.2845713144362 0.8798125612419365
 330.57209788900417 0.8639750632659317
 334.9082781927721 0.8478708609381769
 339.29311222574006 0.8318369126846261
 343.7272664773491 0.8160875963771721
 348.21140743704024 0.8005115801484017
 352.74620159425467 0.7849394306556668
 357.3316489489924 0.7692019154257238
 361.9690824801355 0.753137585674751
 366.65850218768406 0.7366747310253621
 371.39990807163815 0.71992829899425
 376.195299600321 0.7029002982754591
 381.04401028429146 0.6855925869109804
 385.94737310243175 0.6682255186374886
 390.9053880547419 0.65088165078021
 395.91872163066296 0.6335097114236604
 400.988040319636 0.6159423261365873
 406.1140106111023 0.5977335146237746
 411.2972989945027 0.5787674756735606
 416.53857195927844 0.5593222627590464
 421.83849599487064 0.539316373119379
 427.1970711012792 0.5185226234581327
 432.61496376794526 0.4970606767012696
 438.09350697375106 0.47518435142824467
 443.6333672081377 0.4528249503027382
 449.23387798166397 0.4302642479035686
 454.8970387626532 0.40797498535235877
 460.62351604054663 0.386170315217634
 466.41264332590293 0.36498687891176707
 472.2664200870455 0.3442196841857882
 478.1848463239744 0.32355280866212355
 484.1685885261307 0.3028933150890722
 490.2183131829554 0.28244636143286267
 496.33468678388965 0.2624072479937003
 502.5190423078157 0.24285080866821057
 508.77137975473346 0.22382886776273994
 515.0923656140841 0.20532256364021115
 521.4833328647497 0.18739745003076436
 527.9442815067305 0.17038447434342577
 534.4758780294674 0.1544103650854588
 541.0794554118424 0.13917012717489147
 547.755680143297 0.12470802218499288
 554.5045522238311 0.11115217466538738
 561.3274046323266 0.09856139917769606
 568.2249038582249 0.08706156049074328
 575.197716390967 0.07664501552368998
 582.2471752094352 0.0672230452823285
 589.3726138241882 0.0586749824936745
 596.5760317035493 0.050804201119453204
 603.8580953369598 0.04351097351774648
 611.2188047244196 0.036842077151114115
 618.6601593342518 0.030874079921315446
 626.1814926770157 0.025642239932738935
 633.7848042210342 0.02110530714666156
 641.4707604557486 0.01718433285670783
 649.2393613811589 0.013952866399661796
 657.0919399761472 0.01139242628379411
 665.0291627301547 0.009322031686568642
 673.0543620903867 0.007574375970156753
 681.1588736941092 0.006079117682163364
 689.356693819585 0.004839848919930789
 697.6411575724032 0.003824368208797972
 706.0189298469749 0.002992750143329487
 714.476680854478 0.0023093962459310308
 723.0344052781454 0.0017467981547069668
 731.6787733291553 0.001277635722393623
 740.4164499019184 0.0008783366732927873
 749.2474349964351 0.0005699063227659355
 758.1717286127051 0.0003988034992583385
 767.1893307507286 0.00027896569137092877
 776.3069063049163 0.00020946499795508445
 785.5244552752685 0.00017070932034429195
 794.8286478729628 0.00015014077541583757
 804.2394787812327 0.00011873261940242588
 813.7502831056668 0.00007283282055319215
 823.3610608462652 0.00002274523509494981
 833.0651471086172 -0.00002354895024079498
 842.8825365759552 -0.00006103799510234373
 852.7932345650469 -0.00008607170619605587
 862.8172357591245 -0.00008501827214004919
 872.9412103693667 -0.00008395433176034561
 883.171823290184 -0.00006629235707071996
 893.5090745215766 -0.000051082766809535604
 903.9529640635446 -0.00004113325626432496
 914.5101568104989 -0.000030334446777145256
 925.1739878680283 -0.000015087182956983986
 935.9511221305441 0.00000121625465239196
 946.8415595980462 0.00001539275152110573
 957.8386353761235 0.000026162237088277733
 968.9556792535981 0.000032822013481774845
 980.1793614416479 0.000035114547042506945
 991.5296766235059 0.000033844521609022125
 1002.9866301159392 0.000031542993116359044
 1014.5702166021806 0.000032528447686189455
 1026.2671062934082 0.00003352354133984445
 1038.0839640840331 0.00003679917496153954
 1050.0274548684663 0.000038889989440247236
 1062.0842488578855 0.00003884668952925186
 1074.267675841113 0.00003606546380748999
 1086.5777358181488 0.000030139467365813447
 1099.0077638945816 0.00002177717613499155
 1111.5710898592336 0.000012657332560506686
 1124.2543839232826 0.000004410326959802667
 1137.070975875551 -0.0000018766773990138367
 1150.0142008216274 -0.000005943086912780112
 1163.084058761512 -0.000006218950963245265
 1176.2938794840268 -0.000004975454928890033
 1189.6303332003497 -0.0000037200383977372526
 1203.1000848048916 -0.0000011574123205757083
 1216.7031342976527 2.9404020700109507E-7
 1230.446146573044 8.767189715441006E-7
 1244.3224567366542 0.0000010950790291622802
 1258.3387296828944 0.0000012807160044934146
 1272.494965411765 0.0000015645836425060937
 1286.7911639232655 0.000001848138175334596
 1301.227325217396 0.0000020039935497200064
 1315.8034492941565 0.0000020298210364392583
 1330.5195361535475 0.000001968708528831336
 1345.3889155843904 0.0000017815409783628151
 1360.398257797863 0.0000015926116535510252
 1375.5542276883766 0.0000013174353333645143
 1390.8568252559317 9.781852888097739E-7
 1406.3060505005276 5.897930466314167E-7
 1421.9085683165754 1.6748534129429656E-7
 1437.6643787040753 -3.4304988103513E-7
 1453.5668167686163 -0.0000010451381245692449
 1469.6225474046091 -0.0000019365780112873993
 1485.8382355064648 -0.0000026832477025737683
 1502.2005512853618 -0.000002995348841032125
 1518.7294894245324 -0.000003100312595933268
 1535.4050552407443 -0.000003067044292980958
 1552.24724341723 -0.000003033443572932801
 1569.2427241651676 -0.0000028050901117914988
 1586.3981623789684 -0.0000024639858417643395
 1603.7202229530428 -0.0000018722233208397041
 1621.2022409929803 -0.0000010700899713371762
 1638.8508813931917 -1.9769255939936127E-7
 1656.659479259266 7.110592619625004E-7
 1674.6413643800252 0.0000015299724882519808
 1692.7832069666474 0.000002156760205490638
 1711.0983368079542 0.000002403482621277446
 1729.5800890095352 0.0000021615416003593115
 1748.2284635713897 0.0000017687796953740394
 1767.0501253879293 0.0000016952484281644972
 1786.051739353565 0.0000017970503911317003
 1805.2199756794741 0.0000018997450405507359
 1824.561499260068 0.0000019022131229231343
 1844.0763100953475 0.000001624883482720988
 1863.771073079722 0.0000013511689394079643
 1883.6457882131926 0.0000011152135254381428
 1903.6937906013482 8.176014988611125E-7
 1923.9284100330103 5.145504812026115E-7
 1944.3363167193575 4.357222152910545E-7
 1964.9308404492117 4.654059031553705E-7
 1985.7053163281612 4.953489630495684E-7
 2006.6597443562066 7.6614729439235E-7
 2027.80745432217 0.0000013658321046282408
 2049.135116437229 0.0000021613755315791876
 2070.649395595795 0.00000282661367021644
 2092.350291797867 0.000003232792395984767
 2114.2378050434468 0.000003284574118017475
 2136.318600226944 0.0000030792381312793117
 2158.5860124539477 0.0000026254645049097973
 2181.046706618869 0.0000018949855404471467
 2203.7006827217087 0.0000012273777454456735
 2226.5412758680545 7.409000691651845E-7
 2249.5818158467296 5.069988963772565E-7
 2272.815637763322 4.541092841660751E-7
 2296.242741617832 6.02323380515311E-8
 2319.8697923046707 -4.687198667980033E-8
 2343.6901249294274 -3.761859759263869E-7
 2367.7037394921017 -5.701423945335078E-7
 2391.9239657815156 -6.512338250635508E-7
 2416.3441389032578 -6.314764359278365E-7
 2440.9575939629185 -6.115626700768011E-7
 2465.7776607493183 -5.013407517538028E-7
 2490.797674368047 -3.0253976987204616E-7
 2516.0176348191044 -7.595257349095688E-9
 2541.4442069969014 2.4319323074196556E-7
 2567.0707260070267 3.194463299706456E-7
 2592.9038567438924 2.788133369493934E-7
 2618.936934313086 2.294392908374329E-7
 2645.1832885034305 1.5615094869231378E-7
 2671.629589526104 5.699827535743263E-8
 2698.2891671699276 -1.531243188104491E-8
 2725.155356540491 -4.491690568375731E-8
 2752.2214927433834 -4.4054431084937804E-8
 2779.500905567426 -4.318516033069789E-8
 2806.993595012619 -3.696966738812265E-8
 2834.692896184552 -3.12942957023704E-8
 2862.5988090832248 -2.651905547224922E-8
 2890.7179986030483 -2.267447482984646E-8
 2919.0504647440216 -1.959814383124031E-8
 2947.589542611735 -1.7096534346546068E-8
 2976.341897100599 -1.501892351596596E-8
 3005.3075282106133 -1.3261326270554647E-8
 3034.4797710473676 -1.175288693224167E-8
 3063.8719553996834 -1.044407311458528E-8
 3093.4707514787387 -9.29905574191487E-9
 3123.2894890733555 -8.291051892188955E-9
 3153.3148383947123 -7.399442321041396E-9
 3183.5534643372193 -6.6079390306393745E-9
 3214.0120317952883 -5.903389092379922E-9
 3244.677210980097 -5.274960623628418E-9
 3275.5623316804663 -4.713588789901132E-9
 3306.660729001987 -4.211579489530254E-9
 3337.972402944658 -3.762324520848401E-9
 3369.4973535084796 -3.3600921758344743E-9
 3401.235580693452 -2.9998700095873417E-9
 3433.1870844995747 -2.677244871074025E-9
 3465.3585298212593 -2.3883100512475005E-9
 3497.7365868696834 -2.129591815062023E-9
 3530.334585433669 -1.897990446302921E-9
 3563.1391957243936 -1.6907327419724459E-9
 3596.1637475306807 -1.5053321397129905E-9
 3629.394911063707 -1.3395557752247596E-9
 3662.846016112295 -1.1913962601144462E-9
 3696.5037328876224 -1.0590477784361022E-9
 3730.381391178512 -8.810632745887047E-10
