 0.27009259871575525 0.999854156157404
 0.8134531445184834 0.9988577423638351
 1.3632066160638645 0.9957260148555315
 1.9194306602232667 0.9890888558377622
 2.482186577158297 0.9777926928544934
 3.051569722675898 0.9611205459985884
 3.627648208066745 0.9388785311896447
 4.210496955750577 0.9113064672785385
 4.800197699276206 0.8790135252330125
 5.396832172192438 0.8428472857096684
 6.00048891917715 0.8037896255077126
 6.611229240391948 0.7628327274929786
 7.229128058256575 0.720858965205176
 7.854321595352376 0.6787065219334553
 8.48687115184096 0.6371073326834128
 9.126844839013 0.5966070740250505
 9.774310768159168 0.5575651342441772
 10.429473273151489 0.5203436224483734
 11.092264242699288 0.4851557146215505
 11.762819899383913 0.45202893488065793
 12.44127646578671 0.4210311515381958
 13.127702053198355 0.3921486004300243
 13.822232884200195 0.3653432960121408
 14.524868958792231 0.340526154593187
 15.235746499555809 0.3175605792031061
 15.955001729072277 0.2963522297307595
 16.68270275863231 0.2767955086381381
 17.41891769952658 0.25875718404643644
 18.16378277433644 0.2421121948385503
 18.917434205643232 0.22677472063259624
 19.67987199344696 0.21263324088549299
 20.45130047161964 0.19959416292923174
 21.231719640161277 0.18756189683576166
 22.02140194423457 0.17646254511552367
 22.820279272548834 0.16623237132655277
 23.628487847685427 0.15676982100879835
 24.446232003516368 0.14801789961180928
 25.273579851332325 0.1399292888849597
 26.110599502423984 0.1324373446498822
 26.957495290663353 0.12549797105397875
 27.814267216050446 0.11906835102519904
 28.681051501166596 0.1130901302349338
 29.558052479883838 0.10753045834679605
 30.44533826349284 0.10236435083027343
 31.34297696328427 0.09755522515483202
 32.25117291313016 0.09308150789899167
 33.16999422432118 0.08892815547550136
 34.09957711943868 0.08507216158263112
 35.040057821063996 0.08148794633893655
 35.99157255177849 0.07814731144457288
 36.95418942287284 0.07501940282505573
 37.928112768219044 0.07208444898952834
 38.91341069910779 0.06933120358037721
 39.91028754941111 0.06675131945269773
 40.918811430419666 0.06433803152249326
 41.93911856471481 0.062078571302800915
 42.97134517487789 0.059959962633817324
 44.015695594780915 0.05797350260021493
 45.072306047005256 0.05611720272908125
 46.14124464284156 0.05438534599249422
 47.222647604871206 0.05276580546805522
 48.31671926696619 0.051247308308948955
 49.423595851707866 0.04982031130597687
 50.543413581677584 0.048475624968427174
 51.676308679456696 0.04720390799789925
 52.82248547891722 0.046000538402243295
 53.98201209134984 0.044863127282941256
 55.15509285062656 0.04378859339070158
 56.341932090619395 0.04277648978709143
 57.54259792261905 0.04182029515969747
 58.75729468049752 0.040912736779784166
 59.986158586836176 0.04005181964317124
 61.229393975507016 0.03923726279899535
 62.4871370690914 0.03846592086716091
 63.75959220146136 0.037732699862671235
 65.04682748390755 0.03703131515039505
 66.34911536159265 0.03635812108307326
 67.66666016838873 0.035717500586057306
 68.99946190429577 0.03510516222895052
 70.34806545963914 0.03452071884865956
 71.71233461183752 0.03396542298002569
 73.0922693608909 0.03342472168447796
 74.488550819706 0.032906956212897846
 75.90049787537613 0.03240598796626303
 77.32947275371471 0.031922154060594746
 78.77479434181505 0.031461876999123534
 80.23714375258385 0.031018445571014658
 81.71652098602112 0.03059673190360954
 83.21360715503363 0.03020671073621123
 84.7277211467146 0.02985407999072974
 86.25886296106405 0.029514678836720574
 87.80839482389545 0.029183019450955812
 89.37631673520882 0.028870661989927583
 90.9619475820974 0.028562736850533083
 92.56596847746795 0.028242125092562253
 94.18906053422717 0.02792112136771657
 95.83054263946835 0.02759998453299016
 97.49177701900496 0.02728711881544825
 99.17208255993027 0.026998163009019176
 100.87145926224427 0.026723327457332503
 102.59058823885371 0.0264603433253147
 104.33015060266533 0.02622098997364767
 106.08946524077237 0.02599605592806151
 107.86989437898832 0.025781134868056277
 109.67075690440646 0.025582187732438054
 111.49205281702676 0.02538500895024202
 113.33446322975597 0.02518352431444556
 115.19866925550082 0.024982175577982973
 117.08467089426134 0.02479016572439188
 118.99178703313078 0.024596499079999862
 120.92206101082932 0.024410174589102485
 122.87344948863678 0.0242245827732423
 124.8486769181801 0.024039397444339673
 126.8456999607391 0.023860743328632097
 128.86656195503394 0.023680837705882522
 130.91058178815794 0.023509960061006148
 132.9784405730178 0.023349931206848036
 135.0701383096135 0.023206462221488207
 137.18567499794509 0.02306335540073334
 139.326412863826 0.022918736630466792
 141.4909896814428 0.022769043844722413
 143.68144878951568 0.02261862081540277
 145.89642796223117 0.022464739670507786
 148.13797053830947 0.022297286805430826
 150.40471429193713 0.022118631649026582
 152.6973403360209 0.021917976450279448
 155.0172108963742 0.021707718966299697
 157.36364486009032 0.021501433449311175
 159.73664222716926 0.021293864952849916
 162.13756522342453 0.02108918657484817
 164.56573273594935 0.020890544621673075
 167.02250699055722 0.02070133638637611
 169.5072068743414 0.020523673723625332
 172.02051350020858 0.02035222750934518
 174.56242686815884 0.020185935920304564
 177.1343092040056 0.020034662899141423
 179.7347982819354 0.019898357283525996
 182.36593744066846 0.019769935392576904
 185.02772668020478 0.019656660766666036
 187.71948488763763 0.01955278466067788
 190.44189317587373 0.019445227357419045
 193.1963137707266 0.01933673193969709
 195.98206555928942 0.01923275160672402
 198.799829654469 0.019131156408295637
 201.64960605626533 0.019026806103666083
 204.53275699049183 0.018918728537762414
 207.44860134424184 0.018807329437847065
 210.39782023042204 0.01869336697556463
 213.38041364903248 0.01857770777494785
 216.3977438258866 0.018456370509453094
 219.44981076098443 0.018331482150826202
 222.53593334141917 0.018197665290660504
 225.65815490591115 0.018054157516308414
 228.81579434155353 0.017902950285689164
 232.00953276125304 0.017740987315274175
 235.24005127791654 0.017571690959525394
 238.5073498915439 0.017399131202579198
 241.81142860213518 0.01722321583869213
 245.15364963550383 0.01704163465406787
 248.53469410455662 0.016858517359000878
 251.95319978348007 0.016665764479450118
 255.41121001099438 0.016452011532652498
 258.9087247870996 0.016227177137632443
 262.4457441117956 0.016008931937128684
 266.0229490979892 0.015804777793603425
 269.64102085858724 0.015609933903856425
 273.3006405064963 0.015427438752836847
 277.00112692880975 0.015256053585501778
 280.743842351341 0.015081092168597455
 284.52946788699677 0.014900449798428549
 288.3580035357772 0.014726478862337331
 292.2294492976821 0.014562357729141046
 296.14584851143184 0.014405989775085618
 300.1058389512128 0.014249333960707438
 304.1107828428386 0.01407933834348909
 308.16068018630915 0.013888324729187614
 312.256893207438 0.013679222860354043
 316.3994219062251 0.013458563019985862
 320.5889473955772 0.013221786033598838
 324.826150788401 0.012968442059726732
 329.1103509717898 0.012701931289863253
 333.4435912844638 0.012431466504772162
 337.8251906135163 0.01216452269126475
 342.25651118476077 0.01189373624764172
 346.7375529981972 0.011602617101565585
 351.2689971667323 0.01127991025809112
 355.85152480327287 0.010932452232503598
 360.4858170207255 0.010577450235645039
 365.1718738190904 0.010229257240058902
 369.9110574241809 0.009899463337336215
 374.7033678359971 0.009591029851659775
 379.5488050545389 0.009291437143692962
 384.4494124185266 0.008991943344971479
 389.4045088150534 0.008685232772912603
 394.4154564699328 0.008362331030300516
 399.4822553831648 0.008023544861076303
 404.60558666765615 0.00767198954159196
 409.7861314363136 0.007310840079651483
 415.0245708020439 0.006948020582148464
 420.3215858777537 0.006592220200099324
 425.67785777634987 0.006246592640525012
 431.09406761073905 0.005909607896095761
 436.57021538092124 0.005577750625392902
 442.10698219980316 0.005250320194987802
 447.7057302931984 0.004929874059827418
 453.36714077401365 0.00462068873322669
 459.09053252934217 0.004324760096057538
 464.8779488979041 0.004040250114359639
 470.73007099260633 0.003765102146731667
 476.6462177005419 0.0034961423799101856
 482.62843236043125 0.0032323730975582403
 488.6767149722743 0.002976604625003619
 494.7917466489778 0.00272988975029641
 500.9742085034484 0.0024924513176024176
 507.2247816485929 0.002267149912945446
 513.5448283102248 0.0020554918078308612
 519.9343484883442 0.0018550585891792925
 526.3940232958577 0.0016635228828497538
 532.9252149585786 0.0014827472377770636
 539.5279234765072 0.001316733247518874
 546.2028299625503 0.0011670402987818582
 552.9512966425211 0.0010331364457384553
 559.7740046293264 0.000912024180476401
 566.6709539229664 0.0007982035382060103
 573.6435067492544 0.0006916941329084521
 580.6923442210971 0.0005995695375430452
 587.8181474514013 0.0005238173337733197
 595.0222786659806 0.0004566003562728574
 602.3040567519281 0.000388945206858833
 609.665525047964 0.00031861703946855645
 617.1073646669952 0.00024953238843582654
 624.6295756090217 0.0001866984435927262
 632.2342012127634 0.00013512814020311215
 639.920560365314 0.00009909877003817299
 647.6906964053934 0.00007871278203964276
 655.5452904459086 0.00006938637015027304
 663.4843424868593 0.00006475202202843097
 671.509214754059 0.0000595910213594299
 679.6205883604148 0.00005204100323612113
 687.8218688704601 0.000043258775760546585
 696.1042018164072 0.0000344969575304482
 704.4818905692979 0.00002734015962864811
 712.9481240000647 0.000024856018313809843
 721.5097132377749 0.000029112344762657257
 730.1530360242939 0.000039493077219300645
 738.8985257468236 0.00005466157553216771
 747.7325601472295 0.00007292186077546884
 756.6619503545788 0.0000901642864848158
 765.6866963688717 0.00010028892084474689
 774.8067981901079 0.00009767476091473853
 784.0222558182877 0.00008024567490212805
 793.3398803824783 0.000051025504559131516
 802.7596718826799 0.00001617650491435997
 812.2680080607573 -0.000018397173019979156
 821.8853223039131 -0.000048811679757765834
 831.6048034830798 -0.00007205370163152891
 841.4264515982574 -0.00008506482124367717
 851.3434555203784 -0.00008829280556821051
 861.376248636645 -0.00008605369197596623
 871.5043975598552 -0.00008183494748183041
 881.7483356772108 -0.0000771077175588999
 892.0944407305776 -0.0000708387426197152
 902.5495238490223 -0.000059810318378159094
 913.1135850325454 -0.00004498122489562742
 923.7866242811469 -0.00003506328470194192
 934.5754527238939 -0.00003745985576887656
 945.4732592317191 -0.00004721349915721942
 956.4868549336901 -0.00005081074049042694
 967.6162398298067 -0.00003982713228559163
 978.8546027910016 -0.000016348089529784
 990.2155660754095 0.000017578938019867462
 1001.6855074248955 0.00006171001832828532
 1013.2848602266621 0.00010380755500594877
 1024.993191093507 0.000128300036132096
 1036.830933412632 0.00013746666875979352
 1048.784464925903 0.0001453272656248128
 1060.8605967623869 0.00016543737683638062
 1073.066140051151 0.00020621159736800574
 1085.387472534061 0.0002534229458747324
 1097.8382164692514 0.00027184408175947
 1110.4183718567224 0.00024061106070214451
 1123.1211275674061 0.0001744755008914657
 1135.9601058594378 0.00011361619523565058
 1148.9216844746825 0.00008354731357663591
 1162.019485671275 0.00006727455436581468
 1175.246698320148 0.00003663085967340759
 1188.6033224213013 -0.00001033138606266677
 1202.1029802328699 -0.00005925850135879899
 1215.732049496719 -0.00010045574682134133
 1229.4973413419157 -0.00012772928147493107
 1243.3988557684602 -0.00014032792092687665
 1257.4434039054202 -0.00014393880857982308
 1271.6241746237276 -0.00013514756796971977
 1285.9479790524506 -0.0001058535141950679
 1300.4148171915888 -0.00007231440988280965
 1315.0246890411418 -0.00005903388018337756
 1329.7775946011104 -0.00005857168937252204
 1344.6735338714939 -0.00004740255203460021
 1359.712506852293 -0.000016814139209839177
 1374.908135801642 0.000022642731487429782
 1390.246798461406 0.00005495687487413699
 1405.7353059606526 0.00006998344007663653
 1421.373658299382 0.00006832289747082614
 1437.1618554775937 0.000053827331922950556
 1453.1067086243556 0.00001806036124477244
 1469.2082177396676 -0.00003413702909010467
 1485.459571694462 -0.000059543253066923654
 1501.8675816178063 -0.000036279973593946324
 1518.439058638768 -0.000008331486279160616
 1535.1603804992126 -0.000013840441269293332
 1552.0519805863416 -0.000029117437603584868
 1569.0934255129534 -0.000029922262431503048
 1586.30514866625 -0.000022409329368798177
 1603.6735277880966 -0.000003862608028418313
 1621.2053740075607 0.000024977611238302833
 1638.9074984537092 0.00005994122078128871
 1656.7730899974752 0.00009857177711643407
 1674.8089597679261 0.00010555678124131611
 1693.0082966359944 0.00006186637259624067
 1711.384722859815 -6.640792508195677E-7
 1729.9246161812525 -0.00005318130227164221
 1748.6415988584424 -0.00007607022637685915
 1767.5288597623173 -0.00008002825713536835
 1786.5863988928766 -0.00009330223240219383
 1805.821027379188 -0.00008761401026629525
 1825.2395563503196 -0.000047571221967212876
 1844.8283635481355 -0.000016976364978773737
 1864.5942601017032 -0.000006219403591536164
 1884.5372460110239 0.000003246945912597669
 1904.6641324051636 0.000014906089151944168
 1924.9749192841227 0.00003172127315960568
 1945.4627955188344 0.00005387427778835217
 1966.1413833674328 0.00008004870982926915
 1986.9970605717833 0.00010702628153087763
 2008.0434493900214 0.0001152825688349418
 2029.2737386930783 0.00011072882524650488
 2050.6879284809547 0.00013235696027616276
 2072.299641011786 0.00015805913890395195
 2094.0952540274366 0.00014939463786524162
 2116.081578656974 0.0001436609973141218
 2138.2586149003982 0.0001541902916288267
 2160.62636275771 0.00013777230939355798
 2183.1916333579757 0.00011521300255454072
 2205.947615572128 0.0001385539428819036
 2228.901120529235 0.0001801574069354167
 2252.0521482292966 0.00017247318736813452
 2275.3938875432445 0.00012073284963501788
 2298.939960729215 0.00008594964640881126
 2322.6835566581394 0.00007129561227098423
 2346.624675330018 0.00003679754086004194
 2370.770127873918 -0.0000070107505012471386
 2395.113103160773 -0.000016028050451563503
 2419.653601190582 0.00000397355881322642
 2444.40524422148 0.000024553086660291448
 2469.3612211244 0.000022372344559815882
 2494.514720770274 -0.000008505426780340784
 2519.8793654172373 -0.000029570013101399675
 2545.448343936223 -0.000026654357671887363
 2571.221656327229 -0.000019076743824197316
 2597.2061137193255 -0.0000119607467951719
 2623.3949049834428 -0.000012212235132791273
 2649.79484124865 -0.000022866607571116537
 2676.3991113858783 -0.00002746137946755956
 2703.221337653263 -0.000015659553949333788
 2730.24789779267 0.0000024431514245353804
 2757.4924140622334 0.000015242022925601629
 2784.9480753328858 0.00002129053496630875
 2812.6080704755595 0.000023552191956273218
 2840.48602174839 0.0000242358517368721
 2868.581929151377 0.000024364400571810062
 2896.888981555453 0.000024338360627657402
 2925.4071789606182 0.000024271500479017677
 2954.1433324959403 0.000024202481774926895
 2983.0974421614183 0.000024137603130388917
 3012.262696827986 0.000024035936160734734
 3041.64590762471 0.000023932974201976844
 3071.2470745515902 0.000023834243843588305
 3101.05938647956 0.00002373425602469583
 3131.096465666753 0.00002367207664153126
 3161.344689855036 0.00002357495497535712
 3191.817681302542 0.000023442778557554313
 3222.501817751138 0.00002338659663948321
 3253.4039103298896 0.000023290936614611494
 3284.5307701678657 0.000023198651724726656
 3315.868775006931 0.00002310815629215068
 3347.4315471052196 0.00002301593888049962
 3379.2122753336653 0.000022962340246850647
 3411.2109596922674 0.000022875055622204447
 3443.427600181026 0.000022822892793316302
 3475.862196799941 0.000022771659783350014
 3508.5147495490123 0.000022651538423575273
 3541.392069557308 0.000022601656796281844
 3574.4805345666923 0.00002255313121362331
 3607.7937668353006 0.00002247170079522242
 3641.3181441049983 0.000022457050138298483
 3675.06728863392 0.000022377716434572237
 3709.02757816393 0.000022331225764748845
 3743.2126349531645 0.000022317920233245555
 3777.6088367434877 0.00002224079110988139
 3812.2298057930357 0.000022196214331436936
 3847.061919843672 0.000022154570463912892
 3882.111990024465 0.000022113222735584188
 3917.373205206347 0.000022101498917716782
 3952.8591876474534 0.000022092000854375142
 3988.549503960581 0.000022051989762066847
 4024.464587532933 0.000022012236419430838
 4060.584004977306 0.000022005534690597208
 4096.921378551837 0.000021994787683457816
 4133.476708256523 0.00002195829211993577
 4170.236371833231 0.000021953861331420834
 4207.207180411028 0.000021947804564471207
 4244.389133989915 0.000021941482257751324
 4281.78223256989 0.000021935555288284883
 4319.386476150955 0.000021931349368384524
 4357.19505360404 0.00002195648391814295
 4395.214776058216 0.0000219543244824354
 4433.432021255346 0.000021952209362003993
 4471.860411453566 0.00002197666602056462
 4510.493135523806 0.00002200294617915981
 4549.3301934660685 0.000022030725467497132
 4588.364774151284 0.000022030313539577325
 4627.603688708523 0.000022057527482355482
 4667.0401260087165 0.000022114580606683437
 4706.674086051862 0.00002211549736460034
 4746.505568837964 0.000022171428727469086
 4786.5345743670205 0.000022227067685395184
 4826.7611026390305 0.000022229292628914607
 4867.178342524927 0.0000222894672242047
 4907.779482895644 0.000022374488467107816
 4948.578146009315 0.000022429837792674
 4989.567520736872 0.000022488389180281526
 5030.740795949249 0.000022548276181145443
 5072.097971646446 0.000022607634128214262
 5113.639047828464 0.000022691005684033637
 5155.370835624367 0.000022777433654842964
 5197.272901646955 0.00002286488318856501
 5239.358868154362 0.000022949845319099834
 5281.621924017522 0.00002303767787289713
 5324.055258107367 0.000023150755387200582
 5366.665681552964 0.00002326290465676505
 5409.446383225246 0.000023374146489752857
 5452.404174253279 0.000023488191047275716
 5495.518621249863 0.000023628680528595893
 5538.803346473132 0.000023766331213060097
 5582.2515387940175 0.000023879451325662237
 5625.863198212521 0.000024018747612444387
 5669.631513599575 0.00002418406950955819
 5713.556484955177 0.000024348215850269023
 5757.638112279331 0.00002451308436136445
 5801.869584442967 0.00002470352800778435
 5846.250901446086 0.00002489277218079873
 5890.782063288686 0.000025080659172265495
 5935.4630699707695 0.00002527120068219124
 5980.280299234201 0.00002548495627769159
 6025.247373337115 0.000025723845839677593
 6070.34385889231 0.000025938816966857488
 6115.5833781579195 0.00002617674932085374
 6160.95230887581 0.00002644149804789341
 6206.4506510459805 0.000026704751006157474
 6252.078404668431 0.00002699259079612765
 6297.828758614095 0.000027302919673255876
 6343.70852401204 0.00002758963602743924
 6389.70407860413 0.000027900708505009717
 6435.822233519433 0.00002826000503398213
 6482.049366499814 0.000028619622940414287
 6528.392288674341 0.000029001194362801125
 6574.844188913947 0.00002938528476456942
 6621.398256089563 0.00002979118858681014
 6668.061301330256 0.000030221104469305898
 6714.819702377895 0.00003067482924085789
 6761.680270361543 0.00003117362784423183
 6808.636194152135 0.000031677224624925155
 6855.673851491537 0.00003220233729255744
 6902.8068646378815 0.000032776939746236685
 6950.007989074898 0.00003338167584996806
 6997.345336093264 0.00003400677328051731
 7044.7507944023055 0.00003467906834294017
 7092.156252711346 0.000035395014290804016
 7139.697933601733 0.000036152336234304805
 7187.307725782794 0.00003695566405690436
 7234.98562925453 0.00003780282670684518
 7282.73164401694 0.000038744525402413166
 7330.4776587793485 0.00003974900839577668
 7378.359896123106 0.00004079640946429156
 7426.242133466863 0.00004190941524885258
 7474.2605933919685 0.00004314151402431642
 7522.2109420264005 0.00004448694730918952
 7570.297513242179 0.00004593517496158188
 7618.384084457958 0.00004754981677169139
 7666.538766964412 0.000049276610890528
 7714.693449470864 0.00005122055269381713
 7762.848131977316 0.00005337913110101129
 7811.070925774445 0.000055722701058586366
 7859.3618308622445 0.00005841833203941503
 7907.652735950045 0.00006158539280945024
 7955.875529747173 0.0000651686914786587
 8004.234546125647 0.00006942911209186735
 8052.525451213449 0.00007457787070171053
