 0. 0.
 0.2642937219086938 0.06999847708178997
 0.7959883395004692 0.19395930054685342
 1.3339386269863678 0.3044678548120176
 1.8782205641626746 0.40280082598099753
 2.4288941350790885 0.49012440224857473
 2.9860526482573615 0.5675736761146507
 3.5497627526416053 0.6362832616378771
 4.120097762070339 0.6973672587720827
 4.697137655276494 0.7518792506501324
 5.280962410993003 0.8007758089453988
 5.871658672847206 0.8448941142277304
 6.4692864248888045 0.8849454952757989
 7.073918980956318 0.9215210417563114
 7.685689638937965 0.9551045707460982
 8.304658382883444 0.9860884902175949
 8.930891861736866 1.0147890313092027
 9.564456724442337 1.0414591511051863
 10.20555291783219 1.0662988672837994
 10.854113792962314 1.089464098587375
 11.510272647720928 1.1110758852430875
 12.17416277999625 1.131230362483813
 12.84585083873239 1.150008227547489
 13.525470121817568 1.1674818077202724
 14.213020629251785 1.1837187495296788
 14.908635658923258 1.198783352757795
 15.612448508720206 1.2127365568963153
 16.32452582758674 1.2256367988919743
 17.044934264466967 1.2375415867394914
 17.773807117249113 1.248509114840654
 18.511277683821387 1.2585980544087443
 19.257345964183795 1.267866155109015
 20.012211905168666 1.2763689795578863
 20.775875506776 1.2841598328106827
 21.548603364782235 1.291290514707666
 22.330328830243257 1.2978120294742885
 23.12118520104729 1.3037750307451934
 23.92137242402666 1.3092279670779496
 24.73095714812548 1.3142138991511816
 25.550006022287857 1.318769216009195
 26.37871899334612 1.3229259526971817
 27.21709606130027 1.3267150581027787
 28.065270524038525 1.3301663869522664
 28.923442328393214 1.3333058122655868
 29.791678123308447 1.3361535773112647
 30.67004455772833 1.3387249941340202
 31.558741578485193 1.3410313595825918
 32.45783583452315 1.343080733236143
 33.36746062373042 1.344879732223146
 34.287749243995215 1.3464363949581803
 35.21883499320577 1.3477609755352158
 36.16078452030617 1.34886422152134
 37.11379777212876 1.3497565639802032
 38.07794139761765 1.350449166926158
 39.05341534360516 1.3509539980808427
 40.040286259035405 1.3512840501015868
 41.03868744179661 1.3514550051466234
 42.04875218977699 1.3514853070239459
 43.07068044980886 1.3513924315875236
 44.10460551978046 1.3511898113035945
 45.15059404863588 1.3508869018849594
 46.20877933426336 1.3504905557811788
 47.279361323495216 1.3500049679610104
 48.36247331421967 1.3494333452302223
 49.45824860432493 1.3487822064676716
 50.56682049169924 1.3480618256699823
 51.688388923174905 1.3472835396743132
 52.823020547696046 1.346457329907854
 53.970915312094995 1.3455908060857495
 55.13227316320406 1.3446910283917861
 56.30716074996738 1.3437681639715482
 57.49577801921726 1.3428364423597745
 58.69825826884194 1.3419107171618032
 59.91480144567373 1.3410014636023702
 61.14554084760085 1.3401112475976156
 62.390676421455645 1.3392371948608592
 63.65027481618221 1.3383752118696306
 64.92460262755698 1.337518069857201
 66.2138598024123 1.3366563424386848
 67.51804634074816 1.335782038749944
 68.83769543411744 1.334887488241682
 70.17267378463193 1.3339643915206518
 71.52298139229158 1.3330031897284231
 72.88928474653757 1.3319930957676251
 74.27091735792874 1.3309192509845036
 75.66921220534729 1.3297625889114038
 77.08350279935215 1.3285087482303248
 78.51445562938439 1.327153694181648
 79.96207069544401 1.3256967534275026
 81.42701448697214 1.3241340512662265
 82.90862051452766 1.3224634700732258
 84.40688877811054 1.3206918107715164
 85.92315225660302 1.318829784798196
 87.45741095000508 1.316887374744867
 89.00899836887562 1.3148855464247482
 90.57858100265577 1.3128519035321635
 92.16682534078656 1.31080805347924
 93.77306489382694 1.3087685585219118
 95.39863264065909 1.306743846674328
 97.04286209184193 1.3047359278397344
 98.70575324737544 1.3027359175830744
 100.38797259670072 1.30072998940783
 102.09018662925888 1.298708072972949
 103.81172885560879 1.296661362858613
 105.55393225463267 1.294571684763778
 107.31613033688943 1.2924166283970817
 109.09832310237907 1.2901772375713405
 110.90117704054265 1.2878332496172191
 112.72535864082128 1.2853635615913406
 114.57086790321499 1.2827585629889637
 116.43703833828266 1.2800209890977134
 118.32586941434758 1.2771520298863315
 120.23536166308645 1.274163359885834
 122.16818104226367 1.2710853769319992
 124.12232808355596 1.2679547622918232
 126.09980225528659 1.2648065874047694
 128.09993706801447 1.2616708512779984
 130.1233990111807 1.2585725188745693
 132.17018808478525 1.2555213478285878
 134.24030428882818 1.2524991004407398
 136.33508060219165 1.249470758950374
 138.45318404599345 1.2464208975888345
 140.59661408855686 1.2433709898391532
 142.76403775099976 1.2403613415686516
 144.95745450164534 1.2374099710152633
 147.1755313616115 1.234510485198041
 149.41893482033927 1.231649124090116
 151.68899785671087 1.228815684150103
 153.9850539812852 1.2260073430067973
 156.30710319406225 1.2232374413732368
 158.65647847392424 1.2205051204405097
 161.03251333143 1.2177846167030326
 163.43654074546183 1.2150414720105922
 165.86789422657856 1.2122355461356575
 168.3272402642213 1.209340224914979
 170.81457885839006 1.206341323614765
 173.33124298796704 1.2032158617312199
 175.87589967407 1.1999313392246784
 178.4505483850223 1.196454356645197
 181.05518912082388 1.1927862884206448
 183.68915539203368 1.1889594266465415
 186.35311368809278 1.1850230772315877
 189.04839698788334 1.1810294348414088
 191.77433880196432 1.1770067067187904
 194.53160561977683 1.172960768789857
 197.3201974413208 1.1688930917073979
 200.14144724547845 1.1647972292950772
 202.9946885428087 1.1606473097622843
 205.8805878227526 1.156384736902826
 208.79914508531022 1.1519649285789029
 211.7516933093637 1.1473719631745818
 214.73823249491306 1.142587172915227
 217.7580961525172 1.137621583802618
 220.81328375049944 1.1325115950796205
 223.90312879941862 1.1272676222134401
 227.02829778871583 1.1218812172087245
 230.18945720783225 1.1163362980768554
 233.38660705676782 1.1106023282866306
 236.61974733552256 1.1046447712933523
 239.89021102297863 1.098459113067432
 243.1986646085772 1.0920655035286866
 246.54377511343597 1.0855021715113353
 249.9275420058783 1.0788200379303308
 253.34996528590418 1.0720393952351748
 256.8110449535136 1.06513584535949
 260.31144749814763 1.0580828796224184
 263.8518394092475 1.0508915156184389
 267.4328871762541 1.0436493624773118
 271.0539243097265 1.0364571327493117
 274.7162837885468 1.0293440202799227
 278.42063210215605 1.0222153784486334
 282.1669692505544 1.014886932409016
 285.95529523374177 1.0072340394272745
 289.7876095200415 0.9992506136901493
 293.66257913057126 0.9909658778775243
 297.58153704421335 0.982357642773038
 301.54448326096775 0.9733764775388996
 305.5527507597167 0.9640053912038887
 309.6063395404601 0.9542553757925807
 313.7059160926391 0.9441674819091935
 317.8521469056948 0.9338352591016887
 322.04436549018607 0.923316090364778
 326.2845713144362 0.9125692654105395
 330.57209788900417 0.9015230162693879
 334.9082781927721 0.8901721708218648
 339.29311222574006 0.8785071422003751
 343.7272664773491 0.866436879767702
 348.21140743704024 0.8539231725765053
 352.74620159425467 0.8411514104198858
 357.3316489489924 0.8283502446108926
 361.9690824801355 0.8155131042957088
 366.65850218768406 0.802567328211816
 371.39990807163815 0.7894655809341781
 376.195299600321 0.7761962774391198
 381.04401028429146 0.7627970900564848
 385.94737310243175 0.7493017124047203
 390.9053880547419 0.7356472573718387
 395.91872163066296 0.7216819533273078
 400.988040319636 0.7073669682649805
 406.1140106111023 0.6928036768822577
 411.2972989945027 0.6781504747936252
 416.53857195927844 0.6635734064320175
 421.83849599487064 0.6490519188679947
 427.1970711012792 0.6343580008080966
 432.61496376794526 0.6193247039263795
 438.09350697375106 0.6040054386202489
 443.6333672081377 0.5883722125441335
 449.23387798166397 0.5724041245372413
 454.8970387626532 0.5561065533559038
 460.62351604054663 0.5395900867822592
 466.41264332590293 0.5231737089299315
 472.2664200870455 0.5069916840482981
 478.1848463239744 0.4909441162263295
 484.1685885261307 0.4750187052873084
 490.2183131829554 0.45920724162953314
 496.33468678388965 0.4435082130429116
 502.5190423078157 0.4279858697042018
 508.77137975473346 0.41270079528152925
 515.0923656140841 0.39773081596375665
 521.4833328647497 0.38313881579830233
 527.9442815067305 0.36896559267052353
 534.4758780294674 0.35514535945136355
 541.0794554118424 0.3415046759059699
 547.755680143297 0.3279484618737941
 554.5045522238311 0.31450696771538245
 561.3274046323266 0.3013275368751416
 568.2249038582249 0.2884910530853311
 575.197716390967 0.275967432413979
 582.2471752094352 0.2638395781293514
 589.3726138241882 0.2523159590532684
 596.5760317035493 0.24145247787546126
 603.8580953369598 0.2311074176236812
 611.2188047244196 0.2211039138603652
 618.6601593342518 0.2113779256102865
 626.1814926770157 0.2021918970583912
 633.7848042210342 0.1936216985747692
 641.4707604557486 0.1856995875415317
 649.2393613811589 0.1785235953220044
 657.0919399761472 0.17199726842643712
 665.0291627301547 0.16599775761772623
 673.0543620903867 0.16060820879518214
 681.1588736941092 0.15597002121507472
 689.356693819585 0.15200670677198821
 697.6411575724032 0.14857325797380258
 706.0189298469749 0.1456404639780124
 714.476680854478 0.14312188422746727
 723.0344052781454 0.14083145762992524
 731.6787733291553 0.13864329243222048
 740.4164499019184 0.13650916531735535
 749.2474349964351 0.13447463239937305
 758.1717286127051 0.13258026420545643
 767.1893307507286 0.1309059835867952
 776.3069063049163 0.12957955277709107
 785.5244552752685 0.12863438824136014
 794.8286478729628 0.12796785141715644
 804.2394787812327 0.1273990104153464
 813.7502831056668 0.12674710027489175
 823.3610608462652 0.12593190936280976
 833.0651471086172 0.12499323892571967
 842.8825365759552 0.12403197081313738
 852.7932345650469 0.12316796181148322
 862.8172357591245 0.1225332862902845
 872.9412103693667 0.12225002587485984
 883.171823290184 0.1224150604417087
 893.5090745215766 0.12311106763514328
 903.9529640635446 0.1244531510050695
 914.5101568104989 0.1265103041899619
 925.1739878680283 0.12914940806580974
 935.9511221305441 0.13211943447858637
 946.8415595980462 0.13521662922848737
 957.8386353761235 0.13818750874653413
 968.9556792535981 0.14056301514477068
 980.1793614416479 0.14203043511769944
 991.5296766235059 0.1426652874767263
 1002.9866301159392 0.1425238456393005
 1014.5702166021806 0.14177681429812333
 1026.2671062934082 0.140915791439655
 1038.0839640840331 0.1402932520861054
 1050.0274548684663 0.1399447700089246
 1062.0842488578855 0.1394676751265108
 1074.267675841113 0.13840784832697606
 1086.5777358181488 0.13700784742821875
 1099.0077638945816 0.13534501056664366
 1111.5710898592336 0.13299758430683822
 1124.2543839232826 0.13025584128432352
 1137.070975875551 0.12787193855710113
 1150.0142008216274 0.12619706111840953
 1163.084058761512 0.12538161678168805
 1176.2938794840268 0.12543741852901358
 1189.6303332003497 0.12581731594186027
 1203.1000848048916 0.12562803800826935
 1216.7031342976527 0.12441271956603885
 1230.446146573044 0.12245222187289811
 1244.3224567366542 0.12046774281111765
 1258.3387296828944 0.1190605914967291
 1272.494965411765 0.11847915776842305
 1286.7911639232655 0.1190934258975753
 1301.227325217396 0.12068277621375162
 1315.8034492941565 0.12249985020368609
 1330.5195361535475 0.12399205156640325
 1345.3889155843904 0.12434642142992622
 1360.398257797863 0.12353420672212907
 1375.5542276883766 0.12262361215722702
 1390.8568252559317 0.12208642569408075
 1406.3060505005276 0.12141488460515336
 1421.9085683165754 0.12024642143466285
 1437.6643787040753 0.1187746720314127
 1453.5668167686163 0.11769211294508433
 1469.6225474046091 0.11786082014488083
 1485.8382355064648 0.11948823345747188
 1502.2005512853618 0.12135630875736883
 1518.7294894245324 0.12260278348463553
 1535.4050552407443 0.1237035021744942
 1552.24724341723 0.12441172413360176
 1569.2427241651676 0.12437950975746255
 1586.3981623789684 0.12443116517750213
 1603.7202229530428 0.12581035508726102
 1621.2022409929803 0.12911697131502095
 1638.8508813931917 0.13385410231226552
 1656.659479259266 0.13725161284542733
 1674.6413643800252 0.1384705580710756
 1692.7832069666474 0.13775963090093346
 1711.0983368079542 0.13500194692888245
 1729.5800890095352 0.13192879358009146
 1748.2284635713897 0.12991027695146942
 1767.0501253879293 0.1276643962772732
 1786.051739353565 0.1252138357983393
 1805.2199756794741 0.1234190081621909
 1824.561499260068 0.12089140855103116
 1844.0763100953475 0.11759917731910056
 1863.771073079722 0.11441730744823878
 1883.6457882131926 0.11361948840868956
 1903.6937906013482 0.11568872990777225
 1923.9284100330103 0.11811017631479309
 1944.3363167193575 0.11936173616536036
 1964.9308404492117 0.11928981790156716
 1985.7053163281612 0.11749624698085545
 2006.6597443562066 0.11333341748764293
 2027.80745432217 0.10951565784125332
 2049.135116437229 0.10736148154379317
 2070.649395595795 0.10483327687398908
 2092.350291797867 0.10196341227804746
 2114.2378050434468 0.09887536101622055
 2136.318600226944 0.09732627953217667
 2158.5860124539477 0.09804661150325006
 2181.046706618869 0.09607431388293113
 2203.7006827217087 0.08967325545315885
 2226.5412758680545 0.08322362544555587
 2249.5818158467296 0.08093761662138585
 2272.815637763322 0.08260786629497506
 2296.242741617832 0.08289568242915447
 2319.8697923046707 0.08037167281122619
 2343.6901249294274 0.07702780098693911
 2367.7037394921017 0.07315945974210593
 2391.9239657815156 0.0703957621454414
 2416.3441389032578 0.06939532315656369
 2440.9575939629185 0.06977357851368968
 2465.7776607493183 0.07084773655482383
 2490.797674368047 0.07137950165642437
 2516.0176348191044 0.06972908518570561
 2541.4442069969014 0.06469476041149345
 2567.0707260070267 0.05797389361348167
 2592.9038567438924 0.05265926931426477
 2618.936934313086 0.04725744381390529
 2645.1832885034305 0.04078027473211922
 2671.629589526104 0.03397905575058001
 2698.2891671699276 0.027882877457758772
 2725.155356540491 0.023576581767988217
 2752.2214927433834 0.020102494399763953
 2779.500905567426 0.01679142369340842
 2806.993595012619 0.01396291569719044
 2834.692896184552 0.01174181197064744
 2862.5988090832248 0.010006190140433547
 2890.7179986030483 0.008622078786303009
 2919.0504647440216 0.007495523269941314
 2947.589542611735 0.006563051493774526
 2976.341897100599 0.005780474621445478
 3005.3075282106133 0.005115998096733224
 3034.4797710473676 0.004546123824138513
 3063.8719553996834 0.0040531161481256765
 3093.4707514787387 0.003623361627696813
 3123.2894890733555 0.003246263870595446
 3153.3148383947123 0.002913473773431074
 3183.5534643372193 0.002618339711642278
 3214.0120317952883 0.002355506539228371
 3244.677210980097 0.002120617940630184
 3275.5623316804663 0.001910094268863699
 3306.660729001987 0.0017209634843625766
 3337.972402944658 0.0015507328939804508
 3369.4973535084796 0.00139729074404811
 3401.235580693452 0.0012588304864518827
 3433.1870844995747 0.001133792317999748
 3465.3585298212593 0.0010208176756442042
 3497.7365868696834 0.000918713989738706
 3530.334585433669 0.0008264268956913386
 3563.1391957243936 0.0007430185216171761
 3596.1637475306807 0.0006676499968051234
 3629.394911063707 0.0005995677706535622
 3662.846016112295 0.0005380923737125543
 3696.5037328876224 0.0004826093217969453
 3730.381391178512 0.0004325615965494878
 3764.46566119614 0.00038744338250319634
 3798.7632078349193 0.0003467947636292232
 3833.267366200438 0.00031019719612115275
 3867.991466081519 0.00027726955402189506
 3902.9155127949284 0.000247664757660969
 3938.059501023899 0.00022106665896221212
 3973.403436085198 0.00019718739075651485
 4008.9606477676484 0.00017576489857476038
 4044.7311360712492 0.0001565607476765563
 4080.7015712071784 0.00013935811504214027
 4116.878618069847 0.0001239599589945651
 4153.262276659256 0.00011018734807255493
 4189.852546975404 0.00009787791439047161
 4226.649429018292 0.00008688443974026287
 4263.646257893508 0.00007707355823901689
 4300.849698495464 0.00006832455733812012
 4338.246421035338 0.0000605282622831818
 4375.8497553019515 0.00005358603222976025
 4413.653036400894 0.000047408817032861374
 4451.656264332165 0.00004191629875105879
 4489.852774201353 0.000037036099519311793
 4528.24923090287 0.000032703055769238384
 4566.838969542306 0.00002885855059575733
 4605.621990119657 0.000025449901458980016
 4644.598292634929 0.00002242980597978392
 4683.767877088117 0.00001975582426686528
 4723.1307434792225 0.000017389915737416403
 4762.680226913835 0.000015298010948880547
 4802.409662497544 0.00001344962399512924
 4842.33238001917 0.000011817498827028297
 4882.441714584303 0.000010377286655032425
 4922.731001298531 0.000009107255333465706
 4963.200240161856 0.000007988023010443901
 5003.849431174276 0.000007002318995022974
 5044.6852392302035 0.000006134765570908833
 5085.687669646404 0.000005371682118483034
 5126.870052211701 0.000004700907201546886
 5168.225722031682 0.0000041116384078778826
 5209.748014211938 0.0000035942879188110815
 5251.443593646879 0.000003140352635497824
 5293.305795442093 0.000002742297180145301
 5335.341284491992 0.0000023934485933151583
 5377.530066113343 0.0000020879023091406318
 5419.885470094969 0.0000018204375521128653
 5462.400831542456 0.0000015864412467839515
 5505.076150455807 0.0000013818404851933573
 5547.90476194061 0.000001203041714376772
 5590.886665996865 0.0000010468766290746294
 5634.021862624571 9.105537158702885E-7
 5677.30368692932 7.91615246457944E-7
 5720.732138911109 6.878988131580058E-7
 5764.307218569938 5.975030248681294E-7
 5808.02892590581 5.187572439370974E-7
 5851.883931129901 4.5019448524435566E-7
 5895.885564031031 3.905274322993035E-7
 5940.013829925971 3.3862716151428567E-7
 5984.2820586035405 2.9350426776701475E-7
 6028.676920274917 2.5429219226925943E-7
 6073.198414940103 2.202323982511429E-7
 6117.846542599097 1.9066133111188395E-7
 6162.614638357488 1.6499886848407325E-7
 6207.509367109688 1.427381320257517E-7
 6252.517399066874 1.2343648407318841E-7
 6297.645399123457 1.0670762483348156E-7
 6342.880037490614 9.221460081961457E-8
 6388.227979062759 7.966366141236206E-8
 6433.6825589454775 6.879887460826264E-8
 6479.237112244362 5.9397362380823924E-8
 6524.898303853821 5.1265142993369736E-8
 6570.652803985034 4.423347039807943E-8
 6616.507277532411 3.815562823428649E-8
 6662.4550596015415 3.290411499185614E-8
 6708.482820403603 2.8368188460432608E-8
 6754.603889727418 2.4451704907186952E-8
 6800.791607995342 2.10712404524737E-8
 6847.112624151486 1.815443953584881E-8
 6893.50028925174 1.5638579387441264E-8
 6939.887954351994 1.346931373301257E-8
 6986.408917340466 1.15995775008607E-8
 7032.996529273048 9.988632423238094E-9
 7079.65079014974 8.601234616910345E-9
 7126.371699970541 7.406911495378555E-9
 7173.092609791342 6.3793319643423245E-9
 7219.946817500363 5.495758922065167E-9
 7266.801025209382 4.736573957878961E-9
 7313.788530806622 4.0848653559358124E-9
 7360.709387459752 3.5260706069780685E-9
 7407.7635420011 3.0476675237978912E-9
 7454.81769654245 2.638907166501138E-9
 7501.938500027909 2.290583606883253E-9
 7549.059303513367 1.9948359509344424E-9
 7596.180106998825 1.7449792370312693E-9
 7643.367559428395 1.5353594602055983E-9
 7690.621660802071 1.3612312853601287E-9
 7737.8757621757495 1.2186552318322159E-9
 7785.063214605318 1.1044122461994657E-9
 7832.383964923105 1.0159345043628883E-9
 7879.638066296783 9.512504537753972E-10
 7926.9588166145695 9.089442382969247E-10
 7974.212917988248 8.881240717963305E-10
