 1.300240758970049 0.9973750952452736
 1.8307730823998298 0.9930832683715519
 2.3675355745473956 0.9857063011199795
 2.910619186780888 0.9747471325624522
 3.4600888843632682 0.9600381649461103
 4.016016129083789 0.9416596590202626
 4.578478879258003 0.9199150820316934
 5.14755509320146 0.8952536737666913
 5.723329225756009 0.8682243789637356
 6.305859745658311 0.8393970755646624
 6.895218114697623 0.8092752660905683
 7.491534263399861 0.7783933049957634
 8.094866660501689 0.7472578639838591
 8.70528027126607 0.7162589464480742
 9.322840060955956 0.6856567385486951
 9.947740925360229 0.6557931514139778
 10.579917899215932 0.6268978131333711
 11.219500913048979 0.5990193717727345
 11.866619897385288 0.5722993697913659
 12.521339817487823 0.5468042119072528
 13.183790603882498 0.5225912588520415
 13.853972256569316 0.49966329613083305
 14.532014706074191 0.4779608994176954
 15.218047882923045 0.45748580383233595
 15.912136752378837 0.4382236133387495
 16.614346279704527 0.42011145504304137
 17.32480639542603 0.4030863526839831
 18.043647030069266 0.3871351042466004
 18.770868183634235 0.3721787259958207
 19.506664751909817 0.35815071067973786
 20.251036734896008 0.34497164713061323
 21.004243993644646 0.3325969169898808
 21.766221562892774 0.32100098630288476
 22.537099373166306 0.31008221449065215
 23.317072320254123 0.2998155360096232
 24.106205369419182 0.29018882635854354
 24.904563485924445 0.28114356729321294
 25.712341565558788 0.2726567337683381
 26.529539608322214 0.2647027720759761
 27.35628754474063 0.25721640666153994
 28.19278027060293 0.2501823446746404
 29.039082751172064 0.24359663188933747
 29.895259951710987 0.2374180209678743
 30.761506768008584 0.23162328896900242
 31.637888165327812 0.22619654506765602
 32.52453407419459 0.22111033372072117
 33.42157442513483 0.2163491815274186
 34.329139148674464 0.21190246816624497
 35.24729321007644 0.2077398243967128
 36.17623150512964 0.20383948631191345
 37.116018999097015 0.20018673488075184
 38.066850587767455 0.1967686638356618
 39.02879123640391 0.1935713163421901
 40.00197087553231 0.19055761937488344
 40.98651943567856 0.1876887484052082
 41.98263181263154 0.18494433116662432
 42.990437936917175 0.1823361196206209
 44.01000277379841 0.17987901842311155
 45.04145625380119 0.17757642734980184
 46.084993272714364 0.17542345974140341
 47.14074376106387 0.1734011449013611
 48.20883764937561 0.1714826274985871
 49.28940486817552 0.16964558042256908
 50.38264031325246 0.1678877551217512
 51.4886089498694 0.16621657434959627
 52.60750567381522 0.16464422066627038
 53.73952538087878 0.1632014658478463
 54.88473303632307 0.16189018669418503
 56.043323535936935 0.1606843279779029
 57.21542681024632 0.15955867209237543
 58.401237755040086 0.15849963196541697
 59.60088630084415 0.15750997549285894
 60.8145673434474 0.1566070792064409
 62.04234584811279 0.1557955825653789
 63.28448167589215 0.1550597643720823
 64.54116972257437 0.15439581925984835
 65.81240998815944 0.15376478868254312
 67.09872219475105 0.15316698767706444
 68.39997641182326 0.1526458004119004
 69.71617263937608 0.15217323733358648
 71.0479605300391 0.15178177825243558
 72.39469043118274 0.15140131898194614
 73.75766164806616 0.1509928448045566
 75.1362245280598 0.1505832269121599
 76.53102872379321 0.1501566543983478
 77.94207423526642 0.1497477905248008
 79.37001071510902 0.14941801991104864
 80.81418851069141 0.14921664436877394
 82.27460762201359 0.1490551445855288
 83.75256735433474 0.14894188263446934
 85.24806770765488 0.1489564468268835
 86.7604590293444 0.14902009249509443
 88.29039097203291 0.14904574097908305
 89.83851318834996 0.14912955672206193
 91.404176025666 0.14929203789856568
 92.98867878924021 0.14955530960934793
 94.59137182644298 0.14996505827974554
 96.21225513727431 0.1504246714192557
 97.85197837436381 0.15087947123279483
 99.51119119034107 0.15137080500202588
 101.18924393257647 0.1518384172069856
 102.88743590632922 0.15224791346378536
 104.60511745896973 0.15265313521922685
 106.34228859049799 0.15302187473296966
 108.09959895354359 0.15337126304176243
 109.8776982007361 0.15375946716589364
 111.67658633207559 0.15420466165059563
 113.4956136949324 0.15457411013768008
 115.33672924719534 0.15495151034828605
 117.1979840309756 0.15538553099396177
 119.08197665679157 0.15590466641585415
 120.9867581667545 0.15651346745481562
 122.91427751875312 0.1571042985434556
 124.86388506015788 0.15766072186798136
 126.83623044359834 0.15811202017575388
 128.8313136690745 0.1585198649721936
 130.8491347365864 0.1589265169833558
 132.89099295139314 0.15947399964005574
 134.95558900823565 0.16017278273541838
 137.0448718650026 0.1609887712881834
 139.15754221643488 0.16187577985340226
 141.2955490204212 0.16278864259069578
 143.45759297170244 0.1637173844928446
 145.64432372290818 0.16451454638661406
 147.85704057929757 0.16521021558984486
 150.09509388824105 0.1658599025697019
 152.3584836497386 0.16644703067195962
 154.6485091690494 0.16707309795103725
 156.96452079354387 0.16778181789009036
 159.30781782848118 0.16859410572030137
 161.67775062123178 0.16952876658680094
 164.0749688244252 0.17047267830861182
 166.4994724380615 0.17127935271191527
 168.95256076739986 0.17194542084031497
 171.43293450718102 0.1724729965975405
 173.94254261529383 0.1728584064793955
 176.48138509173828 0.17327667990857942
 179.04881228388476 0.17382130574947519
 181.64547384436284 0.17449669935344952
 184.27266907843176 0.17537367637800313
 186.92974833346187 0.17648048025248472
 189.61736126208282 0.17774972630127067
 192.33550786429458 0.17905147557047668
 195.0854874453563 0.18026156293540602
 197.86665035263846 0.18131791885433485
 200.6796462387706 0.18221037280695918
 203.52447510375274 0.1829447942950139
 206.40243625284404 0.18354478183289893
 209.31352968604455 0.18415464893863207
 212.2571057507246 0.1848402210802374
 215.23511340477307 0.18567790692527106
 218.24690299556028 0.1867453579858875
 221.29312417571583 0.18801581289313543
 224.37442659786936 0.1894506122149929
 227.49081026202083 0.19095194647692984
 230.64227516817027 0.19238841735150256
 233.8301206215768 0.19371674850078488
 237.05499627487012 0.1950175744189703
 240.31560282279094 0.1962878094476134
 243.61388922322809 0.1975368275945539
 246.94985547618157 0.1987700012902262
 250.32350158165136 0.19989159992736483
 253.73547719226704 0.20087495481745563
 257.1864319606583 0.20171676313663828
 260.67701553945454 0.20256077216602558
 264.2065782760264 0.20358296531531025
 267.7764194756329 0.2047582899741652
 271.3871887909036 0.2059907723465148
 275.0388862218387 0.20726634014218587
 278.731511768438 0.20848762038107785
 282.4670143885904 0.20949325777612196
 286.24409477703665 0.21021678355210915
 290.06405223903596 0.21074960616857627
 293.9268867745883 0.21125793840611495
 297.8338976889529 0.21184019728986836
 301.7850849821298 0.21249226536193472
 305.78109830674845 0.21315015598294304
 309.82258731543845 0.2138287559800377
 313.90890235557043 0.21437961266079736
 318.04199238503287 0.2147193679751654
 322.2212077511964 0.21498710702081616
 326.44784775932015 0.21527648660679594
 330.72191240940407 0.21557855110459306
 335.0440513540778 0.21596569615371125
 339.41491424597086 0.21654082333908653
 343.8351507377129 0.21716351460891348
 348.304760829304 0.2176963538176018
 352.8250438260031 0.21827067031941352
 357.3959997278104 0.21905265650660555
 362.01762853472593 0.22000266927609885
 366.6918792046384 0.22112130751216955
 371.41810208491813 0.22228886593942498
 376.19759648082436 0.22313616193755764
 381.0303623923572 0.22339488032397606
 385.91704947214606 0.22308209262605339
 390.85830737282066 0.2225017375484335
 395.8547857470106 0.22202489428312946
 400.90713424734537 0.22180583319027297
 406.01600252645466 0.2216622015638058
 411.182040236968 0.22140135087854898
 416.40524737888546 0.22116406193526225
 421.68627360483646 0.22111435869608373
 427.0264182200804 0.22104058950627706
 432.4263308772468 0.22053070627253393
 437.885361923706 0.21936798208474032
 443.4054603173468 0.21784120079816421
 448.9872757107989 0.21644364239270528
 454.6301584514325 0.215257409835677
 460.3360574971366 0.21413048434128656
 466.10497284791103 0.21296406914598986
 471.93755415638554 0.21181410481497692
 477.8344510751895 0.21074253662714035
 483.7963132569527 0.20940746864460238
 489.8244400069343 0.2075260362685245
 495.9188313251342 0.2052409536797945
 502.08013686418207 0.2027021940477217
 508.30965592933705 0.19995330413334855
 514.6073885205991 0.19714535334170388
 520.9739842905981 0.19443969169538639
 527.4107425445928 0.19158723693548987
 533.918312935213 0.18807779071087902
 540.4966954624588 0.18378066765579065
 547.1471894315891 0.17914566752960684
 553.8704444952339 0.174653929237799
 560.6671103060223 0.1702514472521323
 567.538486169214 0.1655452691137903
 574.4839224321792 0.16015706869249813
 581.5053680528064 0.15384118155201004
 588.6034726837255 0.1465690195846226
 595.7782363249364 0.13870670195077983
 603.0316079343279 0.13077445524498202
 610.3629378592705 0.12290796950505564
 617.7741750576528 0.11506996752032168
 625.2659691821045 0.10744456373395453
 632.8383202326256 0.10021443105729859
 640.4925275144752 0.09323147404250572
 648.229240680283 0.0863196626508965
 656.0517079931969 0.07966314685697781
 663.9514839690322 0.07324260496833447
 671.9422113130103 0.0669433011522681
 680.0173934988354 0.060850024587202234
 688.1835270528032 0.05512226901683341
 696.4276189223222 0.04982255404294086
 704.7691586862799 0.04497317706811911
 713.1951532920845 0.04048680643408834
 721.7120992660318 0.036159127333646124
 730.3199966081222 0.03207995506848998
 739.0188453183553 0.028540214834492098
 747.8086453967312 0.025564831162871202
 756.6958933695458 0.02289055304753603
 765.6805892367994 0.020330315901908865
 774.7497399458998 0.017789392440690194
 783.9228350757348 0.015306204858882486
 793.1933781000087 0.01303473321906282
 802.5613690187212 0.01108201022383485
 812.0203113055767 0.009408030624633636
 821.5896945394626 0.007958032601491069
 831.2500291414916 0.006723651071915067
 841.0208046905509 0.005630881152553434
 850.8890281340492 0.004542649977741054
 860.861195998282 0.0033946387136243416
 870.9373082832495 0.0022908831748097176
 881.1173649889519 0.001364392473539704
 891.4078626416847 0.0006341029479196655
 901.8023047151521 0.000044400944117580205
 912.3071877356502 -0.00047744675784163436
 922.9225117031789 -0.0009362460355464965
 933.6417800914423 -0.0012493404357213354
 944.4779859530322 -0.001316787326352102
 955.4181362353567 -0.0011194209963320096
 966.4817205173038 -0.000769372141448722
 977.6492492199853 -0.0004051209922292405
 988.9402119222893 -0.00007047738888807915
 1000.3416155716241 0.00027799474323510166
 1011.8599566942852 0.0007098512033047183
 1023.5017318165687 0.0012566347780436594
 1035.253947885883 0.0018970694535292145
 1047.1295979548195 0.0025473124586484213
 1059.1286820233786 0.0030250221118980724
 1071.2447035652642 0.003187444577362262
 1083.4906556330682 0.0031738233550856992
 1095.8535451741984 0.003274317415459522
 1108.3463652412472 0.0035466082407524025
 1120.9626193079184 0.003751159415893567
 1133.7023073742118 0.0034873136781095096
 1146.57842249272 0.0024408951920187627
 1159.5779716108502 0.0006167500252620415
 1172.7074512548988 -0.0015164950669673129
 1185.9668614248658 -0.0033629284219180754
 1199.362698647047 -0.004627505742065659
 1212.8884663951465 -0.005312268795987831
 1226.5506611954604 -0.005600624451379683
 1240.3492830479886 -0.005671155138740935
 1254.2843319527308 -0.005390079321770593
 1268.3558079096874 -0.004317162667154237
 1282.5637109188583 -0.002271611443534344
 1296.9080409802434 0.0001201809275170991
 1311.4017911464348 0.0018541089532537614
 1326.0319683648402 0.0025797845744008657
 1340.805069161756 0.0026026162019805632
 1355.7210935371818 0.0021918161762850765
 1370.7800414911178 0.0014626454271197062
 1385.9884095498599 0.0005996634061652462
 1401.3461977134082 0.00003237072875739332
 1416.8469094554666 0.0005781117782705369
 1432.4970413023311 0.002526795453708983
 1448.3030897802976 0.004677097741421526
 1464.2520618367744 0.00543131149550506
 1480.3634470506488 0.004437957052571253
 1496.6177558430336 0.0024656243843540738
 1513.0344777928162 0.0003437741818357942
 1529.6006198474051 -0.001158279425803976
 1546.322678533096 -0.0013700595813760002
 1563.2071503761847 -0.000371239775319828
 1580.2475388503756 0.0013545238996018414
 1597.4503404819643 0.0036301046904870693
 1614.809058744655 0.006135115235742036
 1632.3366866910396 0.007758045343528258
 1650.0202312685262 0.007432008672642444
 1667.8726855297064 0.00590680714095768
 1685.887552948285 0.00402601974679466
 1704.064833524261 0.0006759071466571856
 1722.4110237839311 -0.004156651766324542
 1740.9326202535913 -0.008095664227921523
 1759.616629880649 -0.009520993525814857
 1778.4695491914006 -0.008385988457028381
 1797.4913781858463 -0.004817971258993362
 1816.6886133902815 0.00024243327474435405
 1836.0612548047063 0.005138349316652966
 1855.6028059028254 0.00927983762958757
 1875.3262597372297 0.012434347657077781
 1895.2186232553283 0.013605189271355397
 1915.2928895097127 0.012454737555536945
 1935.5425619740863 0.010226265620054256
 1955.96764064845 0.008427877705655411
 1976.5811185853954 0.00743505941572032
 1997.3700027323302 0.007217346151430693
 2018.3407896155509 0.008015586761029172
 2039.4934792350573 0.00961774671368606
 2060.8280715908495 0.010591405000612987
 2082.351063209223 0.009471288535222706
 2104.055957563882 0.006694419624460189
 2125.949251181123 0.0029009047740830396
 2148.030944060946 -0.0007278696429016787
 2170.2945396770538 -0.0018349320813920743
 2192.75303108204 -0.0002716547067481064
 2215.399921749607 0.0020010187294233284
 2238.2352116797556 0.003815523629388896
 2261.265397398782 0.0049016729832282915
 2284.48398238039 0.00539584874990806
 2307.89096662458 0.0059284587046229695
 2331.4993431839425 0.006488198306073207
 2355.302615532183 0.006336792333990124
 2379.2942871430055 0.00531220522482076
 2403.4873510690013 0.004192319597432947
 2427.8753107838743 0.0035527436610489093
 2452.458166287625 0.0031884796632997182
 2477.242414106549 0.0028032589183455657
 2502.2215577143506 0.002668721100434166
 2527.402093637326 0.0032454759189812165
 2552.777525349178 0.0037829456093105202
 2578.3608459025 0.0032030983777871355
 2604.1390622446993 0.0017472803421494953
 2630.125167428368 0.000048541117956332075
 2656.3126649272103 -0.0010511275743983351
 2682.6950582149298 -0.0009497769782035157
 2709.285340344119 -0.0004555547461533714
 2736.0835113147773 -0.00021819495610394648
 2763.083074600609 0.00031316699100586133
 2790.2840302016143 0.0013619234354755867
 2817.692874644089 0.0023909039805455716
 2845.3096079280326 0.0030006991751572883
 2873.12773352715 0.0032337536448930034
 2901.153747967737 0.00328746793212136
 2929.387651249793 0.0032902488312633905
 2957.8229468470226 0.0032875687831035224
 2986.4726278120174 0.0032901070479056825
 3015.3237010921857 0.0032979450370096293
 3044.389159740119 0.0033058896744085574
 3073.656010703226 0.0033143132174163615
 3103.130750507802 0.0033221110681049253
 3132.819875680144 0.003335596619439034
 3162.710393167659 0.0033544839673537454
 3192.815296022939 0.0033679152770528624
 3223.1280877196887 0.003387059976430546
 3253.6487682579072 0.00340642906766812
 3284.3773376375957 0.003420590739364775
 3315.3137958587536 0.0034402098875641763
 3346.4581429213804 0.003459619721643086
 3377.816875351773 0.0034795339383099136
 3409.3770000973386 0.0035049404374543616
 3441.1515102106696 0.003525196669413885
 3473.1274126391736 0.0035455303546267254
 3505.317700435444 0.0035714591379636205
 3537.709380546886 0.0035975296363521744
 3570.315446026095 0.0036238010701632613
 3603.1229038204765 0.0036447824322816155
 3636.144746982624 0.0036713450109912096
 3669.367982459944 0.003698474318737292
