 0.2799301413455864 0.
 0.8430814276503454 2.2016758884072334
 1.412858488283101 1.8658848495764666
 1.9893417982356907 1.68838595220179
 2.5725948903964087 1.5725124421044998
 3.1627165937025983 1.4874271398763088
 3.7597775002523646 1.421152729187574
 4.363855261353621 1.368028278924409
 4.975034587524091 1.3247949687115752
 5.5934001892815 1.2892572331625263
 6.219043836353381 1.2597934131440154
 6.852029061628029 1.23515988864558
 7.492433516413357 1.2143947164168654
 8.140398384905572 1.1967508844294619
 8.795987199992966 1.1816441124333892
 9.459270553773646 1.1686147377479355
 10.13031903834571 1.1572975324303745
 10.809344430003474 1.1473961570054838
 11.496276136648833 1.1386656602027223
 12.191255342477993 1.13090211880113
 12.89442323168716 1.1239339950807015
 13.60585039637444 1.1176172352694513
 14.325678020736039 1.1118411466792297
 15.053906104771958 1.1065351664768825
 15.7906758326784 1.101663777931736
 16.536128388651576 1.0972080336585641
 17.29033436478959 1.093148269268479
 18.053364353190542 1.0894641486957302
 18.825359538050645 1.0861400825692322
 19.606461103566097 1.0831698460106962
 20.396669049736907 1.0805567176587227
 21.196195152857378 1.0783096001927837
 22.005039412927516 1.0764310285353964
 22.823484198339735 1.0749025156994547
 23.651458916995928 1.0736787730053121
 24.489104753092303 1.072696799371692
 25.33663348292317 1.071904108096336
 26.194115698586632 1.0712767873442255
 27.061621992180793 1.0708353945313285
 27.939364139999967 1.070633137345747
 28.827342142044156 1.070707415134986
 29.725697182509556 1.0710280114054418
 30.63464103769049 1.071466254063607
 31.55424429968505 1.0718472581776293
 32.48457756059135 1.0720382793019936
 33.425852596703685 1.0719956622383242
 34.37814000012018 1.071751257154333
 35.341580955037024 1.0713774510308545
 36.31631664565043 1.0709506935827964
 37.30248825615662 1.0705213797244866
 38.30016637865368 1.0700767124067854
 39.309562789435915 1.0696755524330508
 40.33074808060144 1.0693033077760805
 41.36393402844457 1.068939271959819
 42.409191225063395 1.068552794657535
 43.46666085465414 1.0680574126350053
 44.53648410141299 1.0672927104841192
 45.61887274163426 1.066121683753434
 46.713967959514186 1.0645437326762628
 47.82184034715083 1.0627272386306128
 48.94263108874043 1.0608978362082713
 50.07655196057728 1.0591772687381922
 51.22374414685759 1.0575362367955916
 52.384348831777565 1.055822494300435
 53.55850719953342 1.0539081039088696
 54.746431026419465 1.0517711262738185
 55.9481909045338 1.0494594767616188
 57.16399861017074 1.0470030046804548
 58.39406591962458 1.0444019889180503
 59.638463424993446 1.0417054305607603
 60.89740290257162 1.039066268394637
 62.17102553655534 1.0366632724912537
 63.45954310323891 1.03453469213014
 64.76309678681851 1.0325130086405896
 66.0818983635885 1.0302979517066195
 67.41601842564693 1.027698048181335
 68.76573934138622 1.0247838943162586
 70.13127288710072 1.021800422922375
 71.51261906279042 1.0189273300406827
 72.91034260524012 1.0160274198761625
 74.32430233025364 1.0127396780118607
 75.75449823783096 1.0088560183579574
 77.20163624895314 1.004424565886276
 78.66501044263912 0.9995956853687317
 80.14603266085098 0.9945577980787162
 81.64399698260769 0.9894543491910458
 83.15960932889027 0.9843631580485399
 84.69286969969873 0.9794092443397651
 86.24448401601411 0.9748015117869957
 87.81374635685538 0.9707093213666708
 89.40065672222251 0.9669854416256403
 91.0066269540776 0.9631339665547773
 92.63165705242065 0.9587241270058685
 94.2750410962706 0.9537950358572177
 95.93748500660853 0.9488385708488405
 97.61969470441541 0.9443132566282528
 99.32096426871024 0.9402545913792235
 101.0427055414551 0.9364656496750058
 102.78421260166897 0.9328202235900992
 104.5454854493518 0.9292646721120644
 106.32723000548467 0.9257659018349722
 108.13015219104858 0.9222410144144481
 109.95354608506251 0.9185057015413706
 111.79882352948853 0.9144804093265569
 113.66527860334563 0.9105093241167281
 115.55291130663376 0.9069938088736831
 117.46242756033399 0.9037141300520942
 119.39453328542734 0.9001473713180246
 121.34922848191383 0.8959835564298936
 123.32580722881241 0.8910693494948572
 125.32638728906619 0.8854683492657802
 127.34885089973204 0.8796031743818525
 129.39602174473413 0.874080554791837
 131.46578206112935 0.869344537806635
 133.5602496118608 0.8654578430578749
 135.67871847594745 0.8622780884744574
 137.82189457437036 0.859907326917158
 139.98977790712945 0.8585035865895811
 142.1823684742248 0.8577724673620633
 144.40107811761845 0.8574370674385589
 146.64449499534834 0.8576741274958475
 148.91473687035753 0.8584726847154165
 151.21039190068404 0.8592395315622045
 153.5335778492709 0.8592476629268881
 155.88288287415605 0.8580777078485505
 158.25901289632057 0.8556329009222966
 160.66337975772646 0.8520741521105786
 163.09527753739275 0.8476370828784399
 165.5547062353194 0.8423743090190386
 168.04307769346852 0.836402496265256
 170.559685990859 0.8303401664520687
 173.105942969453 0.8250639283571931
 175.68114270826942 0.8208541121870322
 178.2859911282893 0.8174171822639769
 180.9204882295127 0.8147150009591063
 183.58604585390165 0.8127738763031426
 186.28125215949407 0.8111363083359115
 189.00822490923306 0.8094270851089103
 191.76696410311862 0.8074572586889444
 194.55676382016978 0.8050636609360056
 197.3783299813675 0.802381148435033
 200.23307442867386 0.7993149246977864
 203.12029124110785 0.795508462947501
 206.0406863396505 0.7911540733345641
 208.9942597243018 0.7869268948214858
 211.9824232370238 0.7834815536846136
 215.00447095683552 0.781586653341278
 218.06110880471795 0.781310557305919
 221.15233678067113 0.7818387878824145
 224.2795667266571 0.782941041049222
 227.44279864267583 0.7842286858837301
 230.64132660774632 0.7851439431213807
 233.87726838481174 0.7850681732521735
 237.14991805289097 0.7843046917360705
 240.459981532965 0.7837244594115526
 243.80816474601502 0.7837518082176822
 247.1944676920409 0.7836127380193224
 250.61889037104268 0.7819777250476243
 254.0828446249824 0.7787600391659684
 257.58703637484115 0.77602583508142
 261.1300537786569 0.7756348898639066
 264.7140145993726 0.7772136768778884
 268.3389188369884 0.7791183219217425
 272.0047664915042 0.7797982373139296
 275.7122634839011 0.7790787667776293
 279.4621157351601 0.7780552738682914
 283.25502916626226 0.7772650729402031
 287.0902978562265 0.7765455887363448
 290.969333647015 0.7758762002244644
 294.89284245960863 0.7758566703229874
 298.86082429400756 0.7774632666256769
 302.8732791502116 0.7805611218557396
 306.9323247911641 0.7835334626254395
 311.03654937490273 0.785142815900277
 315.18736474338976 0.7851533946496406
 319.38477089662507 0.7840910031667071
 323.63017967657083 0.7824011520053674
 327.92359108322694 0.779776285205539
 332.2657110375745 0.7772621870985537
 336.6572454605945 0.7765804665134208
 341.0974884313059 0.7767113533610304
 345.5885577126519 0.775635716787866
 350.12974738365136 0.7734512879346231
 354.7224692862664 0.7713003197610981
 359.36672342049707 0.7704059709145614
 364.0632157073243 0.7723027560425246
 368.8126520677291 0.7769472966966556
 373.6157384226927 0.7815192346159201
 378.47247477221487 0.7833234034016268
 383.38427295825784 0.7826268980716642
 388.3511329808215 0.7806882038092304
 393.37305483990593 0.7775642888180245
 398.45215629845427 0.7720633458787929
 403.5877314354854 0.7634859294140467
 408.7811920929614 0.7542873690732704
 414.0325382708823 0.7476180180548982
 419.3424758902291 0.7448998741889155
 424.71171087198286 0.7474558569430279
 430.14094913712466 0.7546769473573761
 435.6308966066354 0.7663796281465286
 441.18225920149627 0.7715893825548941
 446.79574284268824 0.7754390833544992
 452.4713475302113 0.7703337176658108
 458.20977918504644 0.7556530736501625
 464.0124496491558 0.7336186745475519
 469.8800648435205 0.7030189396488016
 475.81191884715935 0.6648089133376185
 481.81012942301544 0.6225631549405524
 487.87540249206995 0.5764858395780914
 494.00703213334174 0.5289947476306184
 500.2071361097739 0.48894527889824696
 506.47571442136655 0.4645558779340796
 512.8134729891007 0.45793189091740527
 519.2211177339572 0.46637938540679413
 525.6993545769172 0.48525604521509214
 532.249595359943 0.5099984570374829
 538.8718400830342 0.5352445845293592
 545.5667946671721 0.5583971193169528
 552.3358709543187 0.5851015993378077
 559.1790689444739 0.6186111465323741
 566.097094558619 0.6434329930503521
 573.0913596387157 0.6421916485220985
 580.1625701057454 0.6067176407181918
 587.3107259597078 0.5357819995428812
 594.5372390425653 0.4522677814380067
 601.8428152752986 0.3771140944262973
 609.2281605788888 0.30685774061383936
 616.6946867952983 0.24239833352441056
 624.2416880035457 0.1944370414658377
 631.8712819665742 0.1601693285890762
 639.5841746053648 0.14400510630865004
 647.3803659199176 0.14843053794123875
 655.2619736731757 0.17755462026820162
 663.228291944158 0.2413792623120771
 671.2814384958076 0.36317307277167377
 679.4221192491057 0.6580774301356984
 687.650334204052 2.659574634003776
 721.45830182779 0.
 730.1411298945229 0.
 738.9157276887906 0.
 747.7891544204031 0.
 756.7472916697399 0.
 765.8113170662319 0.
 774.9671121902585 0.
 784.22173625163 0.
 793.5751892503465 0.
 803.0274711864079 0.
 812.5785820598143 0.
 822.2355810803758 0.
 831.9984682480928 0.
 841.8531251433442 0.
 851.8207293955613 0.
 861.8942217949336 0.
 872.0736023414613 0.
 882.3518118253339 0.
 892.7500278759825 0.
 903.2470728639761 0.
 913.8641244187454 0.
 924.5870641206703 0.
 935.4229511795605 0.
 946.3717855954166 0.
 957.4335673682383 0.
 968.615355707836 0.
 979.9100914043992 0.
 991.3248336677385 0.
 1002.8595824978538 0.
 1014.5072786849347 0.
 1026.2820406486019 0.
 1038.1697499692348 0.
 1050.1915842762644 0.
 1062.3263659402596 0.
 1074.5952725906513 0.
 1086.9841858078191 0.
 1099.5001648015734 0.
 1112.1502687817242 0.
 1124.920379328651 0.
 1137.8246148619746 0.
 1150.862975381695 0.
 1164.0284016780015 0.
 1177.3350121705153 0.
 1190.768688439615 0.
 1204.343548904922 0.
 1218.0525343566258 0.
 1231.895644794726 0.
 1245.8869986388438 0.
 1260.0124774693584 0.
 1274.27914049608 0.
 1288.6869877190084 0.
 1303.2430783479542 0.
 1317.9403531731073 0.
 1332.7858714042775 0.
 1347.7796330414653 0.
 1362.9216380846703 0.
 1378.211886533893 0.
 1393.6503783891328 0.
 1409.2371136503903 0.
 1424.9862107372858 0.
 1440.8835512301985 0.
 1456.936194338939 0.
 1473.1441400635074 0.
 1489.5073884039034 0.
 1506.0329985699377 0.
 1522.7209705616099 0.
 1539.5642451691099 0.
 1556.569881602248 0.
 1573.7449390708346 0.
 1591.0752991552488 0.
 1608.5821394849218 0.
 1626.2442824304226 0.
 1644.0829056211824 0.
 1662.08389063758 0.
 1680.2542966894264 0.
 1698.6011829865313 0.
 1717.1174903190845 0.
 1735.8102778968969 0.
 1754.6724865101576 0.
 1773.7182345784875 0.
 1792.9334036822659 0.
 1812.332112241113 0.
 1831.9073010452194 0.
 1851.6589700945842 0.
 1871.5941785990185 0.
 1891.7199857683324 0.
 1912.0222731829049 0.
 1932.5081000525463 0.
 1953.1774663772574 0.
 1974.0374313668476 0.
 1995.0879950213173 0.
 2016.3220981308564 0.
 2037.753859115085 0.
 2059.3691595543833 0.
 2081.1821178683713 0.
 2103.1856748472383 0.
 2125.379830490985 0.
 2147.7787032192323 0.
 2170.368174612359 0.
 2193.1553038801753 0.
 2216.1400910226816 0.
 2239.322536039878 0.
 2262.709698141574 0.
 2286.2945181179603 0.
 2310.0840551788465 0.
 2334.0783093242335 0.
 2358.2702213443094 0.
 2382.673909658697 0.
 2407.282315057584 0.
 2432.0954375409715 0.
 2457.1203363186696 0.
 2482.3499521808676 0.
 2507.7842851275664 0.
 2533.4374535783854 0.
 2559.3023983235153 0.
 2585.3720601531454 0.
 2611.6605574868963 0.
 2638.1608311149585 0.
 2664.87288103733 0.
 2691.803766463823 0.
 2718.9464281846267 0.
 2746.307925409552 0.
 2773.8811989287865 0.
 2801.680367161953 0.
 2829.69131168943 0.
 2857.9281509308385 0.
 2886.3838256763675 0.
 2915.051276716207 0.
 2943.944622469978 0.
 2973.0638629376804 0.
 3002.4019389095033 0.
 3031.9588503854475 0.
 3061.741656575323 0.
 3091.750357479129 0.
 3121.977893887057 0.
 3152.431325008916 0.
 3183.1106508447056 0.
 3214.0088121846165 0.
 3245.1399274482687 0.
 3276.4898782160426 0.
 3308.072782907557 0.
 3339.8745231031935 0.
 3371.9021580127605 0.
 3404.1627468460697 0.
 3436.6421711834996 0.
 3469.3545494446707 0.
 3502.2928224197735 0.
 3535.456990108807 0.
 3568.8470525117723 0.
 3602.463009628669 0.
 3636.304861459497 0.
 3670.379667214066 0.
 3704.6733084727566 0.
 3739.1999036551883 0.
 3773.9453343417413 0.
 3808.923718952036 0.
 3844.120939066451 0.
 3879.551113104608 0.
 3915.2001226468856 0.
 3951.0820861129055 0.
 4023.509578767117 0.
 4060.0551079553093 0.
 4096.833591067244 0.
 4133.823850473489 0.
 4171.047063803475 0.
 4208.4820534277715 0.
 4246.142937766001 0.
 4284.02971681816 0.
 4322.12827216463 0.
 4360.445663015221 0.
 4398.981889369932 0.
 4437.736951228765 0.
 4476.710848591719 0.
 4515.896522248983 0.
 4555.301031410368 0.
 4594.910257656254 0.
 4634.73831940626 0.
 4674.778157450577 0.
 4715.0297717892045 0.
 4755.486103212332 0.
 4796.15421092977 0.
 4837.027035731709 0.
 4878.104577618146 0.
 4919.386836589086 0.
 4960.873812644525 0.
 5002.565505784464 0.
 5044.454856799093 0.
 5086.534806478601 0.
 5128.819473242611 0.
 5171.301797881309 0.
 5213.974721184887 0.
 5256.838243153345 0.
 5299.892363786682 0.
 5343.144142294709 0.
 5386.572401047994 0.
 5430.19125846616 0.
 5473.9936553393945 0.
 5517.972532457888 0.
 5562.134949031451 0.
 5606.473845850272 0.
 5650.996282124162 0.
 5695.6810802236905 0.
 5740.5423585684775 0.
 5785.5730579487135 0.
 5830.773178364398 0.
 5876.13566060572 0.
 5921.660504672681 0.
 5967.347710565278 0.
 6013.190219073705 0.
 6059.188030197959 0.
 6105.341143938041 0.
 6151.64956029395 0.
 6198.099160846066 0.
 6244.704064014011 0.
 6291.4430921683515 0.
 6338.33036372871 0.
 6385.351760275465 0.
 6432.507281808616 0.
 6479.7969283281645 0.
 6527.2136406243 0.
 6574.764477906831 0.
 6622.435321756139 0.
 6670.2332313820325 0.
 6718.144088364892 0.
 6766.174951914527 0.
 6814.318762821128 0.
 6862.568461874885 0.
 6910.931108285606 0.
 6959.392583633673 0.
 7007.959947128895 0.
 7056.626139561462 0.
 7105.377042511754 0.
 7154.22677439939 0.
 7203.147098385129 0.
 7252.208606567076 0.
 7301.340706847126 0.
 7350.4728071271775 0.
 7399.746091603434 0.
 7449.089968177794 0.
 7498.5044368502595 0.
 7547.989497620827 0.
 7597.474558391395 0.
 7647.10080335817 0.
 7696.727048324944 0.
 7746.494477487926 0.
 7796.191314552805 0.
 7846.02933581389 0.
 7895.867357074976 0.
 7945.775970434166 0.
 7995.684583793354 0.
 8045.593197152542 0.
 8095.572402609837 0.
 8145.622200165231 0.
 8195.671997720627 0.
 8245.65120317792 0.
 8295.771592831421 0.
 8345.821390386816 0.
