 0.2642937219086938 0.00010222394092725488
 0.7959883395004692 0.0012744334283871647
 1.3339386269863678 0.004891778015004685
 1.8782205641626746 0.012283042120670017
 2.4288941350790885 0.02450339032537544
 2.9860526482573615 0.04216798339230018
 3.5497627526416053 0.06540240112417628
 4.120097762070339 0.09389381620761346
 4.697137655276494 0.12699677519065608
 5.280962410993003 0.16385385745081968
 5.871658672847206 0.20350689568307448
 6.4692864248888045 0.24498777960914614
 7.073918980956318 0.28738586862698745
 7.685689638937965 0.32989327463340046
 8.304658382883444 0.37183012213996697
 8.930891861736866 0.4126525715382647
 9.564456724442337 0.45194727777906735
 10.20555291783219 0.48941750161399744
 10.854113792962314 0.5248664096552365
 11.510272647720928 0.5581807391291093
 12.17416277999625 0.5893155161897479
 12.84585083873239 0.6182798581839888
 13.525470121817568 0.6451239105194339
 14.213020629251785 0.6699264875942934
 14.908635658923258 0.6927851956716466
 15.612448508720206 0.7138092909577533
 16.32452582758674 0.7331154248401955
 17.044934264466967 0.7508236930375836
 17.773807117249113 0.7670529249703553
 18.511277683821387 0.7819169861701153
 19.257345964183795 0.795523258721829
 20.012211905168666 0.8079714762695042
 20.775875506776 0.8193525083699464
 21.548603364782235 0.8297482085369784
 22.330328830243257 0.8392331870588801
 23.12118520104729 0.8478774955505133
 23.92137242402666 0.8557478932514935
 24.73095714812548 0.8629087081089457
 25.550006022287857 0.8694214315620911
 26.37871899334612 0.8753439587633421
 27.21709606130027 0.8807299301032548
 28.065270524038525 0.885627110348868
 28.923442328393214 0.8900767808205808
 29.791678123308447 0.8941133848286655
 30.67004455772833 0.8977660472310723
 31.558741578485193 0.9010604485547247
 32.45783583452315 0.9040186730397379
 33.36746062373042 0.9066606268933725
 34.287749243995215 0.9090090528307928
 35.21883499320577 0.9109596754227539
 36.16078452030617 0.9129330576054444
 37.11379777212876 0.9145557427346653
 38.07794139761765 0.9159780994931137
 39.05341534360516 0.917218261270609
 40.040286259035405 0.9182941081973369
 41.03868744179661 0.9192242801823853
 42.04875218977699 0.9200280249579652
 43.07068044980886 0.9207232733061886
 44.10460551978046 0.9213243090704331
 45.15059404863588 0.9218412626360726
 46.20877933426336 0.9222811746209422
 47.279361323495216 0.9226480465272647
 48.36247331421967 0.9229437018244073
 49.45824860432493 0.9231678872527358
 50.56682049169924 0.9233177156524186
 51.688388923174905 0.9233899959520626
 52.823020547696046 0.9233849814113024
 53.970915312094995 0.9233038370244561
 55.13227316320406 0.923140889775714
 56.30716074996738 0.9228923914224876
 57.49577801921726 0.9225676112673945
 58.69825826884194 0.9221800227229819
 59.91480144567373 0.9217330701202774
 61.14554084760085 0.9212194089298844
 62.390676421455645 0.9206292126779902
 63.65027481618221 0.9199563524814436
 64.92460262755698 0.9192044246270521
 66.2138598024123 0.9183857881849723
 67.51804634074816 0.9175102189770902
 68.83769543411744 0.9165794898208461
 70.17267378463193 0.9155944617989971
 71.52298139229158 0.9145580220713744
 72.88928474653757 0.913474628007543
 74.27091735792874 0.9123472680711879
 75.66921220534729 0.9111697120753043
 77.08350279935215 0.9099221551164859
 78.51445562938439 0.9085767386349537
 79.96207069544401 0.9071104666559087
 81.42701448697214 0.905513107490123
 82.90862051452766 0.9037896756783568
 84.40688877811054 0.9019608372067733
 85.92315225660302 0.9000506517406359
 87.45741095000508 0.898076948758203
 89.00899836887562 0.8960507703795324
 90.57858100265577 0.8939793598301664
 92.16682534078656 0.8918721890204299
 93.77306489382694 0.8897414144127719
 95.39863264065909 0.8875954442270526
 97.04286209184193 0.8854370643192502
 98.70575324737544 0.8832891916132485
 100.38797259670072 0.8811163536533493
 102.09018662925888 0.8789552385414958
 103.81172885560879 0.8767788771996543
 105.55393225463267 0.8745678699398336
 107.31613033688943 0.8723097563880231
 109.09832310237907 0.8700068158809325
 110.90117704054265 0.8676702931463268
 112.72535864082128 0.8653139148563879
 114.57086790321499 0.8629415305575577
 116.43703833828266 0.8605524817747875
 118.32586941434758 0.858147832198541
 120.23536166308645 0.8557242894535718
 122.16818104226367 0.8532716725025791
 124.12232808355596 0.8507819783411172
 126.09980225528659 0.8482564732673579
 128.09993706801447 0.845714354361585
 130.1233990111807 0.8431682339535894
 132.17018808478525 0.8406104129504869
 134.24030428882818 0.838020276018041
 136.33508060219165 0.8353709776350103
 138.45318404599345 0.8326203753982389
 140.59661408855686 0.8297274412469615
 142.76403775099976 0.8266894906290542
 144.95745450164534 0.8235187813108193
 147.1755313616115 0.8201968253389496
 149.41893482033927 0.8167091869142865
 151.68899785671087 0.8130806348290701
 153.9850539812852 0.8093403445931774
 156.30710319406225 0.8054893798970729
 158.65647847392424 0.8015295642101238
 161.03251333143 0.7974697109676057
 163.43654074546183 0.7933029821593909
 165.86789422657856 0.7890212228252533
 168.3272402642213 0.7846318787984432
 170.81457885839006 0.780169038825744
 173.33124298796704 0.7756808728896094
 175.87589967407 0.7712013684329698
 178.4505483850223 0.766739541498808
 181.05518912082388 0.7622984312027361
 183.68915539203368 0.7578642602206456
 186.35311368809278 0.7534118545448816
 189.04839698788334 0.7489328566075107
 191.77433880196432 0.7444116656150567
 194.53160561977683 0.7398158136823958
 197.3201974413208 0.7351324858720296
 200.14144724547845 0.7303679630228901
 202.9946885428087 0.7255218905714892
 205.8805878227526 0.720589608540555
 208.79914508531022 0.7155656971739119
 211.7516933093637 0.7103742277723416
 214.73823249491306 0.7051229920187443
 217.7580961525172 0.6995832920807799
 220.81328375049944 0.6937678430529328
 223.90312879941862 0.6876863194532356
 227.02829778871583 0.6813603496544615
 230.18945720783225 0.6748162726585833
 233.38660705676782 0.6680909630683629
 236.61974733552256 0.6612334519490107
 239.89021102297863 0.6542965186083257
 243.1986646085772 0.6472955612320764
 246.54377511343597 0.6402170051038616
 249.9275420058783 0.633042615530008
 253.34996528590418 0.6257730509855649
 256.8110449535136 0.618392356113568
 260.31144749814763 0.6108722671388238
 263.8518394092475 0.6032012354220057
 267.4328871762541 0.595385035282777
 271.0539243097265 0.5874190573957924
 274.7162837885468 0.5793065941362985
 278.42063210215605 0.5710407061903141
 282.1669692505544 0.5625911543574976
 285.95529523374177 0.5539137701576179
 289.7876095200415 0.5449935099683946
 293.66257913057126 0.5358584856092407
 297.58153704421335 0.5265319463145897
 301.54448326096775 0.5170255420276217
 305.5527507597167 0.5073752862683418
 309.6063395404601 0.49762800674314167
 313.7059160926391 0.4877944163345543
 317.8521469056948 0.4778432476081226
 322.04436549018607 0.4677104410719335
 326.2845713144362 0.45735718721961904
 330.57209788900417 0.4468008292709395
 334.9082781927721 0.4360878859555328
 339.29311222574006 0.4252679252490342
 343.7272664773491 0.4143813724542791
 348.21140743704024 0.4034439955161022
 352.74620159425467 0.39248449381626827
 357.3316489489924 0.38151132622656475
 361.9690824801355 0.37047952396631595
 366.65850218768406 0.35932261651188996
 371.39990807163815 0.34802175121610557
 376.195299600321 0.33661185258253984
 381.04401028429146 0.3251535661632348
 385.94737310243175 0.31374148949681363
 390.9053880547419 0.3024783953428965
 395.91872163066296 0.29141533577857603
 400.988040319636 0.2805125034545248
 406.1140106111023 0.26961720307199916
 411.2972989945027 0.25866797358293453
 416.53857195927844 0.24772474634720412
 421.83849599487064 0.23677302478333748
 427.1970711012792 0.2257347086852932
 432.61496376794526 0.214620759130046
 438.09350697375106 0.20348158998041005
 443.6333672081377 0.1923595259864782
 449.23387798166397 0.18137193272800195
 454.8970387626532 0.17064384448646097
 460.62351604054663 0.16024931944413243
 466.41264332590293 0.15021222985415042
 472.2664200870455 0.14051901113049903
 478.1848463239744 0.13111948240922774
 484.1685885261307 0.12196100620793279
 490.2183131829554 0.11304483869440056
 496.33468678388965 0.10443440621145822
 502.5190423078157 0.09617179544514239
 508.77137975473346 0.08827608697630514
 515.0923656140841 0.08076699453488446
 521.4833328647497 0.0736676407254967
 527.9442815067305 0.06704006909336542
 534.4758780294674 0.06087338440902083
 541.0794554118424 0.05507633722620583
 547.755680143297 0.049602955856092826
 554.5045522238311 0.04445056587694308
 561.3274046323266 0.03965467226341566
 568.2249038582249 0.035236824877797605
 575.197716390967 0.03117569470020305
 582.2471752094352 0.027446403530230302
 589.3726138241882 0.024046090040530464
 596.5760317035493 0.020934441882065166
 603.8580953369598 0.01805610612263114
 611.2188047244196 0.01539276094724082
 618.6601593342518 0.012953335784082195
 626.1814926770157 0.01078799478196992
 633.7848042210342 0.008899924960142684
 641.4707604557486 0.007249861957929076
 649.2393613811589 0.005845798142869976
 657.0919399761472 0.004697050886261274
 665.0291627301547 0.0037570076004446802
 673.0543620903867 0.0029654154377672646
 681.1588736941092 0.00229874683145735
 689.356693819585 0.0017655359220656265
 697.6411575724032 0.0013487825553323543
 706.0189298469749 0.0010297686155941298
 714.476680854478 0.0008003681661789119
 723.0344052781454 0.0006317994146369003
 731.6787733291553 0.0004885213626586132
 740.4164499019184 0.00035645831589487247
 749.2474349964351 0.00024190949992706457
 758.1717286127051 0.00023813621502600849
 767.1893307507286 0.00006608692139428855
 776.3069063049163 -0.000009324292881694314
 785.5244552752685 -0.00006603251615963703
 794.8286478729628 -0.00009476287664289274
 804.2394787812327 -0.00008515353667515809
 813.7502831056668 -0.00007544211448397017
 823.3610608462652 -0.000042050636047242394
 833.0651471086172 -0.000012647897067264512
 842.8825365759552 0.0000034123223524338415
 852.7932345650469 0.000012812353743427402
 862.8172357591245 0.00003208389691849072
 872.9412103693667 0.00007624893383151107
 883.171823290184 0.0001500165158739158
 893.5090745215766 0.0002427978536812888
 903.9529640635446 0.00034254889662603197
 914.5101568104989 0.0004512817367859534
 925.1739878680283 0.0005737108731672154
 935.9511221305441 0.0006988181947254022
 946.8415595980462 0.0008077828484938387
 957.8386353761235 0.0008905443994094486
 968.9556792535981 0.0009462199843868804
 980.1793614416479 0.0009877727991143008
 991.5296766235059 0.0010401145249170482
 1002.9866301159392 0.0011154961407395642
 1014.5702166021806 0.0012043419504589223
 1026.2671062934082 0.0012903053616277924
 1038.0839640840331 0.0013507194850158792
 1050.0274548684663 0.0013503014546634177
 1062.0842488578855 0.0012745561580059718
 1074.267675841113 0.0011630131692040501
 1086.5777358181488 0.001044391016450791
 1099.0077638945816 0.0008664509493107751
 1111.5710898592336 0.0005744349424618281
 1124.2543839232826 0.00019371402435849823
 1137.070975875551 -0.0002241254108603442
 1150.0142008216274 -0.0006121099976238294
 1163.084058761512 -0.0008950907137576303
 1176.2938794840268 -0.0010724389131321654
 1189.6303332003497 -0.0012210952778790225
 1203.1000848048916 -0.001400396615553681
 1216.7031342976527 -0.0016073704684796775
 1230.446146573044 -0.0018205475109337138
 1244.3224567366542 -0.0019941312084513123
 1258.3387296828944 -0.002086451183182786
 1272.494965411765 -0.002133107027586621
 1286.7911639232655 -0.002217611460653915
 1301.227325217396 -0.0023393048423410354
 1315.8034492941565 -0.002439039853950924
 1330.5195361535475 -0.0022725173308148217
 1345.3889155843904 -0.002104260198062719
 1360.398257797863 -0.002680313115024569
 1375.5542276883766 -0.0027831183931817088
 1390.8568252559317 -0.002868467497781494
 1406.3060505005276 -0.003034506844051377
 1421.9085683165754 -0.003345513473930291
 1437.6643787040753 -0.0037184833150767692
 1453.5668167686163 -0.004007868359540213
 1469.6225474046091 -0.004254081145870335
 1485.8382355064648 -0.004563004765908629
 1502.2005512853618 -0.004659680146131062
 1518.7294894245324 -0.0045512790444954924
 1535.4050552407443 -0.004441916320184122
 1552.24724341723 -0.003921128353028566
 1569.2427241651676 -0.003353603650341962
 1586.3981623789684 -0.0028012658135850633
 1603.7202229530428 -0.0023056003410744795
 1621.2022409929803 -0.00206759828274198
 1638.8508813931917 -0.0021913273147180956
 1656.659479259266 -0.002404379905387811
 1674.6413643800252 -0.002314378497880972
 1692.7832069666474 -0.0022235764848218104
 1711.0983368079542 -0.0018756434859119673
 1729.5800890095352 -0.0017143929247641944
 1748.2284635713897 -0.0016826206623550483
 1767.0501253879293 -0.0016505531609099342
 1786.051739353565 -0.0013496452082988844
 1805.2199756794741 -0.0010629887324840237
 1824.561499260068 -0.0008640760324156015
 1844.0763100953475 -0.0006995892690081505
 1863.771073079722 -0.0006388686508105709
 1883.6457882131926 -0.0006030051711316919
 1903.6937906013482 -0.0005668289984710384
 1923.9284100330103 -0.00028081319861839103
 1944.3363167193575 0.00006515271751586121
 1964.9308404492117 0.00034331915541275783
 1985.7053163281612 0.0006583005534274326
 2006.6597443562066 0.0013834958403744614
 2027.80745432217 0.0023963330363736147
 2049.135116437229 0.0031254129715481173
 2070.649395595795 0.003405984378128399
 2092.350291797867 0.003499695710639077
 2114.2378050434468 0.0035802497492778197
 2136.318600226944 0.003432574107139028
 2158.5860124539477 0.003162434211638075
 2181.046706618869 0.002906616908238637
 2203.7006827217087 0.002619297297397189
 2226.5412758680545 0.00238917080326221
 2249.5818158467296 0.0022261348123441818
 2272.815637763322 0.0018900563397471655
 2296.242741617832 0.0014439545919843495
 2319.8697923046707 0.0009940454324340801
 2343.6901249294274 0.0005970428728492459
 2367.7037394921017 0.0003109152993895735
 2391.9239657815156 0.00013586445867978794
 2416.3441389032578 -0.000056358236191442494
 2440.9575939629185 -0.00035745399601694246
 2465.7776607493183 -0.0006441741868906134
 2490.797674368047 -0.0007851785650451556
 2516.0176348191044 -0.0007976370390914377
 2541.4442069969014 -0.0007664995167188987
 2567.0707260070267 -0.0007351171383381879
 2592.9038567438924 -0.0006554876999725374
 2618.936934313086 -0.0005908683016598875
 2645.1832885034305 -0.000510049758659027
 2671.629589526104 -0.0003979787640410226
 2698.2891671699276 -0.00023860359048562726
 2725.155356540491 -0.00007661820663916722
 2752.2214927433834 0.000023475454043235845
 2779.500905567426 0.000054542602677194114
 2806.993595012619 0.000052095471329881417
 2834.692896184552 0.00004255577150530452
 2862.5988090832248 0.00003384347951698356
 2890.7179986030483 0.000026898859239876643
 2919.0504647440216 0.000021431610805069116
 2947.589542611735 0.00001710833208647595
 2976.341897100599 0.000013673712046706771
 3005.3075282106133 0.000010936084301003171
 3034.4797710473676 0.000008749187864891917
 3063.8719553996834 0.000006999717923598761
 3093.4707514787387 0.000005598939899035745
 3123.2894890733555 0.000004476819246040432
 3153.3148383947123 0.000003577773528528905
 3183.5534643372193 0.000002857511688607129
 3214.0120317952883 0.0000022806367415240987
 3244.677210980097 0.0000018188003740201722
 3275.5623316804663 0.000001449266202421388
 3306.660729001987 0.0000011537807411895242
 3337.972402944658 9.176812705341316E-7
 3369.4973535084796 7.291861016132225E-7
 3401.235580693452 5.788282879908611E-7
 3433.1870844995747 4.5900254415130707E-7
 3465.3585298212593 3.636011797094419E-7
 3497.7365868696834 2.877217618148359E-7
 3530.334585433669 2.274317356475818E-7
 3563.1391957243936 1.7957883425601823E-7
 3596.1637475306807 1.4163830221490359E-7
 3629.394911063707 1.1158975572600122E-7
 3662.846016112295 8.781795042814752E-8
 3696.5037328876224 6.903280200472355E-8
 3730.381391178512 5.0700208287116056E-8
 3764.46566119614 4.251418931245952E-8
 3798.7632078349193 3.33072128781476E-8
 3833.267366200438 2.6064671643209103E-8
 3867.991466081519 2.037397527212832E-8
 3902.9155127949284 1.590776340065731E-8
 3938.059501023899 1.240660141803919E-8
 3973.403436085198 9.665128178047586E-9
 4008.9606477676484 7.520979942137896E-9
 4044.7311360712492 5.84594098130375E-9
 4080.7015712071784 4.538882292255858E-9
 4116.878618069847 3.5201352320371716E-9
 4153.262276659256 2.7270137357317577E-9
 4189.852546975404 2.1102533847019543E-9
 4226.649429018292 1.6311845225497338E-9
 4263.646257893508 1.2594900969218527E-9
 4300.849698495464 9.71430613384608E-10
 4338.246421035338 7.484389496685971E-10
 4375.8497553019515 5.760112304260356E-10
 4413.653036400894 4.4283094904612127E-10
 4451.656264332165 3.4007916438894977E-10
 4489.852774201353 2.608914462819582E-10
 4528.24923090287 1.9993104692776668E-10
 4566.838969542306 1.5305381308196654E-10
 4605.621990119657 1.1704546970402183E-10
 4644.598292634929 8.941590728667027E-11
 4683.767877088117 6.823826574944872E-11
 4723.1307434792225 5.202325181254957E-11
 4762.680226913835 3.962113663567329E-11
 4802.409662497544 3.014531496911123E-11
 4842.33238001917 2.2912892976122906E-11
 4882.441714584303 1.7398470882263153E-11
 4922.731001298531 1.3198277359003649E-11
 4963.200240161856 1.0002361109361834E-11
 5003.849431174276 7.57305468163411E-12
 5044.6852392302035 5.7283206223601346E-12
 5085.687669646404 4.3288802645338414E-12
 5126.870052211701 3.268289292964009E-12
 5168.225722031682 2.465282819870198E-12
 5209.748014211938 1.857886439909003E-12
 5251.443593646879 1.3988872387848693E-12
 5293.305795442093 1.0523554747799695E-12
 5335.341284491992 7.909765898101592E-13
 5377.530066113343 5.940069989603402E-13
 5419.885470094969 4.45709376485543E-13
 5462.400831542456 3.3415645990595457E-13
 5505.076150455807 2.5031773498313284E-13
 5547.90476194061 1.8736261716204988E-13
 5590.886665996865 1.401296041819119E-13
 5634.021862624571 1.0472218006877984E-13
 5677.30368692932 6.052929573940467E-14
 5720.732138911109 5.83535574162637E-14
 5764.307218569938 4.351113623922052E-14
 5808.02892590581 3.242065321517312E-14
 5851.883931129901 2.4140055949625594E-14
 5895.885564031031 1.7962106783264277E-14
 5940.013829925971 1.335629921437692E-14
 5984.2820586035405 9.925037397359252E-15
 6028.676920274917 7.370608553799134E-15
 6073.198414940103 5.470253613628748E-15
 6117.846542599097 4.057447174687959E-15
 6162.614638357488 3.0077936762949653E-15
 6207.509367109688 2.2284381074147607E-15
 6252.517399066874 1.6501394866231834E-15
 6297.645399123457 1.2212814743621982E-15
 6342.880037490614 9.034356187095326E-16
 6388.227979062759 6.679931035456493E-16
 6433.6825589454775 4.93690761554806E-16
 6479.237112244362 3.647121790734178E-16
 6524.898303853821 2.693186960713737E-16
 6570.652803985034 1.988059004806159E-16
 6616.507277532411 1.4670011641842365E-16
 6662.4550596015415 1.0821355154045318E-16
 6708.482820403603 7.979966429628387E-17
 6754.603889727418 5.883052128563904E-17
 6800.791607995342 4.336199518618544E-17
 6847.112624151486 3.195331726405731E-17
 6893.50028925174 2.3539438063777832E-17
 6939.887954351994 1.7340649681663488E-17
 6986.408917340466 1.2770076099626464E-17
 7032.996529273048 9.401054357308636E-18
 7079.65079014974 6.922992917371786E-18
 7126.371699970541 5.095631455975829E-18
 7173.092609791342 3.746544279955276E-18
 7219.946817500363 2.757897937710168E-18
 7266.801025209382 2.02847012510192E-18
 7313.788530806622 1.490338229058954E-18
 7360.709387459752 1.0937726436472308E-18
 7407.7635420011 8.0575727793829055E-19
 7454.81769654245 5.873316828219409E-19
 7501.938500027909 4.2691013669606363E-19
 7549.059303513367 3.1435247836468817E-19
 7596.180106998825 2.259888040764387E-19
 7643.367559428395 1.6510294916302237E-19
 7690.621660802071 1.1274923911437747E-19
 7737.8757621757495 8.158098619527022E-20
 7785.063214605318 4.871329021696266E-20
 7832.383964923105 3.2563734271677424E-20
 7879.638066296783 1.811653184531048E-20
