 0. 0.
 0.27009259871575525 0.27009259871575525
 0.8134531445184834 0.8133662381659575
 1.3632066160638645 1.3623662634807725
 1.9194306602232667 1.9159244893157303
 2.482186577158297 2.4721684026046122
 3.051569722675898 3.0285798565362616
 3.627648208066745 3.5821499087695337
 4.210496955750577 4.129599361861092
 4.800197699276206 4.667618576342321
 5.396832172192438 5.193087354124976
 6.00048891917715 5.70324620226937
 6.611229240391948 6.195809121783085
 7.229128058256575 6.669015293361739
 7.854321595352376 7.121635647610291
 8.48687115184096 7.552939137907101
 9.126844839013 7.962638645582015
 9.774310768159168 8.350821773585498
 10.429473273151489 8.717878793061876
 11.092264242699288 9.064434094040603
 11.762819899383913 9.3912813592529
 12.44127646578671 9.699329688317235
 13.127702053198355 9.989557606190317
 13.822232884200195 10.262978021986916
 14.524868958792231 10.520610415043079
 15.235746499555809 10.7634620002818
 15.955001729072277 10.992512616704042
 16.68270275863231 11.208705967093705
 17.41891769952658 11.412939762685694
 18.16378277433644 11.606062657062653
 18.917434205643232 11.788870304022193
 19.67987199344696 11.9621071096359
 20.45130047161964 12.126467108278847
 21.231719640161277 12.282597904762355
 22.02140194423457 12.431100455326625
 22.820279272548834 12.572531695729248
 23.628487847685427 12.707406512311586
 24.446232003516368 12.8362003700873
 25.273579851332325 12.959351940830848
 26.110599502423984 13.077264198114376
 26.957495290663353 13.190306826388854
 27.814267216050446 13.298818192050456
 28.681051501166596 13.403108409543833
 29.558052479883838 13.503459779376866
 30.44533826349284 13.600129416209171
 31.34297696328427 13.69335384800701
 32.25117291313016 13.783355586264564
 33.16999422432118 13.870347944166221
 34.09957711943868 13.954536131623449
 35.040057821063996 14.036115503215788
 35.99157255177849 14.115266740028574
 36.95418942287284 14.192152126527544
 37.928112768219044 14.266912046440824
 38.91341069910779 14.33966848687694
 39.91028754941111 14.410532265568225
 40.918811430419666 14.479610915136384
 41.93911856471481 14.547007807062963
 42.97134517487789 14.61281733352709
 44.015695594780915 14.677129068545618
 45.072306047005256 14.740035214223912
 46.14124464284156 14.801636732962386
 47.222647604871206 14.862037872272095
 48.31671926696619 14.921334119369044
 49.423595851707866 14.979606506982417
 50.543413581677584 15.03692336541358
 51.676308679456696 15.093343169631966
 52.82248547891722 15.148917167363598
 53.98201209134984 15.203690255120591
 55.15509285062656 15.257702073238033
 56.341932090619395 15.310983282748582
 57.54259792261905 15.363557098434116
 58.75729468049752 15.415446078054378
 59.986158586836176 15.466682415693667
 61.229393975507016 15.517308379775582
 62.4871370690914 15.567368647804859
 63.75959220146136 15.616903955153465
 65.04682748390755 15.665941677743422
 66.34911536159265 15.71448750976651
 67.66666016838873 15.762535976038325
 68.99946190429577 15.810089923654758
 70.34806545963914 15.857168844272287
 71.71233461183752 15.903803398923575
 73.0922693608909 15.950034541987966
 74.488550819706 15.995907388984948
 75.90049787537613 16.041462456279113
 77.32947275371471 16.08673303299164
 78.77479434181505 16.131753503280585
 80.23714375258385 16.176562412444152
 81.71652098602112 16.22119808677317
 83.21360715503363 16.26568089395363
 84.7277211467146 16.310007329867503
 86.25886296106405 16.354163816057472
 87.80839482389545 16.398142468257994
 89.37631673520882 16.441943505476445
 90.9619475820974 16.485562985580057
 92.56596847746795 16.52899718544343
 94.18906053422717 16.572251799258346
 95.83054263946835 16.61534106250426
 97.49177701900496 16.658284466837646
 99.17208255993027 16.701099313841222
 100.87145926224427 16.74379107869939
 102.59058823885371 16.786350344094984
 104.33015060266533 16.82876594065181
 106.08946524077237 16.871042686532146
 107.86989437898832 16.913208395672765
 109.67075690440646 16.955306869548902
 111.49205281702676 16.9973882608497
 113.33446322975597 17.039489143806975
 115.19866925550082 17.081619373752655
 117.08467089426134 17.12377172344333
 118.99178703313078 17.165934147473305
 120.92206101082932 17.20810817889422
 122.87344948863678 17.25031046226666
 124.8486769181801 17.29254012156112
 126.8456999607391 17.334771970929342
 128.86656195503394 17.376991774891877
 130.91058178815794 17.419218806097824
 132.9784405730178 17.461498180066673
 135.0701383096135 17.50387304125153
 137.18567499794509 17.54635412101383
 139.326412863826 17.5889190806012
 141.4909896814428 17.631529593722817
 143.68144878951568 17.674162664604175
 145.89642796223117 17.716804057765827
 148.13797053830947 17.75941325684318
 150.40471429193713 17.80194405127987
 152.6973403360209 17.844388775817727
 155.0172108963742 17.886766046083725
 157.36364486009032 17.929088783513055
 159.73664222716926 17.971368595496656
 162.13756522342453 18.013623659646754
 164.56573273594935 18.05587938081898
 167.02250699055722 18.098165106001737
 169.5072068743414 18.140522227589127
 172.02051350020858 18.183009001543205
 174.56242686815884 18.225688501988312
 177.1343092040056 18.268597303156263
 179.7347982819354 18.31172576872251
 182.36593744066846 18.355032944307705
 185.02772668020478 18.398506565498792
 187.71948488763763 18.442178169357927
 190.44189317587373 18.486079511954664
 193.1963137707266 18.530234465093
 195.98206555928942 18.57467938399738
 198.799829654469 18.61942697109562
 201.64960605626533 18.6644305778166
 204.53275699049183 18.709605229298365
 207.44860134424184 18.754886537372325
 210.39782023042204 18.800262237625407
 213.38041364903248 18.845716123511785
 216.3977438258866 18.891192348150533
 219.44981076098443 18.93665871745735
 222.53593334141917 18.982158594892724
 225.65815490591115 19.02777301318583
 228.81579434155353 19.073570959660163
 232.00953276125304 19.119583752370513
 235.24005127791654 19.165774817085065
 238.5073498915439 19.2120992572917
 241.81142860213518 19.258613357886098
 245.15364963550383 19.305388515272885
 248.53469410455662 19.352371510659655
 251.95319978348007 19.399497079848306
 255.41121001099438 19.44678537151745
 258.9087247870996 19.49425127816866
 262.4457441117956 19.541899398956847
 266.0229490979892 19.58970980421077
 269.64102085858724 19.637571457190717
 273.3006405064963 19.685396535938843
 277.00112692880975 19.733247369954405
 280.743842351341 19.781209153106737
 284.52946788699677 19.829266861489824
 288.3580035357772 19.877382563026124
 292.2294492976821 19.925515763251777
 296.14584851143184 19.973607461579647
 300.1058389512128 20.0216131557109
 304.1107828428386 20.06956425130327
 308.16068018630915 20.11751585061261
 312.256893207438 20.165413815015523
 316.3994219062251 20.213169380822453
 320.5889473955772 20.260820480110954
 324.826150788401 20.308491771879535
 329.1103509717898 20.356231109239893
 333.4435912844638 20.404004567949457
 337.8251906135163 20.451777654346483
 342.25651118476077 20.49953205941432
 346.7375529981972 20.547210381319676
 351.2689971667323 20.594695100704502
 355.85152480327287 20.641881882454793
 360.4858170207255 20.688719391241573
 365.1718738190904 20.73520843739214
 369.9110574241809 20.781352503123763
 374.7033678359971 20.82708645564278
 379.5488050545389 20.872248930314434
 384.4494124185266 20.916728189575394
 389.4045088150534 20.960506231019348
 394.4154564699328 21.00357887160541
 399.4822553831648 21.046050731157173
 404.60558666765615 21.08798703007126
 409.7861314363136 21.129266810573814
 415.0245708020439 21.169645550929346
 420.3215858777537 21.20892875068708
 425.67785777634987 21.24716483237789
 431.09406761073905 21.284465489763623
 436.57021538092124 21.320815041916138
 442.10698219980316 21.35615597749846
 447.7057302931984 21.39042789427624
 453.36714077401365 21.42359566346634
 459.09053252934217 21.455677572184676
 464.8779488979041 21.486688184421755
 470.73007099260633 21.516582735069893
 476.6462177005419 21.54526635013373
 482.62843236043125 21.572722231747523
 488.6767149722743 21.598959468717375
 494.7917466489778 21.623877580459105
 500.9742085034484 21.647459900511382
 507.2247816485929 21.669794754549024
 513.5448283102248 21.690913368643713
 519.9343484883442 21.710885253546575
 526.3940232958577 21.729747241918137
 532.9252149585786 21.74746954437509
 539.5279234765072 21.76397505718058
 546.2028299625503 21.77917241483742
 552.9512966425211 21.793044243490453
 559.7740046293264 21.805679571828172
 566.6709539229664 21.817178922046164
 573.6435067492544 21.82756992630507
 580.6923442210971 21.836865902443446
 587.8181474514013 21.845105325677128
 595.0222786659806 21.852435425904826
 602.3040567519281 21.859019435894208
 609.665525047964 21.864852042526337
 617.1073646669952 21.86988896469982
 624.6295756090217 21.874215801447633
 632.2342012127634 21.87796022530979
 639.920560365314 21.88120550113864
 647.6906964053934 21.884021694211995
 655.5452904459086 21.886458861074747
 663.4843424868593 21.888553393525576
 671.509214754059 21.890359543633693
 679.6205883604148 21.891925849784865
 687.8218688704601 21.8932809550778
 696.1042018164072 21.89446026577797
 704.4818905692979 21.895497708099015
 712.9481240000647 21.896408811415967
 721.5097132377749 21.897197856227987
 730.1530360242939 21.89785795037295
 738.8985257468236 21.898383123271767
 747.7325601472295 21.898781582948583
 756.6619503545788 21.899077364192692
 765.6866963688717 21.899301347701154
 774.8067981901079 21.899477256331057
 784.0222558182877 21.899616963216882
 793.3398803824783 21.89973023665703
 802.7596718826799 21.899828759906594
 812.2680080607573 21.89991740868298
 821.8853223039131 21.89999250959738
 831.6048034830798 21.900049765615563
 841.4264515982574 21.900087419772753
 851.3434555203784 21.900106371159936
 861.376248636645 21.900110607704324
 871.5043975598552 21.900098745585908
 881.7483356772108 21.900073555707912
 892.0944407305776 21.900065654535002
 902.5495238490223 21.900100211248972
 913.1135850325454 21.900160859472404
 923.7866242811469 21.900225013368804
 934.5754527238939 21.90028575048733
 945.4732592317191 21.90034096307909
 956.4868549336901 21.90039056371634
 967.6162398298067 21.90043891831112
 978.8546027910016 21.900489971821404
 990.2155660754095 21.90054100089484
 1001.6855074248955 21.900586314191134
 1013.2848602266621 21.900623161341183
 1024.993191093507 21.9006517624277
 1036.830933412632 21.90067357990966
 1048.784464925903 21.90068968804672
 1060.8605967623869 21.90070084742522
 1073.066140051151 21.9007085368618
 1085.387472534061 21.90071370045784
 1097.8382164692514 21.900717366582622
 1110.4183718567224 21.900722229145142
 1123.1211275674061 21.900727609165145
 1135.9601058594378 21.90073071103407
 1148.9216844746825 21.900731926656192
 1162.019485671275 21.9007325194428
 1175.246698320148 21.900732900182742
 1188.6033224213013 21.900733139368803
 1202.1029802328699 21.900733200687583
 1215.732049496719 21.900733124850365
 1229.4973413419157 21.900733171723857
 1243.3988557684602 21.900733521379426
 1257.4434039054202 21.900734099324122
 1271.6241746237276 21.900734822163663
 1285.9479790524506 21.900735595749445
 1300.4148171915888 21.90073629124751
 1315.0246890411418 21.900736811075667
 1329.7775946011104 21.900737133072205
 1344.6735338714939 21.900737305058783
 1359.712506852293 21.90073738956832
 1374.908135801642 21.900737430383366
 1390.246798461406 21.90073745690633
 1405.7353059606526 21.900737485795908
 1421.373658299382 21.900737517824094
 1437.1618554775937 21.900737546608386
 1453.1067086243556 21.900737569266457
 1469.2082177396676 21.90073758597659
 1485.459571694462 21.900737597376775
 1501.8675816178063 21.900737604682313
 1518.439058638768 21.90073760931745
 1535.1603804992126 21.90073761222879
 1552.0519805863416 21.90073761401716
 1569.0934255129534 21.90073761508941
 1586.30514866625 21.90073761573286
 1603.6735277880966 21.900737616129003
 1621.2053740075607 21.900737616362868
 1638.9074984537092 21.900737616485653
 1656.7730899974752 21.900737616544614
 1674.8089597679261 21.900737616572908
 1693.0082966359944 21.90073761658744
 1711.384722859815 21.90073761659527
 1729.9246161812525 21.900737616599255
 1748.6415988584424 21.90073761660101
 1767.5288597623173 21.900737616601685
 1786.5863988928766 21.900737616601933
 1805.821027379188 21.900737616602026
 1825.2395563503196 21.900737616602058
 1844.8283635481355 21.900737616602072
 1864.5942601017032 21.900737616602076
 1884.5372460110239 21.900737616602076
 1904.6641324051636 21.900737616602076
 1924.9749192841227 21.900737616602076
 1945.4627955188344 21.900737616602076
 1966.1413833674328 21.900737616602076
 1986.9970605717833 21.900737616602076
 2008.0434493900214 21.900737616602076
 2029.2737386930783 21.900737616602076
 2050.6879284809547 21.900737616602076
 2072.299641011786 21.900737616602076
 2094.0952540274366 21.900737616602076
 2116.081578656974 21.900737616602076
 2138.2586149003982 21.900737616602076
 2160.62636275771 21.900737616602076
 2183.1916333579757 21.900737616602076
 2205.947615572128 21.900737616602076
 2228.901120529235 21.900737616602076
 2252.0521482292966 21.900737616602076
 2275.3938875432445 21.900737616602076
 2298.939960729215 21.900737616602076
 2322.6835566581394 21.900737616602076
 2346.624675330018 21.900737616602076
 2370.770127873918 21.900737616602076
 2395.113103160773 21.900737616602076
 2419.653601190582 21.900737616602076
 2444.40524422148 21.900737616602076
 2469.3612211244 21.900737616602076
 2494.514720770274 21.900737616602076
 2519.8793654172373 21.900737616602076
 2545.448343936223 21.900737616602076
 2571.221656327229 21.900737616602076
 2597.2061137193255 21.900737616602076
 2623.3949049834428 21.900737616602076
 2649.79484124865 21.900737616602076
 2676.3991113858783 21.900737616602076
 2703.221337653263 21.900737616602076
 2730.24789779267 21.900737616602076
 2757.4924140622334 21.900737616602076
 2784.9480753328858 21.900737616602076
 2812.6080704755595 21.900737616602076
 2840.48602174839 21.900737616602076
 2868.581929151377 21.900737616602076
 2896.888981555453 21.900737616602076
 2925.4071789606182 21.900737616602076
 2954.1433324959403 21.900737616602076
 2983.0974421614183 21.900737616602076
 3012.262696827986 21.900737616602076
 3041.64590762471 21.900737616602076
 3071.2470745515902 21.900737616602076
 3101.05938647956 21.900737616602076
 3131.096465666753 21.900737616602076
 3161.344689855036 21.900737616602076
 3191.817681302542 21.900737616602076
 3222.501817751138 21.900737616602076
 3253.4039103298896 21.900737616602076
 3284.5307701678657 21.900737616602076
 3315.868775006931 21.900737616602076
 3347.4315471052196 21.900737616602076
 3379.2122753336653 21.900737616602076
 3411.2109596922674 21.900737616602076
 3443.427600181026 21.900737616602076
 3475.862196799941 21.900737616602076
 3508.5147495490123 21.900737616602076
 3541.392069557308 21.900737616602076
 3574.4805345666923 21.900737616602076
 3607.7937668353006 21.900737616602076
 3641.3181441049983 21.900737616602076
 3675.06728863392 21.900737616602076
 3709.02757816393 21.900737616602076
 3743.2126349531645 21.900737616602076
 3777.6088367434877 21.900737616602076
 3812.2298057930357 21.900737616602076
