 0.25761715165407756 0.
 0.7758801355213893 2.069661150023292
 1.300240758970049 1.7789534284769908
 1.8307730823998298 1.6206098170349423
 2.3675355745473956 1.5159033901459944
 2.910619186780888 1.438393157550324
 3.4600888843632682 1.3776166630853304
 4.016016129083789 1.3285984245449793
 4.578478879258003 1.2884815729197925
 5.14755509320146 1.2553537398008736
 5.723329225756009 1.2278080308271495
 6.305859745658311 1.204758261208426
 6.895218114697623 1.1853455727789028
 7.491534263399861 1.1688749378815215
 8.094866660501689 1.1547853759035684
 8.70528027126607 1.1426229674460164
 9.322840060955956 1.1320260423293667
 9.947740925360229 1.1227137474688653
 10.579917899215932 1.1144704260498655
 11.219500913048979 1.1071302343693992
 11.866619897385288 1.10056150611053
 12.521339817487823 1.0946622185977781
 13.183790603882498 1.089350407923287
 13.853972256569316 1.0845586408116223
 14.532014706074191 1.0802327652617307
 15.218047882923045 1.076331858511006
 15.912136752378837 1.072812493139106
 16.614346279704527 1.0696246753796366
 17.32480639542603 1.066716105129637
 18.043647030069266 1.0640387143208672
 18.770868183634235 1.0615705860848461
 19.506664751909817 1.0593130577172318
 20.251036734896008 1.057275599265741
 21.004243993644646 1.0554621519663006
 21.766221562892774 1.0538698375866318
 22.537099373166306 1.052492528503027
 23.317072320254123 1.0513239617708763
 24.106205369419182 1.0503379121996037
 24.904563485924445 1.049472327007436
 25.712341565558788 1.0486646665440407
 26.529539608322214 1.0478740644816134
 27.35628754474063 1.0470925089188876
 28.19278027060293 1.0463364983261243
 29.039082751172064 1.0456356387943837
 29.895259951710987 1.045020841923008
 30.761506768008584 1.0445343100404358
 31.637888165327812 1.0442181447999321
 32.52453407419459 1.044044190367082
 33.42157442513483 1.0439254515997487
 34.329139148674464 1.0437671668973445
 35.24729321007644 1.0434802523777968
 36.17623150512964 1.043013137843626
 37.116018999097015 1.0422615113706815
 38.066850587767455 1.0411499227903043
 39.02879123640391 1.039730794366426
 40.00197087553231 1.0382124441469522
 40.98651943567856 1.0368573304520898
 41.98263181263154 1.0358371588115955
 42.990437936917175 1.0351593850423666
 44.01000277379841 1.0346723384738747
 45.04145625380119 1.034168938335446
 46.084993272714364 1.0335293420061635
 47.14074376106387 1.032750477776548
 48.20883764937561 1.0318555101158302
 49.28940486817552 1.0308680374322343
 50.38264031325246 1.0298360772529171
 51.4886089498694 1.0287278885623587
 52.60750567381522 1.027402743991707
 53.73952538087878 1.0257111487109392
 54.88473303632307 1.0236228027438536
 56.043323535936935 1.0212429560708565
 57.21542681024632 1.018698981570079
 58.401237755040086 1.0160703765792505
 59.60088630084415 1.0133761865059219
 60.8145673434474 1.0106068604638212
 62.04234584811279 1.0077325642789574
 63.28448167589215 1.0047219588116203
 64.54116972257437 1.0016047990329604
 65.81240998815944 0.9985472003081872
 67.09872219475105 0.9957831020055271
 68.39997641182326 0.9933974320311432
 69.71617263937608 0.9913171659874767
 71.0479605300391 0.989504380783341
 72.39469043118274 0.9880187577376998
 73.75766164806616 0.9868789351253672
 75.1362245280598 0.9860320579185468
 76.53102872379321 0.9854532356743776
 77.94207423526642 0.985194907308373
 79.37001071510902 0.9852708503961708
 80.81418851069141 0.9854817823099884
 82.27460762201359 0.9854973984020566
 83.75256735433474 0.9849962046039346
 85.24806770765488 0.9837385592595482
 86.7604590293444 0.9817067035131439
 88.29039097203291 0.9791694365795173
 89.83851318834996 0.9764279791635552
 91.404176025666 0.973483377829519
 92.98867878924021 0.9701330016908417
 94.59137182644298 0.966424406525107
 96.21225513727431 0.9627573209227778
 97.85197837436381 0.9594589528502693
 99.51119119034107 0.9561677648773431
 101.18924393257647 0.95257981050229
 102.88743590632922 0.9489426379262591
 104.60511745896973 0.9460295202773887
 106.34228859049799 0.9444870652624029
 108.09959895354359 0.9441900452747914
 109.8776982007361 0.944336967588834
 111.67658633207559 0.9443049115288801
 113.4956136949324 0.9438976903245003
 115.33672924719534 0.9428292901920802
 117.1979840309756 0.9407237055008167
 119.08197665679157 0.9376164453913419
 120.9867581667545 0.9338980687163096
 122.91427751875312 0.929887068902291
 124.86388506015788 0.9258882620345918
 126.83623044359834 0.9223307679758799
 128.8313136690745 0.9194741722422658
 130.8491347365864 0.9172757996926361
 132.89099295139314 0.9153819779759842
 134.95558900823565 0.9132560841549251
 137.0448718650026 0.9104837049326993
 139.15754221643488 0.9068211865733721
 141.2955490204212 0.902499772447619
 143.45759297170244 0.8985632117304283
 145.64432372290818 0.8959892662446947
 147.85704057929757 0.894696967559503
 150.09509388824105 0.893840105051597
 152.3584836497386 0.8925366214238405
 154.6485091690494 0.8904490182611984
 156.96452079354387 0.8881243227908165
 159.30781782848118 0.8865059276252951
 161.67775062123178 0.8861535904815324
 164.0749688244252 0.8870176500674514
 166.4994724380615 0.8883773526794307
 168.95256076739986 0.8892621290391225
 171.43293450718102 0.8895639956854292
 173.94254261529383 0.8899006812217102
 176.48138509173828 0.8901383227412014
 179.04881228388476 0.8894966110648318
 181.64547384436284 0.8876684904532932
 184.27266907843176 0.8849770981069189
 186.92974833346187 0.8821613185336815
 189.61736126208282 0.8797012544511194
 192.33550786429458 0.8773133649452645
 195.0854874453563 0.8748271481177151
 197.86665035263846 0.8724701844516692
 200.6796462387706 0.8700454239289348
 203.52447510375274 0.8670015457676397
 206.40243625284404 0.8632278505516592
 209.31352968604455 0.8595261551465496
 212.2571057507246 0.8568602383915739
 215.23511340477307 0.8562078513401807
 218.24690299556028 0.857414082908989
 221.29312417571583 0.8589891613004076
 224.37442659786936 0.8592727057283982
 227.49081026202083 0.8575217471169477
 230.64227516817027 0.8544532319060042
 233.8301206215768 0.8515392325010214
 237.05499627487012 0.8496157530248173
 240.31560282279094 0.8484212891138649
 243.61388922322809 0.8471303616168305
 246.94985547618157 0.8453011905251777
 250.32350158165136 0.843246820325039
 253.73547719226704 0.8412600538608404
 257.1864319606583 0.8389394905805712
 260.67701553945454 0.8365761371775131
 264.2065782760264 0.8358160740900101
 267.7764194756329 0.837428631296792
 271.3871887909036 0.8405565686456602
 275.0388862218387 0.8430963839175347
 278.731511768438 0.8429500731185745
 282.4670143885904 0.841161756910096
 286.24409477703665 0.8408059239270069
 290.06405223903596 0.842842564621502
 293.9268867745883 0.8454639837246765
 297.8338976889529 0.846647036849594
 301.7850849821298 0.8459074625871484
 305.78109830674845 0.8444129467194076
 309.82258731543845 0.8437282156928755
 313.90890235557043 0.842841172558404
 318.04199238503287 0.8397482172751379
 322.2212077511964 0.8361295469671283
 326.44784775932015 0.835152136045836
 330.72191240940407 0.8366535383485152
 335.0440513540778 0.8384024009250967
 339.41491424597086 0.8390966832533746
 343.8351507377129 0.838740879847416
 348.304760829304 0.8382540423263779
 352.8250438260031 0.8372687699041139
 357.3959997278104 0.8346650840389501
 362.01762853472593 0.8324860270571722
 366.6918792046384 0.831874465952646
 371.41810208491813 0.8283734826716436
 376.19759648082436 0.8205818895581213
 381.0303623923572 0.8148482614551215
 385.91704947214606 0.8153325684003617
 390.85830737282066 0.8181733706133545
 395.8547857470106 0.8186176104036628
 400.90713424734537 0.8159122586574523
 406.01600252645466 0.8123791222831716
 411.182040236968 0.8096459484472406
 416.40524737888546 0.8079839199862027
 421.68627360483646 0.8063951063836416
 427.0264182200804 0.8056016721435003
 432.4263308772468 0.8052486544525918
 437.885361923706 0.8035980788106218
 443.4054603173468 0.7995825788932951
 448.9872757107989 0.795718528739849
 454.6301584514325 0.7936782975615767
 460.3360574971366 0.7896954807658613
 466.10497284791103 0.7838392806855514
 471.93755415638554 0.7796162726994712
 477.8344510751895 0.7762346343803856
 483.7963132569527 0.7725788004554541
 489.8244400069343 0.7694059965684763
 495.9188313251342 0.7660671089263985
 502.08013686418207 0.762521374108087
 508.30965592933705 0.7609390387477997
 514.6073885205991 0.7606786570766967
 520.9739842905981 0.7585230026145152
 527.4107425445928 0.7561977385273659
 533.918312935213 0.757021656918399
 540.4966954624588 0.7581948274523048
 547.1471894315891 0.7563721337457845
 553.8704444952339 0.7527908004969668
 560.6671103060223 0.7492636149373009
 567.538486169214 0.7445401585235942
 574.4839224321792 0.7376927467689438
 581.5053680528064 0.7322461574355257
 588.6034726837255 0.7305075334028365
 595.7782363249364 0.7309896716483818
 603.0316079343279 0.7333605098718651
 610.3629378592705 0.7368102126146572
 617.7741750576528 0.7399799917082726
 625.2659691821045 0.7410619704040037
 632.8383202326256 0.7377043937422662
 640.4925275144752 0.7338818376295556
 648.229240680283 0.73377201137169
 656.0517079931969 0.7344821522453973
 663.9514839690322 0.7348135150935393
 671.9422113130103 0.736630953068077
 680.0173934988354 0.739689970617517
 688.1835270528032 0.7420534596575885
 696.4276189223222 0.7421651174332643
 704.7691586862799 0.7416780944472962
 713.1951532920845 0.7400990905383993
 721.7120992660318 0.734378055271569
 730.3199966081222 0.7253406929047008
 739.0188453183553 0.7108753932789789
 747.8086453967312 0.6927973890415468
 756.6958933695458 0.6799893725466193
 765.6805892367994 0.6739723084286097
 774.7497399458998 0.6725836364567166
 783.9228350757348 0.6771248206251331
 793.1933781000087 0.6821852598579988
 802.5613690187212 0.6804900492962389
 812.0203113055767 0.6753897462528945
 821.5896945394626 0.6738074277576377
 831.2500291414916 0.6794492319273868
 841.0208046905509 0.697242184580217
 850.8890281340492 0.7343020682176088
 860.861195998282 0.8203441526177302
 870.9373082832495 1.034975628708379
 881.1173649889519 1.5585497527804635
 891.4078626416847 3.1418871397870958
 901.8023047151521 42.11856003276352
 1000.3416155716241 0.
 1011.8599566942852 0.
 1023.5017318165687 0.
 1035.253947885883 0.
 1047.1295979548195 0.
 1059.1286820233786 0.
 1071.2447035652642 0.
 1083.4906556330682 0.
 1095.8535451741984 0.
 1108.3463652412472 0.
 1120.9626193079184 0.
 1133.7023073742118 0.
 1146.57842249272 0.
 1159.5779716108502 0.
 1172.7074512548988 0.
 1185.9668614248658 0.
 1199.362698647047 0.
 1212.8884663951465 0.
 1226.5506611954604 0.
 1240.3492830479886 0.
 1254.2843319527308 0.
 1268.3558079096874 0.
 1282.5637109188583 0.
 1296.9080409802434 0.
 1311.4017911464348 0.
 1326.0319683648402 0.
 1340.805069161756 0.
 1355.7210935371818 0.
 1370.7800414911178 0.
 1385.9884095498599 0.
 1401.3461977134082 0.
 1416.8469094554666 0.
 1432.4970413023311 0.
 1448.3030897802976 0.
 1464.2520618367744 0.
 1480.3634470506488 0.
 1496.6177558430336 0.
 1513.0344777928162 0.
 1529.6006198474051 0.
 1546.322678533096 0.
 1563.2071503761847 0.
 1580.2475388503756 0.
 1597.4503404819643 0.
 1614.809058744655 0.
 1632.3366866910396 0.
 1650.0202312685262 0.
 1667.8726855297064 0.
 1685.887552948285 0.
 1704.064833524261 0.
 1722.4110237839311 0.
 1740.9326202535913 0.
 1759.616629880649 0.
 1778.4695491914006 0.
 1797.4913781858463 0.
 1816.6886133902815 0.
 1836.0612548047063 0.
 1855.6028059028254 0.
 1875.3262597372297 0.
 1895.2186232553283 0.
 1915.2928895097127 0.
 1935.5425619740863 0.
 1955.96764064845 0.
 1976.5811185853954 0.
 1997.3700027323302 0.
 2018.3407896155509 0.
 2039.4934792350573 0.
 2060.8280715908495 0.
 2082.351063209223 0.
 2104.055957563882 0.
 2125.949251181123 0.
 2148.030944060946 0.
 2170.2945396770538 0.
 2192.75303108204 0.
 2215.399921749607 0.
 2238.2352116797556 0.
 2261.265397398782 0.
 2284.48398238039 0.
 2307.89096662458 0.
 2331.4993431839425 0.
 2355.302615532183 0.
 2379.2942871430055 0.
 2403.4873510690013 0.
 2427.8753107838743 0.
 2452.458166287625 0.
 2477.242414106549 0.
 2502.2215577143506 0.
 2527.402093637326 0.
 2552.777525349178 0.
 2578.3608459025 0.
 2604.1390622446993 0.
 2630.125167428368 0.
 2656.3126649272103 0.
 2682.6950582149298 0.
 2709.285340344119 0.
 2736.0835113147773 0.
 2763.083074600609 0.
 2790.2840302016143 0.
 2817.692874644089 0.
 2845.3096079280326 0.
 2873.12773352715 0.
 2901.153747967737 0.
 2929.387651249793 0.
 2957.8229468470226 0.
 2986.4726278120174 0.
 3015.3237010921857 0.
 3044.389159740119 0.
 3073.656010703226 0.
 3103.130750507802 0.
 3132.819875680144 0.
 3162.710393167659 0.
 3192.815296022939 0.
 3223.1280877196887 0.
 3253.6487682579072 0.
 3284.3773376375957 0.
 3315.3137958587536 0.
 3346.4581429213804 0.
 3377.816875351773 0.
 3409.3770000973386 0.
 3441.1515102106696 0.
 3473.1274126391736 0.
 3505.317700435444 0.
 3537.709380546886 0.
 3570.315446026095 0.
 3603.1229038204765 0.
 3636.144746982624 0.
 3702.799106778734 0.
 3736.431623412697 0.
 3770.278525414426 0.
 3804.320323205032 0.
 3838.576506363403 0.
 3873.027585310652 0.
 3907.6865530993705 0.
 3942.553409729558 0.
 3977.615162148623 0.
 4012.8783068828616 0.
 4048.3428439322734 0.
 4084.0087732968586 0.
 4119.876094976617 0.
 4155.938312445253 0.
 4192.201922229063 0.
 4228.653931275455 0.
 4265.3073326370195 0.
 4302.155629787462 0.
 4339.198822726781 0.
 4376.430414928683 0.
 4413.856902919461 0.
 4451.471790172823 0.
 4489.275076688764 0.
 4527.266762467289 0.
 4565.446847508393 0.
 4603.81533181208 0.
 4642.365718852053 0.
 4681.091512102015 0.
 4720.005704614559 0.
 4759.101799863389 0.
 4798.373301322208 0.
 4837.820208991016 0.
 4877.4425228698165 0.
 4917.246739484901 0.
 4957.2133692573825 0.
 4997.355405239856 0.
 5037.666350906022 0.
 5078.139709729586 0.
 5118.781978236843 0.
 5159.586659901499 0.
 5200.560251249849 0.
 5241.683262703005 0.
 5282.968687313559 0.
 5324.410028555215 0.
 5366.007286427972 0.
 5407.753964405536 0.
 5449.650062487906 0.
 5491.695580675081 0.
 5533.884022440768 0.
 5576.215387784965 0.
 5618.6896767076705 0.
 5661.306889208888 0.
 5704.054032236023 0.
 5746.944098841668 0.
 5789.957599446936 0.
 5833.107527104418 0.
 5876.380888761521 0.
 5919.777684418249 0.
 5963.297914074598 0.
 6006.935081204273 0.
 6050.695682333572 0.
 6094.566724409901 0.
 6138.554703959556 0.
 6182.646627929946 0.
 6226.848992847366 0.
 6271.155302185522 0.
 6315.559059418116 0.
 6360.066761071444 0.
 6404.665414092915 0.
 6449.361515008825 0.
 6494.148567292879 0.
 6539.013577892483 0.
 6583.96953986023 0.
 6628.990467090935 0.
 6674.14132484756 0.
 6719.357147867144 0.
 6764.572970886728 0.
 6809.91872443223 0.
 6855.32944324069 0.
 6900.805127312111 0.
 6946.34577664649 0.
 6991.88642598087 0.
 7037.557005841168 0.
 7083.227585701465 0.
 7129.028096087681 0.
 7174.763641210939 0.
 7220.629116860113 0.
 7266.494592509289 0.
 7312.425033421424 0.
 7358.355474333558 0.
 7404.285915245692 0.
 7450.281321420787 0.
 7496.3416928588385 0.
 7542.402064296892 0.
 7588.397470471986 0.
 7634.522807172998 0.
 7680.583178611051 0.
