 0.2558821659990199 0.9998592261563545
 0.7706547811669504 0.9989775232901771
 1.2914839698725455 0.9962746365009142
 1.8184432937377204 0.9905725743345889
 2.351590827727145 0.9808509654222654
 2.891016910674749 0.9664296591562364
 3.4367860703190556 0.9470459109027223
 3.9889692871724374 0.9227851258485229
 4.547643994521122 0.8940516058220952
 5.112887625651336 0.8614757153710901
 5.6847840666231555 0.8258413405829509
 6.263391392401252 0.7879791493823192
 6.848780583498001 0.7486537294099108
 7.4410806953904425 0.7086332921465219
 8.040349803043249 0.6686230491354433
 8.646652434194943 0.6291762414496367
 9.260053116584043 0.5906836079395341
 9.880745433426116 0.5535619744672674
 10.508664856982644 0.5180871911217992
 11.143940442730665 0.4843465521270539
 11.786701246147226 0.45247294906714064
 12.437011794970848 0.42251272639286735
 13.095001144678577 0.39448492082545616
 13.76066929527041 0.3683522253440967
 14.434145302223392 0.34402110453543827
 15.115558221014567 0.32143602390882375
 15.804972579382454 0.30052257013898503
 16.50245290506558 0.28116737643893586
 17.208128253540988 0.26325811003923977
 17.922127680285715 0.24671928909967109
 18.64445118529977 0.2314412637248895
 19.375292351798713 0.21733026661221616
 20.114651179782545 0.20428678299016156
 20.862785780205357 0.1922321445353517
 21.619631625328623 0.18109769457212427
 22.38531777062939 0.17077630508051259
 23.160037799323216 0.16121100848084643
 23.94385623914863 0.1523556701484347
 24.736837617844156 0.14414384250616954
 25.539175518625353 0.13653312002615803
 26.35086994149223 0.1294831072297868
 27.17204994192182 0.12293472304358356
 28.0029091031297 0.11685249894798308
 28.843511952854378 0.11120750688243793
 29.693923018834386 0.10595745728890904
 30.554335884285287 0.10107246679366984
 31.424815076945606 0.09652651407815253
 32.30548965229238 0.09228440929115247
 33.196488665802654 0.088315548536085
 34.09794117295348 0.08459786656406407
 35.009911701483375 0.08111094069578015
 35.9325938346079 0.07784237569739237
 36.86605210006558 0.07478029301749653
 37.81048008107199 0.0719123116058644
 38.765942305365634 0.06922871991053452
 39.73256782842357 0.06671433179781462
 40.71048570572284 0.06435413831645757
 41.699889520479 0.06213760079882033
 42.700908328169106 0.060061205921902325
 43.71360665653167 0.058116017912422595
 44.73811356104374 0.05628533239121825
 45.77462262492088 0.05455472854347565
 46.82326290364014 0.05291645709431578
 47.88416345267856 0.051366723569429534
 48.95745332751318 0.04989932562002482
 50.04332611135957 0.04850617289594388
 51.14184633195625 0.04717523070369692
 52.2532075725188 0.045895614513022556
 53.37760341626275 0.04466670501618125
 54.51509839092666 0.04348677867751088
 55.665886079726064 0.04235294764223612
 56.83009553813803 0.04126402229992523
 58.007920349378125 0.04022153988334747
 59.19948956892337 0.03922852010823172
 60.404996779989354 0.038286296365795676
 61.62450651031458 0.03739331189382469
 62.85827687085314 0.03654988259127454
 64.10650144482061 0.03576204508628018
 65.36918023221698 0.03502134273173055
 66.64682945495043 0.03432174862415844
 67.93932005754392 0.033663835538154614
 69.24665203999744 0.033033114248402946
 70.56947067969622 0.032433864122951975
 71.90713069925503 0.03185407362416879
 73.26092265344431 0.03128842340061912
 74.63020126487886 0.030741426982550165
 76.01561181094387 0.030207315229459415
 77.41715429163935 0.02968697980147216
 78.83547398435053 0.02918254778623629
 80.26992561169217 0.02869600402414935
 81.72050917366428 0.028209472915808644
 83.18851522503732 0.027727147439647673
 84.67394376581126 0.027269442173749034
 86.1761495186009 0.0268313365713484
 87.69577776079146 0.026401532897531287
 89.23347376976812 0.025990422568919137
 90.7885922681457 0.025592299232211922
 92.36242381069464 0.025208129325678702
 93.95432312002971 0.02484991783960503
 95.56429019615089 0.024508499378602146
 97.19297031644344 0.0241799106642242
 98.84100875829256 0.023877058516330676
 100.507760244313 0.02359522536582656
 102.19451532927525 0.02332667089472937
 103.90062873579406 0.023072707129199673
 105.62610046386945 0.02282175871128892
 107.37157579088661 0.022573149055932218
 109.13769999423077 0.022335729654333964
 110.92447307390195 0.022116263494339913
 112.73124975251493 0.0219016159495155
 114.55996586222534 0.02170397771842174
 116.40868557087751 0.02152364208185334
 118.27998998801236 0.021359710544983448
 120.17194328147423 0.021212460924806307
 122.08648128341875 0.02106834092975106
 124.02295871646072 0.020928411822851555
 125.98202085798535 0.020783754721625185
 127.96366770799263 0.020633920664069702
 129.9678992664826 0.020475709761126018
 131.99600608822564 0.020324540867226168
 134.04669761845133 0.02018215641315467
 136.12190968931537 0.020045720495486377
 138.2203517460473 0.019906478388834362
 140.34395962080274 0.01975683354440038
 142.49144275881127 0.01960508474901882
 144.66344643745816 0.0194475842451018
 146.86126121151378 0.019297169714191365
 149.08424180359293 0.019163403875675406
 151.33238821369562 0.019036627187647943
 153.60699099659232 0.018914688338318976
 155.90740487489776 0.018796342025117024
 158.23492040338238 0.018682228940711865
 160.588892304661 0.018570552575881402
 162.96996585611876 0.01845242141519621
 165.37814105775576 0.018324156343987742
 167.8147084643424 0.01819016315415773
 170.2783775211082 0.01804348497261192
 172.77108406020886 0.017874804590047054
 175.2928280816444 0.01769494906620738
 177.84296430802956 0.01751228478526335
 180.42213801674956 0.017334781467659967
 183.03163976257486 0.017174611078510815
 185.6708242681202 0.01703024278671817
 188.34033681077088 0.016889291967413164
 191.04017739052682 0.016743047178244135
 193.77163656215848 0.016595988286405898
 196.53406904828066 0.016458303318023643
 199.32812012627855 0.016333982961051288
 202.15378979615218 0.01622161497176683
 205.01236861267196 0.016119543416281006
 207.90385657583792 0.016030038878531366
 210.82760840826484 0.01594195731609342
 213.78555994210836 0.015849841648589234
 216.77706589998326 0.015753954443175774
 219.80277155927473 0.015652095846759622
 222.86332219736806 0.01554903104335989
 225.9587178142632 0.015443920387329618
 229.08895840996016 0.01533175617594968
 232.25533453922935 0.015223717896413212
 235.45849147945606 0.015147164688458982
 238.69713867586978 0.01510409944725176
 241.97321196062623 0.015071625455411769
 245.28671133372535 0.015032561459766693
 248.63763679516717 0.014978657995143703
 252.0266336223369 0.014909984396590116
 255.4543470926198 0.014827258791287188
 258.921422483401 0.014729322013817376
 262.4272145172954 0.014615267946044577
 265.97301374907335 0.014494039922968351
 269.55946545612005 0.014381298869377888
 273.18656963843557 0.01428282905720677
 276.8543262960199 0.014196144979371252
 280.5646712610287 0.014124416074268531
 284.3163139786914 0.014062009919316366
 288.1105450037786 0.013997965857241886
 291.9473643362903 0.013931651111846145
 295.8280625309969 0.013868681713775633
 299.75263958789833 0.013809783831142302
 303.7217407843799 0.013736503743419243
 307.7360113978267 0.01363482836648616
 311.79480615085373 0.013506240327629121
 315.9000608756164 0.013363416094511723
 320.0511302947297 0.013223246024452007
 324.249304962964 0.013103123302311325
 328.4945848803192 0.013007166088869952
 332.7876153241807 0.012917345591458164
 337.12904157193356 0.01281908075850914
 341.51950890096305 0.012711539570826299
 345.9590173112692 0.012594712052738452
 350.4488573576224 0.012467933078998903
 354.9890290400227 0.012333252696079558
 359.57953235847003 0.012197802836342196
 364.2223031451202 0.012083201416335915
 368.9166961225878 0.012004572322941357
 373.6640018456433 0.01195346528217214
 378.4642203142868 0.011900941183478859
 383.3179968059035 0.01182370008737535
 388.22597659787857 0.011734673967715431
 393.18880496759726 0.011655489328319479
 398.2071271924448 0.011584679728236446
 403.2815885498063 0.011505069982445508
 408.4128343170671 0.011404180538524602
 413.6008644942272 0.01128499348531129
 418.8463243586717 0.011154186004844979
 424.1505044651712 0.011020660314111872
 429.51405009111085 0.01090065877044315
 434.9363159591054 0.010797692090884206
 440.4192379013105 0.010703346470454164
 445.96346119511145 0.010610110561727684
 451.56834056312294 0.010509337821670534
 457.23581183750065 0.010400898369262787
 462.9658750182446 0.010294832666708813
 468.75917538274007 0.010197942195137652
 474.61635820837216 0.010099395648045656
 480.5380687725261 0.009977861217118486
 486.5255976299725 0.009825522289306622
 492.5789447807111 0.009647704155589385
 498.6987555021273 0.009451894105550475
 504.8863203489915 0.009249261089560363
 511.1416393213036 0.009049404990924697
 517.465357696449 0.008853924466040197
 523.858766029198 0.008667281384656113
 530.3225095969359 0.008493705721329257
 536.8565883996627 0.008320260262559383
 543.4622929921487 0.008124610614915252
 550.1402686517791 0.00789802442545953
 556.8911606559394 0.007652419009144308
 563.7162595594 0.007402208993151916
 570.6149200847755 0.007150728641793594
 577.5890780642214 0.006895181802975262
 584.6393787751233 0.006630373590688877
 591.765822217481 0.006352510748422077
 598.9703442234502 0.0060650634614205666
 606.2522995156456 0.005774892114070885
 613.613623926223 0.005482298020865803
 621.0549627325676 0.005180672396636254
 628.5763159346792 0.004873455758365024
 636.1789740873285 0.004571892024870265
 643.8635824679005 0.004271886894691735
 651.6333674633215 0.003972560972321158
 659.4799404675834 0.0036818889056236745
 667.4168523057762 0.0034027456783311183
 675.4376502040473 0.003123976432780439
 683.548786936249 0.0028415247504135223
 691.7373569546771 0.0025672495443410845
 700.022718580888 0.0023127720363689676
 708.3919662671773 0.002078363983612261
 716.8515527873972 0.0018594332079437076
 725.4014781415478 0.0016572872121281689
 734.0417423296291 0.001471500293801332
 742.7723453516411 0.0012999810834320343
 751.5997399814358 0.001144268953236484
 760.5239262190134 0.001006687413246297
 769.5319985166694 0.0008832854659106173
 778.6433151959606 0.0007726507301310646
 787.8514234830344 0.0006747877594526169
 797.1563233778912 0.0005858503323191959
 806.5515621066787 0.0005025119698479225
 816.0564979909533 0.00042530109299268284
 825.6517727091586 0.00035391620020902727
 835.356744582851 0.00028771535905849075
 845.1585080643264 0.00022827747075644734
 855.0635159274366 0.00017778664968191594
 865.0717681721819 0.0001365407881772151
 875.1832647985625 0.00010228327299198894
 885.4044585804301 0.00007247974086087246
 895.7288967439326 0.00004608472813663863
 906.1630320629225 0.00002310397753857741
 916.7068645373996 0.000003993586632399557
 927.3539413935118 -0.000009635191958438313
 938.1171681789633 -0.00001771835984728176
 948.9836393460498 -0.000021268558911032433
 959.972713216328 -0.000020849939604388784
 971.0650314682412 -0.000017725254548956675
 982.2799524233458 -0.000013111516761463716
 993.6045705339378 -0.000006656668270696877
 1005.0453385738691 0.00000440917313620626
 1016.6087093169921 0.00002235309264487198
 1028.2817772156022 0.00004471210541548909
 1040.077447817404 0.00006611991220454055
 1051.9957211223975 0.00008130035266581076
 1064.0301443567303 0.0000876073618056829
 1076.1936230681067 0.00008551132720752856
 1088.4732517088228 0.00007686075280642056
 1100.8819358265825 0.00006388383373422176
 1113.4132226475338 0.00004886479275531726
 1126.0671121716766 0.000034021482810424316
 1138.8565099467157 0.0000205627308647052
 1151.768510424946 0.0000051509509501111846
 1164.8095663802203 -0.000019613282113884716
 1177.9796778125383 -0.00005277500392261839
 1191.2852974957525 -0.00008114383040195643
 1204.7199726560102 -0.00009399055144707877
 1218.290156067164 -0.00009231541163915798
 1231.995847729214 -0.00008390363746305707
 1245.8370476421594 -0.0000743964110814814
 1259.8137558060012 -0.00006243753789995117
 1273.925972220739 -0.00004284913348887835
 1288.1736968863727 -0.000015977208838569376
 1302.5698353506066 0.000010946606742027871
 1317.1014820657365 0.000032348768113035744
 1331.7750898056145 0.00004648272779514777
 1346.590658570241 0.00005059859151943308
 1361.5481883596153 0.000042175016834860534
 1376.6541319475903 0.000024396486742384684
 1391.9084893341653 0.0000073129030955171846
 1407.3048077454887 0.000004115643136141436
 1422.8495399554124 0.00002054898050678742
 1438.5491387377886 0.00004813093426463403
 1454.390698544913 0.0000678642577037365
 1470.393577698342 0.00006418054169847892
 1486.5384178765191 0.00004168542891173427
 1502.8445774010013 0.000016163869540388756
 1519.2991507240836 -0.000007887124592971375
 1535.9085906196185 -0.00002685092899315754
 1552.6793498614581 -0.000021989076626760122
 1569.6049756757502 0.000012404069025963371
 1586.691920836347 0.000050851498871577496
 1603.9337325693966 0.00007422784041862364
 1621.343316422603 0.00008711324184007491
 1638.9077668482619 0.00009285747547279087
 1656.6399893940775 0.00009155477623227653
 1674.533531286198 0.00008241619743551565
 1692.588392524623 0.00005806646062524697
 1710.8110258832053 0.000016612432922336963
 1729.2078841357968 -0.00003653688774085198
 1747.7660617346928 -0.00009028501076452051
 1766.4920114537454 -0.00011671746416775989
 1785.3857332929556 -0.0000942225175684786
 1804.4536800261744 -0.00003818271386604185
 1823.6958516534023 0.000026321454687377895
 1843.1057954007874 0.00008897665501473039
 1862.6964168160334 0.00013309577278840937
 1882.454810351437 0.00014319000360976715
 1902.3938815547015 0.0001310297377063068
 1922.5071776519749 0.00011218761493523935
 1942.7946986432576 0.00009134579568657651
 1963.2693500762539 0.00008111573752309533
 1983.918226403259 0.00008990985199950566
 2004.7477803981258 0.00010260008463451284
 2025.7580120608534 0.00010707977667111858
 2046.9489213914428 0.00010953435188317563
 2068.3269611637456 0.00010592065676988795
 2089.885678603909 0.00008830049239816765
 2111.6315264857867 0.00005601959972011961
 2133.564504809378 0.000009610685017329562
 2155.6781608008296 -0.000026855594273771234
 2177.985400007848 -0.0000253176054447115
 2200.4797696565793 -0.0000023115439835748527
 2223.161269747024 0.00001436619723450885
 2246.036353053035 0.00002578189421205481
 2269.0985668007584 0.00003792089783732269
 2292.3479109901964 0.000051143653984368383
 2315.7972911690513 0.00006434316114038291
 2339.4402545634725 0.00007075526701773374
 2363.270348399607 0.00006404448767898821
 2387.3004782251596 0.00004777921784602148
 2411.5241912662777 0.000031237605869126956
 2435.9414875229613 0.00002167460175779968
 2460.558819769063 0.00002087477013506646
 2485.36973523073 0.000022953363865632657
 2510.3806866818154 0.000025867923733213108
 2535.5852213484663 0.000032819512154070176
 2560.996244778387 0.000037772905783705124
 2586.600851423874 0.000032528356379821796
 2612.4119468326303 0.00001896061014876847
 2638.423078230805 0.0000037236256531241297
 2664.6277928445447 -0.000005779249241194406
 2691.0389962215554 -0.000007017424234228355
 2717.656688361835 -0.00000570008161801862
 2744.4744164915332 -0.000003633728500389148
 2771.4921806106495 0.0000022985188713065277
 2798.7164334930358 0.000011041232848505646
 2826.147175138691 0.00001864865706246752
 2853.7779527737653 0.000022961091257243284
 2881.61521917211 0.000024459162098129235
 2909.6589743337236 0.00002461413145141538
 2937.9027654847555 0.00002435316876930069
 2966.3594981729093 0.000024095350176425592
 2995.0162668504818 0.000023882126185705324
 3023.8859770651757 0.00002367161379609994
 3052.9557232692882 0.000023506681768628103
 3082.23195823667 0.000023338903919094566
 3111.7211347411744 0.000023215159031518525
 3141.410347235097 0.000023093427638475545
 3171.312501266141 0.000022932012778423817
 3201.421144060456 0.00002281362258715316
 3231.7362756180405 0.000022735177392254276
 3262.257895938895 0.000022657788052598665
 3292.9860050230204 0.000022581433431171934
 3323.9206028704148 0.00002250376542608105
 3355.068142254932 0.000022429434352794473
 3386.4157176288672 0.000022356108793192365
 3417.976234539924 0.00002228370786619211
 3449.736787440399 0.000022212274602278948
 3481.7102818779967 0.00002214173144174055
 3513.8838123050114 0.000022108012621604217
 3546.2702842691488 0.000022110587919468968
 3578.856792222704 0.000022042274546961405
 3611.6562417133814 0.00002197435291613253
 3644.6557271934767 0.000021979875970702012
 3677.861701436842 0.000021950528356041086
 3711.267711669625 0.000021919231952425377
 3744.886663439531 0.0000218905914865483
 3778.699198425002 0.000021862125804507164
 3812.7246749475953 0.000021868127559678736
 3846.943734685754 0.00002184237784291487
 3881.3692831871836 0.00002184620914006057
 3916.001320451883 0.0000218544299163044
 3950.826940932148 0.000021831021999433398
 3985.8525974018303 0.000021839055806738007
 4021.078289860931 0.000021879810787557893
 4056.5040183094493 0.00002188765797892406
 4092.1297827473854 0.000021864585301934855
 4127.949130400887 0.000021906491743050393
 4163.968514043807 0.000021950065997218214
 4200.17502812844 0.000021961094557230798
 4236.581578202492 0.000022001807175633673
 4273.181711492109 0.000022044188607125592
 4309.975427997291 0.000022056461561285364
 4346.9562749441875 0.000022131152405223887
 4384.130705106649 0.000022174284234312093
 4421.4922657108245 0.000022218422393869437
 4459.040956756713 0.00002229338777832843
 4496.776778244315 0.000022336660307132063
 4534.699730173631 0.000022410151072968606
 4572.80981254466 0.000022515165050043854
 4611.10057258355 0.000022592917471501823
 4649.56555751645 0.0000226377109387503
 4688.217672891064 0.000022740187771054496
 4727.050465933537 0.000022845612750155532
 4766.05748387002 0.00002292218490130195
 4805.238726700512 0.000023027615753246035
 4844.594194425015 0.000023159753821181335
 4884.130339817378 0.00002326520599564582
 4923.8278045560455 0.000023371545594717663
 4963.699494188722 0.000023504237390102314
 5003.738955941556 0.000023639599669396657
 5043.939737040694 0.0000238026636352292
 5084.30829025999 0.000023935826112012884
 5124.838162825589 0.00002406768994883203
 5165.535807511346 0.000024259424004102742
 5206.381865995704 0.00002442328808096998
 5247.389243826366 0.00002458386870768905
 5288.551488229481 0.000024773387809469523
 5329.868599205048 0.000024963429320266134
 5371.334123979215 0.000025154044431732446
 5412.948062551984 0.000025371134951464562
 5454.710414923351 0.000025588754165362396
 5496.614728319468 0.000025806763901777853
 5538.661002740332 0.000026023398027207857
 5580.849238185945 0.00002626594266325045
 5623.179434656306 0.000026565803942025596
 5665.63868660371 0.0000268091953387744
 5708.239899575863 0.000027080101566951482
 5750.963715251208 0.000027378786054501235
 5793.823039177448 0.000027675491132291406
 5836.804965806879 0.00002800174965730587
 5879.909495139503 0.000028299195802691102
 5923.136627175319 0.000028650719423177313
 5966.479909140473 0.00002902720261271078
 6009.945793808819 0.000029403711460049314
 6053.521375632653 0.000029780488337860153
 6097.213107385825 0.000030184006280311907
 6141.008083520633 0.000030614377139163495
 6184.912756810928 0.00003104258846409427
 6228.920674482858 0.0000315261065090154
 6273.0253837625705 0.000032033802658148886
 6317.233337423918 0.00003254156431085705
 6361.531629919197 0.000033049523314233054
 6405.926714022258 0.00003360757932484317
 6450.41213695925 0.00003422299369564965
 6494.974993182469 0.000034862179143860986
 6539.628188239618 0.000035530168375774884
 6584.345911035288 0.00003618013024406761
 6629.192689308003 0.00003687872719377617
 6674.103995319239 0.00003770608978792038
 6719.015301330476 0.00003853103146488656
 6764.055662818757 0.000039376725241301825
 6809.160552045558 0.000040298803779686194
 6854.329969010882 0.000041269613442121834
 6899.563913714728 0.00004234513526581216
 6944.797858418574 0.000043439798983651316
 6990.1608585994645 0.00004463359520772733
 7035.523858780353 0.00004590040725271867
 7081.015914438287 0.0000472736946804593
 7126.4434423576995 0.00004879884250592295
 7172.000025754154 0.000050387978083281146
 7217.55660915061 0.00005216198874557702
 7263.177720285588 0.00005408648133968321
 7308.798831420565 0.00005625233240696973
 7354.419942555542 0.000058606968311063955
 7400.105581429042 0.00006116845410363884
 7445.855748041062 0.00006414705880376033
 7491.605914653083 0.00006757333484096047
 7537.291553526582 0.00007143933831938952
 7583.1062478771255 0.00007600922939748271
 7628.856414489147 0.0000811112572787879
