 0. 0.
 0.26192572442822415 0.2619257244282241
 0.7888565076551727 0.7887128697282292
 1.321986911731867 1.3208636472496085
 1.8613922356969679 1.8570151037352534
 2.4071319261599453 2.395085191090153
 2.9592984556244164 2.9324133378971577
 3.517957875878681 3.465978755391297
 4.083182843889868 3.9926398178067277
 4.655052621803937 4.509351641648556
 5.233646471766845 5.0133382233486445
 5.819050261103382 5.5022109826116985
 6.411323436423018 5.974034619829759
 7.01053865469288 6.427350733913609
 7.616828019489567 6.861163742431744
 8.230250977422546 7.274905000674199
 8.85087358028012 7.668378071870159
 9.478761879850586 8.041700818082113
 10.11411403149884 8.395243630492947
 10.756863983436586 8.729574699623567
 11.407143839240419 9.045410281630211
 12.065085702486938 9.343570414870582
 12.730755624964441 9.624942130589538
 13.404285710249528 9.890447659684513
 14.0856759583422 10.141018543928778
 14.775058472819051 10.377576560030702
 15.47256535725668 10.601016914638322
 16.17826266344339 10.812198479274436
 16.892216443167474 11.01193743168969
 17.61455880000554 11.20100362235005
 18.34542183753417 11.380120120247746
 19.08480555575338 11.549964348373916
 19.832908110028058 11.711168310813163
 20.589729500358207 11.864321544972462
 21.355533933897025 12.009972484148369
 22.130255358856207 12.148632318134062
 22.914025878812357 12.28077930801548
 23.707043649130366 12.406862419683842
 24.509374721598537 12.527303821875496
 25.32108514800517 12.642498886171932
 26.14237308371516 12.752815278621648
 26.973238528728512 12.858591597172948
 27.813813586621812 12.960138507146613
 28.66429641275997 13.057742601842953
 29.52475305893128 13.1516698089598
 30.395249576924037 13.242169478294096
 31.275984122103143 13.329471656607497
 32.1670227462569 13.413785497964655
 33.068497552961894 13.495301307584002
 33.98054064579473 13.574194175350268
 34.90328412833202 13.650626473854368
 35.836794052362045 13.724746950015234
 36.781268573249704 13.796691860552512
 37.73677374278329 13.86658837840453
 38.70350771632772 13.934560270091625
 39.681536545671285 14.000732437606809
 40.670992334390576 14.065229555848546
 41.672007186062196 14.128170168162928
 42.68477925605104 14.189660781885802
 43.709440647933704 14.249791780641198
 44.74605741349849 14.308645599744501
 45.794761656322 14.366304901605622
 46.85575153176913 14.422853029918077
 47.92915914341648 14.478365380066734
 49.01511659484063 14.53290826365515
 50.11375598961819 14.586544131679824
 51.22527548311407 14.63933588932633
 52.34974112711655 14.691343035362241
 53.48735107699055 14.742617120246484
 54.63830348810093 14.793203108696547
 55.80266441223603 14.84314165063378
 56.98063200476071 14.892474985641284
 58.1723383692516 14.941246942963865
 59.377981661073576 14.989496128672096
 60.59769398380324 15.037251837960694
 61.8316734928055 15.084539959606394
 63.07998623986864 15.131392968127377
 64.34289643214586 15.177851286350469
 65.62060222500206 15.223955110007962
 66.91310361843725 15.269737367807103
 68.22092902675782 15.315221450484765
 69.54394634638714 15.36042257337464
 70.88215557732524 15.405349366068975
 72.23621723745511 15.450008187214683
 73.60547080889376 15.494404941269616
 74.99123732740716 15.538546441069757
 76.39285627511232 15.582442678774544
 77.81098816989224 15.626110005190334
 79.2456330117469 15.66956817754148
 80.69745131855933 15.712834227917929
 82.1657825724465 15.755922917464318
 83.65062677340842 15.798848326041668
 85.15330495721109 15.841621127093019
 86.67381712385448 15.884252675345014
 88.21150275545563 15.92675727775321
 89.7670223698975 15.969155599920084
 91.3410364850631 16.0114758015677
 92.93288458306944 16.053750357214234
 94.54388769968249 16.096013331039597
 96.17338531701927 16.13829674337291
 97.82137743507975 16.18063147907062
 99.48852457174698 16.22304933136731
 101.1754872449039 16.265568922014666
 102.88160493666754 16.30819411161974
 104.60819868280386 16.350926035655203
 106.3546079654299 16.39376378574292
 108.12083278454566 16.436700549046904
 109.9075336580341 16.47972610631319
 111.71537110377821 16.52282660477528
 113.54434512177802 16.565985239437747
 115.39379519415054 16.609195424559143
 117.2657028745447 16.652463064597328
 119.15808660931157 16.695802239413318
 121.07358846998308 16.73922634758455
 123.01022690291029 16.78274969606659
 124.96998346174216 16.826386818909526
 126.9521976285957 16.87014316638215
 128.95752992135388 16.914031455778293
 130.9859803400167 16.95808143648174
 133.03754888458423 17.002316272134834
 135.11355659082236 17.046740277533697
 137.21268242296517 17.091341870857153
 139.33690793466158 17.136099705219134
 141.48491209014566 17.180984939613978
 143.65867644306633 17.225989171543976
 145.85687995765764 17.27114396714917
 148.0801831518026 17.31649292857986
 150.32990706126716 17.362061944612762
 152.60539116816832 17.407860780312795
 154.9066354725061 17.453887846018223
 157.2349610100465 17.500143595918114
 159.5897072629065 17.546632344808593
 161.97219526685208 17.593349096609934
 164.38176450400027 17.640277727610318
 166.81907549223402 17.687387125858756
 169.28412823155338 17.73464731487693
 171.7782437577243 17.782046485749134
 174.3001010349808 17.829589180366032
 176.85168161697186 17.877306510678597
 179.4329855036975 17.925246620727776
 182.0433521772747 17.97344289340988
 184.68344215558645 18.021901914466355
 187.35457647439873 18.070613918832297
 190.05609461582856 18.119555742865366
 192.78865709775897 18.16868151346995
 195.5522639201899 18.217939453092583
 198.34823611888729 18.267302083294805
 201.17591317596828 18.31678098589779
 204.03595560931575 18.36640999798691
 206.92836341892976 18.41622091279675
 209.85445764057624 18.46622372248675
 212.81423827425525 18.51642660246009
 215.80704480208374 18.566876107095975
 218.83485877771076 18.617637866714375
 221.89701968325323 18.66874617258972
 224.99418803659415 18.720200116343893
 228.1270243556166 18.771998335409688
 231.2955286403205 18.82414037559804
 234.4997008907059 18.876611702858856
 237.74086214253867 18.929388699360732
 241.01967291370195 18.982439344774555
 244.33481216842966 19.035689833377184
 247.6882614603708 19.089031386887434
 251.08002078952538 19.142439706190313
 254.51009015589338 19.196017665109142
 257.9791300773578 19.249867001994588
 261.48780107180164 19.30400770116553
 265.0367636571079 19.35842204924842
 268.62535731539356 19.413097783138486
 272.2549030824246 19.468039671820915
 275.926061476084 19.52325725326608
 279.63883249637183 19.57871964261754
 283.393216143288 19.634406855556396
 287.19119397048155 19.69035749815323
 291.03144494218645 19.746594279861306
 294.9152900941687 19.803082455217123
 298.8427294264283 19.859785916189967
 302.8150839747313 19.916692172580543
 306.8323537390776 19.97380099729432
 310.8951992373502 20.031121928301665
 315.004280987432 20.088685396269973
 319.1589384714403 20.14649094701018
 323.3611532430238 20.204469770878855
 327.61026478429966 20.262581672143718
 331.90759413103376 20.320862985929995
 336.25314128322617 20.37937230262714
 340.64756675875987 20.438140052902536
 345.0915310755178 20.49717282249763
 349.58569475138296 20.556478332626543
 354.13005778635545 20.616056583289264
 358.7259412162011 20.67588032314187
 363.37334504091996 20.73588346767534
 368.07226926051214 20.795956784419424
 372.8246954286265 20.855976733948314
 377.6299630273801 20.9158592912849
 382.4893930925388 20.975590149473618
 387.40298562410277 21.035150686762787
 392.3714011399549 21.09444961115025
 397.3953001579782 21.153349757538226
 402.4753431960557 21.211750523048725
 407.61219077207033 21.269646457412957
 412.80650340390514 21.327051186302885
 418.0589416094431 21.383917928244767
 423.3695053886841 21.440198312103128
 428.73885525951124 21.4958169424931
 434.16831225769056 21.550660045053792
 439.6585369011049 21.604669256490283
 445.2088686718714 21.657857975380004
 450.82128912363896 21.71022779138469
 456.49645877429066 21.761726699856343
 462.2337171059433 21.81232994749089
 468.03504567224604 21.862056156040023
 473.9004444731989 21.910878528348874
 479.83057402668476 21.958727800584956
 485.82609485058657 22.005438193739383
 491.8876674627874 22.050844837181383
 498.01661289905337 22.094912531258384
 504.21293115938425 22.137606303412348
 510.47728276166316 22.178801251650267
 516.8109887416559 22.218370203033807
 523.2140490993628 22.256256383929795
 529.6871243526666 22.292430726238035
 536.2315355373332 22.32687211016698
 542.8479431712459 22.35953693356635
 549.5363472544045 22.390355251320063
 556.2980688225749 22.419341143289145
 563.1337683936403 22.446600208431317
 570.0441064854836 22.47219262679776
 577.0304041338708 22.496102047582106
 584.0920008209188 22.518304171669364
 591.2308781002766 22.53880149709939
 598.4476964898273 22.557693037088452
 605.7424559895709 22.5751241321375
 613.1171381531562 22.59115496229772
 620.5710824627005 22.605775081220585
 628.1062704718524 22.61900810673752
 635.7233626984952 22.630932840651376
 643.4223591426288 22.64163648726272
 651.204580840019 22.651190354254833
 659.0706883085492 22.659685052346273
 667.0239841376339 22.66723322042528
 675.0558815947944 22.6739316007628
 683.1802515555736 22.679873983400846
 691.3904888411416 22.685175959456583
 699.6931986303282 22.68990156958824
 708.0751705654736 22.694034917178527
 716.5562201830675 22.69755851594843
 725.1231371254502 22.700498935958265
 733.7825265714514 22.702952238195387
 742.5343885210713 22.705061038026358
 751.3787229743098 22.70693615758314
 760.315529931167 22.708633007931727
 769.3514145704726 22.71017770494338
 778.4863768922269 22.71157660726502
 787.7072065387697 22.712818814359075
 797.033719046591 22.713867991100308
 806.4593092368609 22.714678718582167
 815.9839771095793 22.715232829242037
 825.6011174859165 22.715564387259825
 835.3305459023617 22.715752875722
 845.1524468224259 22.71588686149631
 855.086635782598 22.716027660106608
 865.1199024252189 22.716179813443535
 875.2588519291181 22.716291089764574
 885.5034842942958 22.716282005983267
 895.853799520752 22.7160935175211
 906.3164027873165 22.71570064397947
 916.8846889151594 22.71510565630371
 927.5652630831106 22.71433353489241
 938.3581252911702 22.713425156761474
 949.2566703605081 22.71244865027072
 960.2741086487844 22.711483498506603
 971.397229798339 22.710627352118195
 982.6458493456619 22.709986945535885
 994.000151754263 22.709689451698004
 1005.4799525606322 22.709875669214846
 1017.07204140711 22.710654603462125
 1028.7830234725259 22.712001274041235
 1040.6195039357099 22.7137430891073
 1052.5682724390022 22.71567566358087
 1064.6425393400627 22.717640031289015
 1076.8423046388914 22.7194499747149
 1089.1609631566585 22.7209533405216
 1101.6117252510232 22.722147857763783
 1114.1813805643262 22.723135718981176
 1126.8831394542276 22.724023658604164
 1139.7103967418968 22.724893430664533
 1152.6631524273341 22.725685990583774
 1165.7546168681997 22.7262446431343
 1178.9715797068332 22.726430860651142
 1192.3206461220648 22.726162889102515
 1205.8018161138941 22.725467979832352
 1219.4216948611518 22.72447330577898
 1233.1736771850074 22.723278788536796
 1247.0643682642908 22.721870802433845
 1261.0937680990023 22.720206199508908
 1275.2618766891417 22.718437133098913
 1289.5686940347089 22.716883806495012
 1304.0142201357041 22.71579148179256
 1318.5984549921275 22.715180597499508
 1333.3346089616384 22.714830871919098
 1348.2094716865772 22.71450158484663
 1363.2296483457737 22.714183652500804
 1378.3951389392284 22.713936119460126
 1393.7059434669409 22.71367723169281
 1409.168667107741 22.713438782433442
 1424.7833098616288 22.713500097957276
 1440.5432665497747 22.714226800462026
 1456.455142351008 22.71570745681545
 1472.525542444159 22.717587799546486
 1488.741256471568 22.71941591053499
 1505.1220999697243 22.721016926990767
 1521.6482574021388 22.722213715178274
 1538.3395443053007 22.72273830354889
 1555.1827503215502 22.722690613697015
 1572.1844806297177 22.722536189414758
 1589.3513404086323 22.722420371203064
 1606.6767244794646 22.72239993269512
 1624.1672380210448 22.723015358878826
 1641.8162758545425 22.72428935920746
 1659.6370483376174 22.725372600128605
 1677.6163451126101 22.72603117427353
 1695.7673765371803 22.726555762644146
 1714.0835374324981 22.72647627955769
 1732.564827798563 22.725031958329502
 1751.2178528142058 22.722767825838144
 1770.049217658256 22.720649033847742
 1789.0457119730536 22.719082081571877
 1808.2139409374286 22.718275895980668
 1827.5539045513813 22.718239560855434
 1847.072207993741 22.718895864055035
 1866.768851264508 22.720138071149087
 1886.6372291848527 22.72201387198947
 1906.6905521124345 22.724582311154688
 1926.9156096895938 22.727734383269034
 1947.3256122739908 22.730981835087128
 1967.9139546867946 22.73393179306734
 1988.6806369280057 22.736697804476037
 2009.6388693552844 22.73931393349313
 2030.77544161097 22.74118746338819
 2052.096958873893 22.742404690083642
 2073.6034211440533 22.74363327150573
 2095.294828421451 22.744848227255858
 2117.1777858849155 22.746083621513932
 2139.2456883556174 22.74778683050943
 2161.5051410123865 22.74929246726146
 2183.9561438552228 22.750777665505538
 2206.5920917052963 22.75313036486466
 2229.426194920267 22.755678365521934
 2252.4518483213046 22.75739747113473
 2275.6690519084095 22.758487524891848
 2299.0844108604115 22.759507179343824
 2322.69131999848 22.760633568226186
 2346.4897793226164 22.761830356413693
 2370.4929991904796 22.762981725694655
 2394.69437442324 22.76401954770925
 2419.0872998420673 22.764925654894856
 2443.6849858046216 22.7658431168071
 2468.480827132073 22.76679237195393
 2493.474823824421 22.76754405485728
 2518.673581060497 22.767918760836285
 2544.070493661469 22.76811860402509
 2569.6721668061687 22.768354782339138
 2595.471995315765 22.768400201245687
 2621.4831895479183 22.7681935452209
 2647.692539144969 22.767882425711054
 2674.113254464576 22.767612183217096
 2700.73873032791 22.767364650176418
 2727.5623615561412 22.767117117135736
 2754.5973585069296 22.767067156338538
 2781.8437211802743 22.76736010828576
 2809.2948443973464 22.767925573672272
 2836.950728158145 22.768620482942435
 2864.817977641501 22.769353998283165
 2892.896592847413 22.770094326459876
 2921.1799685970527 22.770836925581914
 2949.6747100692496 22.771577253758633
 2978.3808172640024 22.772317581935344
 3007.291685002483 22.77305791011205
 3036.4205236423495 22.77379823828877
 3065.754122825944 22.774540837410807
 3095.3056929109243 22.775285707478172
 3125.0620235396323 22.77603057754554
 3155.0297198908966 22.776777718558236
 3185.2153871435476 22.77752713051626
 3215.605814939926 22.778278813419607
 3246.214213637691 22.779030496322957
 3277.0339780580125 22.779786721116956
 3308.0651082008912 22.780545216856286
 3339.307604066327 22.781303712595623
 3370.7614656543196 22.782066750225606
 3402.4266929648684 22.78283205880092
 3434.3098911768047 22.783601909266885
 3466.397849932468 22.784371759732853
 3498.7037795895176 22.785146152089478
 3531.214469790294 22.785922815391427
 3563.9431308924577 22.78670402058403
 3596.876552538348 22.787485225776635
 3630.027945085625 22.788273243805225
 3663.384098176629 22.789061261833808
 3696.9582221690202 22.789856092698376
