 0. 0.
 0.27211586229200235 0.000045979862871748867
 0.8195467217809244 0.0007045716954005028
 1.3734183964173268 0.0031483958684758997
 1.9338091147252676 0.008660927266573554
 2.500780636065847 0.01840383267080701
 3.0744290305563275 0.03320828518165279
 3.6548229197090434 0.05343599487345669
 4.242037787187558 0.0789523827196717
 4.836155978806671 0.10920003680201042
 5.43725984038118 0.14332952553305806
 6.045438579877117 0.1803425126010383
 6.660753956655581 0.21921633847788874
 7.283281454380137 0.25899593424998874
 7.913158316075449 0.2988514027180672
 8.550446301102614 0.33810610357868276
 9.195214030973968 0.37624173495629026
 9.847530127201837 0.4128871146856092
 10.507600454323223 0.44779719200070683
 11.175356390825794 0.48082867153603776
 11.850935179734208 0.5119164674550061
 12.534474064073134 0.5410540874885974
 13.2260416653549 0.5682780956352529
 13.925775226604175 0.5936559097661148
 14.633674747820958 0.617274381373544
 15.349877472029908 0.6392288551621378
 16.074520642255695 0.6596153956002424
 16.807672880010646 0.67852622841621
 17.549402806807098 0.6960480611496518
 18.299847665669713 0.7122623710569376
 19.05914469962315 0.7272473244811918
 19.827293908667418 0.7410800321120411
 20.604501157339506 0.7538368368911134
 21.390766445639414 0.765591058752291
 22.186364259616475 0.7764120829209631
 22.991225977758354 0.7863652639455248
 23.805488843089716 0.7955115418233787
 24.629358720147557 0.8039072020796845
 25.462904230444206 0.8116034439091103
 26.306193995492 0.8186462842073324
 27.159433879827926 0.8250766535395354
 28.022623883452 0.8309326034159081
 28.895901249388867 0.8362516095356406
 29.779471842175536 0.8410701399286746
 30.673404283324334 0.8454218315542061
 31.577767194347594 0.8493365785999374
 32.492766439782315 0.8528406284505762
 33.41847064114082 0.855955669987088
 34.35501704144779 0.8586986416496958
 35.30254288372786 0.8610824032173785
 36.26118541100573 0.8629385696606942
 37.23101324479371 0.8648163935936491
 38.21223224962879 0.8661901346846994
 39.204911047023316 0.8672478035215058
 40.209255501514285 0.8679952541825587
 41.22533423461402 0.8684365173448522
 42.253284489347195 0.8685749039216306
 43.29324350873846 0.8684169877551334
 44.34541715732482 0.8679766842778385
 45.40994267813094 0.8672751545439619
 46.48688869266915 0.866336486646965
 47.57639244396411 0.8651776670113206
 48.67865979655282 0.863806085211517
 49.79382799345995 0.8622278832315442
 50.92203427771015 0.8604514583151389
 52.063415892328095 0.8584823766352919
 53.218178701850775 0.8563240450737482
 54.38639132779053 0.8539814539924994
 55.56825963468435 0.8514567626827924
 56.763989487069225 0.8487448848141348
 57.973649506457505 0.8458409259930351
 59.19744555738616 0.8427471894634891
 60.43551488287988 0.8394702010834867
 61.68806334747564 0.8360173984117657
 62.95522819419812 0.8323981383770612
 64.2372152875843 0.828623313404106
 65.53409324914654 0.8247040558388821
 66.84613656493413 0.8206469395236288
 68.17355109948409 0.8164517245370966
 69.51633685279641 0.8121154358557905
 70.87504279696977 0.8076403767237065
 72.24953168897947 0.8030503953130564
 73.63980352882552 0.7983956351650103
 75.04654453163127 0.7937226889862432
 76.46906848227337 0.7890469117367307
 77.90874781099846 0.7843577468814895
 79.36489630268323 0.7796264998390658
 80.83820017245101 0.7748045625642873
 82.32865942030176 0.7698463980039768
 83.83696026135885 0.7647385705681562
 85.36241648049894 0.7594933642248054
 86.905028077722 0.754123686737154
 88.46616748327472 0.7486237799952111
 90.04583469715706 0.7429659570867712
 91.64334350424572 0.7371212835091303
 93.25938011966403 0.7310946056715311
 94.89463075853529 0.7249257984856593
 96.54840920573618 0.7186559844536993
 98.22208789151334 0.712297111653882
 99.91498060074348 0.7058369920867267
 101.62708733342656 0.6992541662568248
 103.35909430468591 0.6925948266196816
 105.11168772964488 0.6858430107972434
 106.88418139318011 0.6790183068991721
 108.67794772553825 0.6721054079497418
 110.492300511596 0.6651038820907035
 112.32723975135335 0.6580278366915345
 114.1834516599336 0.6508707458942453
 116.06162245246009 0.6436167748963613
 117.96175212893282 0.6362648680443841
 119.88315447422848 0.6288231346765507
 121.827888133717 0.621294213926607
 123.79389446202842 0.6136740271333093
 125.78391831965604 0.6059683803908986
 127.79590106122991 0.5982010259030867
 129.83190133211997 0.5903796891341111
 131.89123291720293 0.5825023067612254
 133.97458203160207 0.5745731013984227
 136.0819486753174 0.5665707200544869
 138.21333284834893 0.5584639249827186
 140.37010698094326 0.5502354898373949
 142.55089864285384 0.541861086603805
 144.75776647945054 0.5333373563844545
 146.98933806048677 0.5247033583587801
 149.24767203133246 0.5159853399114905
 151.531395961741 0.5071830131370859
 153.8411960668357 0.4983062627910505
 156.1784447768632 0.489398898493564
 158.54245587670016 0.48050616939230417
 160.93322936634658 0.4716562374435508
 163.35213767604915 0.4628638769978552
 165.7984945906845 0.4541263673482468
 168.27367254049926 0.44546292618681976
 170.77698531037018 0.43693727659747206
 173.3091191154205 0.42859949014499854
 175.87007395565027 0.4204073023020669
 178.46122226130612 0.41225676958649354
 181.0811916021414 0.404035133809384
 183.73204062352605 0.3956820499780351
 186.4137693254601 0.38721330970909623
 189.12569149282027 0.3786720364479736
 191.86849334072977 0.37008760615247
 194.64354729943534 0.3614566935140659
 197.45016715381362 0.3527703446717256
 200.28903911898794 0.344065406730965
 203.1601631949583 0.3354207993876328
 206.0649118119713 0.32689051931816754
 209.0025987549037 0.3184357280706814
 211.97391023887874 0.3099782257130746
 214.9788462638965 0.3014452105413637
 218.0187792602035 0.2927355182149318
 221.09370922779985 0.2839255562928683
 224.20294995156218 0.2750042477723542
 227.3485600768605 0.2660864277068095
 230.52985338857147 0.2572502720362091
 233.7475161018183 0.24858281939148846
 237.00223443172447 0.24012754830150312
 240.2940083782899 0.23184819706858603
 243.62283794151463 0.22366208883011965
 246.99009555164523 0.21553256361916265
 250.3964674238051 0.20748941005806734
 253.84058112774753 0.19956633708240473
 257.32449530884253 0.19168149795708092
 260.84820996709004 0.18372774865044242
 264.41172510249015 0.1757562499697574
 268.0157269301661 0.16785492825458495
 271.6609016652413 0.16006386474888598
 275.34793552283895 0.15245981026041253
 279.07614228783586 0.14501955960590177
 282.84689439047855 0.1376719377474427
 286.6608780458904 0.13041694468503529
 290.5180932540714 0.12326884133775672
 294.41854001502156 0.11623608253044343
 298.36427697411085 0.10936253066595021
 302.35393170109256 0.10269634753592494
 306.3888766262134 0.09619090204629224
 310.46911174947337 0.0898233872830637
 314.5960095011191 0.08366517022115
 318.76956988115063 0.07775070835042096
 322.99047910469113 0.07206279451885415
 327.25942338686406 0.06660773385688946
 331.5757165125461 0.06142818436270861
 335.94141712710706 0.0565708299130618
 340.35583901542384 0.05201827141892692
 344.8203546077429 0.047724529892185084
 349.3349639040644 0.04367103350874605
 353.9003531195115 0.039895646160381666
 358.5172084692076 0.03637370538215893
 363.186216168276 0.0329844674463112
 367.9073762167167 0.029741243663609647
 372.6820610447764 0.026741118647553817
 377.510270652455 0.023988472880319196
 382.3920050397526 0.021439840788797876
 387.3293228520391 0.019074898643934916
 392.32153787419116 0.016909966848814174
 397.3700225364555 0.01496716806202022
 402.47477683883204 0.0132353632197759
 407.6364869964441 0.011667742726596169
 412.8558392244151 0.010256924685472846
 418.1335197378682 0.009019440150346959
 423.47021475192685 0.007962398800763654
 428.86661048171436 0.006893532506161224
 434.323393142354 0.005983336543698743
 439.8405627338458 0.005219135540682475
 445.41880547131296 0.004579585766856852
 451.05949378500236 0.0040381011166936934
 456.7633138900372 0.0035923038266565594
 462.52957957129405 0.0032295445766862044
 468.360349474143 0.002923139565321608
 474.2563098137074 0.002662064938969673
 480.21677437486375 0.0024231028945098285
 486.2438018029822 0.0021784458873321034
 492.33739209806265 0.0019506603823486114
 498.4982314752285 0.0017598539875526543
 504.72700614960297 0.0015913149238547901
 511.02440233630944 0.0014336536017090068
 517.3917924655946 0.0012757556212426024
 523.8291765374584 0.0011136197677914844
 530.337240767024 0.0009629089162628212
 536.9173575845382 0.0008271830661426623
 543.569526990001 0.0006852764127741508
 550.2944351985359 0.0005216375006784396
 557.0934546403892 0.00035356085160023466
 563.9672715306843 0.00022101965856637603
 570.9158858694213 0.00014344032596455564
 577.9406700868469 0.0001060865595520461
 585.0423103980842 0.00008789081681898337
 592.2214930182568 0.00007776387043017488
 599.4795903776111 0.00007168742332855525
 606.8159162610239 0.00006832746058358563
 614.232529313865 0.0000669250105158064
 621.7301157512579 0.00006630717491064577
 629.3086755732027 0.00006529315734599454
 636.970267425069 0.00006352780719447142
 644.7142050917338 0.00006136861671485399
 652.5425472185668 0.00005921055386510975
 660.4559800206916 0.000057260766652156984
 668.4545034981081 0.000055427374834242844
 676.5394900810628 0.00005351800955342535
 684.7116259846792 0.000051306904913816046
 692.9743422845738 0.00004843597365193834
 701.3187181841434 0.00004463328374521017
 709.7591642009778 0.00004009209703846458
 718.2888181838439 0.00003542734560989936
 726.9145422839747 0.000031133935654324494
 735.6226121989039 0.000027278074880098977
 744.433614382331 0.000023736667851367414
 753.3338245317899 0.000020425385127944853
 762.3301047985134 0.00001754015359990504
 771.4224551825017 0.000015354839534944435
 780.6108756837548 0.000013580856378199066
 789.8953663022727 0.000011788325227283079
 799.2827891892886 0.000010253022606269094
 808.7731443448024 0.000009325146367079923
 818.3527074663479 0.000009214867065042607
 828.0420650076244 0.000009103323816850134
 837.834354817399 0.000009100848309396598
 847.7295768956716 0.000008808620388624548
 857.720869091209 0.000008255847587619717
 867.8288178577106 0.00000750196319833693
 878.0328367414772 0.0000065801862371554924
 888.3535121962079 0.00000554973406690558
 898.777119919437 0.0000043656705411718996
 909.3105220623969 0.0000029801345856008403
 919.9537186250881 0.0000015483836553697868
 930.7067096075106 3.415786229786971E-7
 941.5763571608974 -5.087843435255218E-7
 952.5557991340153 -0.000001040848389854015
 963.6518976780977 -0.000001334693379848474
 974.8646527931444 -0.00000147990701175319
 986.1872023279224 -0.0000015689964895305291
 997.6332705848979 -0.0000016937658079602331
 1009.1891332616045 -0.0000019150839477548313
 1020.8753768117421 -0.0000022236408128072317
 1032.6714147816106 -0.0000025615958043860566
 1044.59783362491 -0.0000028533205143291608
 1056.6409090391737 -0.0000028439762126739933
 1068.807503175635 -0.0000028345360720274906
 1081.1044781855271 -0.000002485691150897104
 1093.5181097663838 -0.0000021731127258586435
 1106.062122220671 -0.000002085084563721105
 1118.736515548389 -0.000002163698216023719
 1131.5344275983048 -0.000002170788236163899
 1144.4695826728844 -0.000002151580744018088
 1157.5282564696615 -0.0000021321898381541743
 1170.7241732911027 -0.0000023122637397225675
 1184.0504709859747 -0.0000026387280869250424
 1197.5071495542772 -0.000002901756583949599
 1211.1079332984773 -0.000003074759670402065
 1224.839097916108 -0.0000032000443876601936
 1238.7075055584025 -0.0000030962473464731976
 1252.713156225361 -0.000002991423120316514
 1266.862912068217 -0.000002589988085065591
 1281.1499109357367 -0.000002223065481650653
 1295.5810149791535 -0.0000019919702150444614
 1310.1562241984677 -0.0000018629375439933345
 1324.8755385936788 -0.0000018747443565924275
 1339.7389581647874 -0.000002107039037509699
 1354.7464829117928 -0.0000025786926886021787
 1369.898112834696 -0.000002909696370461068
 1385.2075722359623 -0.0000032441480073393195
 1400.6611368131255 -0.000004752255794630601
 1416.2656687174194 -0.00000540961909744495
 1432.0211679488439 -0.0000059791004941155255
 1447.9276345073986 -0.000006337704068121285
 1463.9919305443168 -0.000006380210119611736
 1480.2140560595985 -0.000006308398905412538
 1496.5871489020108 -0.000006235919397341776
 1513.1180712227865 -0.000005770771594806628
 1529.813685173159 -0.000005048021306243985
 1546.660266450662 -0.000004270664749331784
 1563.6784015089947 -0.0000036622788264612566
 1580.847503894458 -0.0000032739313514241268
 1598.188160060751 -0.000003025701101107374
 1615.6866457054077 -0.00000273516251383812
 1633.3498229796614 -0.000002361967313304726
 1651.184554034745 -0.000001853699808135127
 1669.1839767194251 -0.00000153991366751035
 1687.3549531849355 -0.0000015165794545994656
 1705.6906212800425 -0.0000014454706349533338
 1724.2047053072126 -0.0000012317138532616277
 1742.8834809639798 -8.950779487131906E-7
 1761.7406725528097 -6.583900218099546E-7
 1780.7694179224698 -7.259156655773242E-7
 1799.9697170729596 -0.000001015939525797652
 1819.348432155513 -0.0000014062270520434258
 1838.9124253213627 -0.0000018698673333987374
 1858.6479722680422 -0.0000022339055555665446
 1878.5619351467847 -0.000002237598721749577
 1898.6543139575908 -0.0000022057167543269186
 1918.931970851693 -0.000002173540793352208
 1939.3949058290916 -0.0000021538630762539686
 1960.0362567385534 -0.0000021430618695805144
 1980.8697478825445 -0.000002131962200872539
 2001.8816549585993 -0.000002295389502426089
 2023.0857022691835 -0.0000026129594410785568
 2044.4750276630639 -0.000002683869610965249
 2066.0496311402403 -0.0000026375504800385848
 2087.82323700318 -0.0000025908041052197845
 2109.782120949416 -0.000002318897946148444
 2131.933145130182 -0.0000022981119848139795
 2154.2763095454766 -0.000002475590994115028
 2176.8116141953014 -0.0000023500420317967404
 2199.545921230889 -0.0000022233843849756425
 2222.472368501006 -0.0000017237244385100096
 2245.5978181568853 -0.000001225577483428704
 2268.922270198528 -9.093028796029119E-7
 2292.4388624747 -7.981679978833748E-7
 2316.161319287868 -8.157777473899352E-7
 2340.082778486799 -7.320719299176004E-7
 2364.203240071492 -6.476697645661211E-7
 2388.529566193182 -3.3142536682565576E-7
 2413.054894700634 -8.21237577655933E-8
 2437.779225593849 3.400470041085497E-8
 2462.716283175293 6.820707289895341E-8
 2487.8592052937333 6.920858576807466E-8
 2513.201129797936 6.386745890912754E-8
 2538.7557809903683 1.799960711150181E-8
 2564.5162967197966 -5.316987902180782E-8
 2590.48267698622 -7.011043117808354E-8
 2616.6617839408736 -6.299916024159962E-8
 2643.0467554325223 -5.5831968432744953E-8
 2669.644453612401 -2.5020941828593378E-8
 2696.448016329275 -3.365149986339056E-9
 2723.4711678856115 1.0148679415283681E-8
 2750.7001839789446 1.8338726680826265E-8
 2778.1487889117393 2.3322961563962392E-8
 2805.8101205327634 2.635406857066611E-8
 2833.6773166907833 2.8124069835534266E-8
 2861.764101688266 2.90208685954182E-8
 2890.0704755252104 2.927787607674665E-8
 2918.5895760503845 2.9050427373213367E-8
 2947.3214032637875 2.8452394388153515E-8
 2976.272819316653 2.7573208247203874E-8
 3005.4438242089805 2.6485801171507664E-8
 3034.8275557895377 2.5250504718178275E-8
 3064.430876209557 2.3917227305560784E-8
 3094.2537854690386 2.2526924930492106E-8
 3124.2894214167495 2.1112777742109114E-8
 3154.551508355156 1.9701231779914453E-8
 3185.0263219817916 1.8312955779720035E-8
 3215.7275865991223 1.6963714966838105E-8
 3246.641577904683 1.5665165195417503E-8
 3277.7751580497056 1.442556023628751E-8
 3309.1351891854238 1.3250369814096872E-8
 3340.7079470093713 1.2142817990597921E-8
 3372.507155824014 1.110433901502086E-8
 3404.5259534781194 1.0134964077128145E-8
 3436.7643399716867 9.233644241216449E-9
 3469.222315304717 8.39851579901876E-9
 3501.8998794772097 7.627120997254012E-9
 3534.797032489164 6.916582700296814E-9
 3567.9206364918145 6.263751221982208E-9
 3601.256967182694 5.6653137296955E-9
 3634.819748864269 5.117888293502105E-9
 3668.595257234073 4.618089048758946E-9
 3702.5972165945727 4.162583681245857E-9
 3736.8119026433014 3.748130231085281E-9
 3771.2530396827256 3.3716074187882158E-9
 3805.9069034103795 3.0300346067021845E-9
 3840.787218128729 2.736210246241197E-9
