 1.300240758970049 0.9980609861219246
 1.8307730823998298 0.994689720333758
 2.3675355745473956 0.9886842798107089
 2.910619186780888 0.979444795815926
 3.4600888843632682 0.9666265993993458
 4.016016129083789 0.950117366812199
 4.578478879258003 0.9300569948540508
 5.14755509320146 0.9067841734778427
 5.723329225756009 0.8807923826873957
 6.305859745658311 0.8526416612993697
 6.895218114697623 0.8228579666328996
 7.491534263399861 0.7920150973825988
 8.094866660501689 0.760669796358944
 8.70528027126607 0.7292614446586617
 9.322840060955956 0.6980954078556796
 9.947740925360229 0.667558012076866
 10.579917899215932 0.6379178079929124
 11.219500913048979 0.609255195615714
 11.866619897385288 0.581738844003678
 12.521339817487823 0.5554575547652689
 13.183790603882498 0.5304864893754525
 13.853972256569316 0.5068407982639738
 14.532014706074191 0.4844687006131055
 15.218047882923045 0.4633784928269054
 15.912136752378837 0.44355629283316567
 16.614346279704527 0.4249344647605955
 17.32480639542603 0.40744308412704927
 18.043647030069266 0.3910622288908592
 18.770868183634235 0.3757120223866659
 19.506664751909817 0.36133033245988766
 20.251036734896008 0.34784312196200445
 21.004243993644646 0.3352086923933071
 21.766221562892774 0.3234013888106955
 22.537099373166306 0.31231667358687
 23.317072320254123 0.3019259614326479
 24.106205369419182 0.29220854788488354
 24.904563485924445 0.2830893953143904
 25.712341565558788 0.2745310932194867
 26.529539608322214 0.2664998820835026
 27.35628754474063 0.25892953883421604
 28.19278027060293 0.2518090688377048
 29.039082751172064 0.24514113613578595
 29.895259951710987 0.23889104067088776
 30.761506768008584 0.23304454160480792
 31.637888165327812 0.22759452915961118
 32.52453407419459 0.22250777060992175
 33.42157442513483 0.21775229380598307
 34.329139148674464 0.21329958561157045
 35.24729321007644 0.20910668945978886
 36.17623150512964 0.20514142770563362
 37.116018999097015 0.20137366738733745
 38.066850587767455 0.19778026652873265
 39.02879123640391 0.1943595371545739
 40.00197087553231 0.19111203398058915
 40.98651943567856 0.1880433992638669
 41.98263181263154 0.18516046158171498
 42.990437936917175 0.18247385514356154
 44.01000277379841 0.17997123410728486
 45.04145625380119 0.17762082403061966
 46.084993272714364 0.17539794948607687
 47.14074376106387 0.1732831882762172
 48.20883764937561 0.1712534916646561
 49.28940486817552 0.16929006818769987
 50.38264031325246 0.16739713118229482
 51.4886089498694 0.16557595480683765
 52.60750567381522 0.16381709913011192
 53.73952538087878 0.1621298844404547
 54.88473303632307 0.1605142740306531
 56.043323535936935 0.15896336793916524
 57.21542681024632 0.1574731289144046
 58.401237755040086 0.15604242900804183
 59.60088630084415 0.15467592449551576
 60.8145673434474 0.15338654719104738
 62.04234584811279 0.15217101435316974
 63.28448167589215 0.15100767955638644
 64.54116972257437 0.14989809346674884
 65.81240998815944 0.1488303800485648
 67.09872219475105 0.14783934369307725
 68.39997641182326 0.14697785809767788
 69.71617263937608 0.1462071623972471
 71.0479605300391 0.14555249135707365
 72.39469043118274 0.14495409587149766
 73.75766164806616 0.14437567886566421
 75.1362245280598 0.14383361636717268
 76.53102872379321 0.1433079677636058
 77.94207423526642 0.1428377779805694
 79.37001071510902 0.1424824729250939
 80.81418851069141 0.14226211031445682
 82.27460762201359 0.14204930974579882
 83.75256735433474 0.14181131581376014
 85.24806770765488 0.14159462488174715
 86.7604590293444 0.1413247978613162
 88.29039097203291 0.14095661092478246
 89.83851318834996 0.14062093572280543
 91.404176025666 0.1403340441135864
 92.98867878924021 0.14008617068445858
 94.59137182644298 0.13992751241492402
 96.21225513727431 0.13983020801580703
 97.85197837436381 0.13977975439027057
 99.51119119034107 0.13977451276023736
 101.18924393257647 0.13970932515736503
 102.88743590632922 0.1395840090355709
 104.60511745896973 0.1395529662336404
 106.34228859049799 0.1396721957756022
 108.09959895354359 0.13993204523370462
 109.8776982007361 0.14026729235327193
 111.67658633207559 0.1406086555997156
 113.4956136949324 0.14081405401921623
 115.33672924719534 0.14092647214040774
 117.1979840309756 0.14094194452045272
 119.08197665679157 0.14089307340055207
 120.9867581667545 0.14083775017168318
 122.91427751875312 0.1407222209582732
 124.86388506015788 0.14057611741468584
 126.83623044359834 0.140400905826052
 128.8313136690745 0.1402907812191781
 130.8491347365864 0.14027319216843687
 132.89099295139314 0.1404152475801208
 134.95558900823565 0.14064611658645199
 137.0448718650026 0.14087918384465978
 139.15754221643488 0.14104317680283396
 141.2955490204212 0.14113643147666818
 143.45759297170244 0.14130490576414467
 145.64432372290818 0.14156366718028138
 147.85704057929757 0.14192376909406393
 150.09509388824105 0.14230496806844878
 152.3584836497386 0.14256068282279485
 154.6485091690494 0.14272893114617957
 156.96452079354387 0.14293262415538543
 159.30781782848118 0.1433358819423045
 161.67775062123178 0.14404470931765231
 164.0749688244252 0.14496250432322239
 166.4994724380615 0.14585611997054307
 168.95256076739986 0.14656955234397415
 171.43293450718102 0.14708870445927102
 173.94254261529383 0.14750881275330047
 176.48138509173828 0.14795375332317445
 179.04881228388476 0.14837458708577966
 181.64547384436284 0.1487206835390304
 184.27266907843176 0.1490944645410518
 186.92974833346187 0.1496312699351804
 189.61736126208282 0.15035500867568422
 192.33550786429458 0.1511240026348955
 195.0854874453563 0.15182344092068123
 197.86665035263846 0.1524466239472432
 200.6796462387706 0.15294596633462273
 203.52447510375274 0.15322219759397757
 206.40243625284404 0.15327457745634435
 209.31352968604455 0.153347536259762
 212.2571057507246 0.15369997428615884
 215.23511340477307 0.1545606127441924
 218.24690299556028 0.15593927337977334
 221.29312417571583 0.15752444716373615
 224.37442659786936 0.15897326501430392
 227.49081026202083 0.16006185172290407
 230.64227516817027 0.16082024102584386
 233.8301206215768 0.1615091734160067
 237.05499627487012 0.16236632858400588
 240.31560282279094 0.16332764417761741
 243.61388922322809 0.16422817646371768
 246.94985547618157 0.16499305957408775
 250.32350158165136 0.16561528264470052
 253.73547719226704 0.1661239431422444
 257.1864319606583 0.16643391306304808
 260.67701553945454 0.1667477006189443
 264.2065782760264 0.1675501974827316
 267.7764194756329 0.1689646838282006
 271.3871887909036 0.17074398976702093
 275.0388862218387 0.17244316603302615
 278.731511768438 0.17354258637845646
 282.4670143885904 0.17413169826435668
 286.24409477703665 0.1747921840073402
 290.06405223903596 0.17576644527832078
 293.9268867745883 0.1768156870660382
 297.8338976889529 0.17764081835053522
 301.7850849821298 0.1781455004722662
 305.78109830674845 0.17852721642761402
 309.82258731543845 0.17912619334577315
 313.90890235557043 0.17959546785789302
 318.04199238503287 0.17946346088263385
 322.2212077511964 0.17923829754911944
 326.44784775932015 0.17964458647314738
 330.72191240940407 0.18056647421222752
 335.0440513540778 0.18159150271093422
 339.41491424597086 0.18255477848270937
 343.8351507377129 0.18337441387580167
 348.304760829304 0.18416548604200983
 352.8250438260031 0.18494725244005442
 357.3959997278104 0.1856328233596856
 362.01762853472593 0.1866617610325759
 366.6918792046384 0.18825541388350625
 371.41810208491813 0.18929801197064458
 376.19759648082436 0.18914431779157706
 381.0303623923572 0.18894125014991223
 385.91704947214606 0.18958223249954628
 390.85830737282066 0.1904431838150756
 395.8547857470106 0.19085587346960478
 400.90713424734537 0.19092356564377883
 406.01600252645466 0.19090157559540877
 411.182040236968 0.19110025814666756
 416.40524737888546 0.19161074879812848
 421.68627360483646 0.19241201949385642
 427.0264182200804 0.19349114720055005
 432.4263308772468 0.1944026551348765
 437.885361923706 0.19451179835257432
 443.4054603173468 0.19379946525695804
 448.9872757107989 0.19336168299364223
 454.6301584514325 0.19360497468657756
 460.3360574971366 0.19346701903977515
 466.10497284791103 0.19290591932983736
 471.93755415638554 0.1928285794006723
 477.8344510751895 0.19310040669063888
 483.7963132569527 0.19305605248802774
 489.8244400069343 0.19260201725868933
 495.9188313251342 0.1917695894761061
 502.08013686418207 0.1907157838814424
 508.30965592933705 0.190036230896601
 514.6073885205991 0.1898259366539186
 520.9739842905981 0.18961589870434395
 527.4107425445928 0.18951459188372624
 533.918312935213 0.18957887107119523
 540.4966954624588 0.18886133670176478
 547.1471894315891 0.18707057057326038
 553.8704444952339 0.1851378160750834
 560.6671103060223 0.18337135241812594
 567.538486169214 0.1809486126862129
 574.4839224321792 0.1774118441532504
 581.5053680528064 0.1733456294161256
 588.6034726837255 0.16895290730171492
 595.7782363249364 0.16411913376753007
 603.0316079343279 0.1593031805800348
 610.3629378592705 0.15444527886015177
 617.7741750576528 0.149142384402886
 625.2659691821045 0.14328288478684031
 632.8383202326256 0.13690072330233688
 640.4925275144752 0.13053121425693445
 648.229240680283 0.12440344436605431
 656.0517079931969 0.11824611829362909
 663.9514839690322 0.111909760169553
 671.9422113130103 0.10556728427591969
 680.0173934988354 0.09926924095250397
 688.1835270528032 0.09286093377027894
 696.4276189223222 0.08639892188758089
 704.7691586862799 0.08031434591696845
 713.1951532920845 0.07443798548332252
 721.7120992660318 0.0681979682213873
 730.3199966081222 0.061814060630002214
 739.0188453183553 0.05577919508220147
 747.8086453967312 0.05051033442799439
 756.6958933695458 0.04615327612861707
 765.6805892367994 0.04235138737774284
 774.7497399458998 0.03870881043997801
 783.9228350757348 0.03511608674302563
 793.1933781000087 0.031432722442295086
 802.5613690187212 0.02775516282734215
 812.0203113055767 0.024358900708498298
 821.5896945394626 0.021331945108189906
 831.2500291414916 0.01875816845657415
 841.0208046905509 0.016622394380912665
 850.8890281340492 0.014599322644318095
 860.861195998282 0.012591419233125619
 870.9373082832495 0.010899598475597683
 881.1173649889519 0.009592132976634906
 891.4078626416847 0.008388384809260315
 901.8023047151521 0.007055397341824356
 912.3071877356502 0.005681399697205654
 922.9225117031789 0.004484626797222051
 933.6417800914423 0.003549594208626628
 944.4779859530322 0.0028685157868784776
 955.4181362353567 0.0023883081825721657
 966.4817205173038 0.002020150015394888
 977.6492492199853 0.0016943028085640217
 988.9402119222893 0.0013923944061634047
 1000.3416155716241 0.0011245306674827196
 1011.8599566942852 0.0009040827141070202
 1023.5017318165687 0.0007277474207267748
 1035.253947885883 0.0005911293400956383
 1047.1295979548195 0.0005086503976255082
 1059.1286820233786 0.000475274728683201
 1071.2447035652642 0.0004487174839249949
 1083.4906556330682 0.0003929571359687939
 1095.8535451741984 0.00031111986615226265
 1108.3463652412472 0.00022986378251848978
 1120.9626193079184 0.00016776786302316203
 1133.7023073742118 0.00012479969428465728
 1146.57842249272 0.00009387871691751065
 1159.5779716108502 0.00007050838540556022
 1172.7074512548988 0.000052146367409727566
 1185.9668614248658 0.00003606373095152044
 1199.362698647047 0.00002091639661122328
 1212.8884663951465 0.000007305764047798777
 1226.5506611954604 -0.000001693561301839129
 1240.3492830479886 0.000001950610590096048
 1254.2843319527308 0.00002546321772448624
 1268.3558079096874 0.00006287235577977641
 1282.5637109188583 0.00009503915508619562
 1296.9080409802434 0.00010663025423704067
 1311.4017911464348 0.00010145333237688821
 1326.0319683648402 0.00009437961636929024
 1340.805069161756 0.00008971020418896797
 1355.7210935371818 0.00007912440118414288
 1370.7800414911178 0.000059584162296728395
 1385.9884095498599 0.0000392756999928932
 1401.3461977134082 0.00002532740873053376
 1416.8469094554666 0.000017107415482703723
 1432.4970413023311 0.000011532948129872655
 1448.3030897802976 0.00000742574221468149
 1464.2520618367744 0.000004674121297441948
 1480.3634470506488 0.0000029244928828669377
 1496.6177558430336 0.000001710314071340937
 1513.0344777928162 8.812735943594517E-7
 1529.6006198474051 4.197718244809753E-7
 1546.322678533096 2.0768978600962194E-7
 1563.2071503761847 1.1968288111273912E-7
 1580.2475388503756 8.803814802932471E-8
 1597.4503404819643 8.227347964807157E-8
 1614.809058744655 8.358510964770343E-8
 1632.3366866910396 7.840768611389164E-8
 1650.0202312685262 6.37496207353013E-8
 1667.8726855297064 4.522970678211412E-8
 1685.887552948285 2.8981837599418815E-8
 1704.064833524261 1.7221953457042582E-8
 1722.4110237839311 1.0331152644952708E-8
 1740.9326202535913 8.800002951718729E-9
 1759.616629880649 1.205115809909039E-8
 1778.4695491914006 1.7847126640497537E-8
 1797.4913781858463 2.2541059371473544E-8
 1816.6886133902815 2.2699569875165386E-8
 1836.0612548047063 1.8393172719963294E-8
 1855.6028059028254 1.272166255004908E-8
 1875.3262597372297 8.037687618336713E-9
 1895.2186232553283 4.768652382447215E-9
 1915.2928895097127 2.6204574171842168E-9
 1935.5425619740863 1.297109723840313E-9
 1955.96764064845 5.7163108321651E-10
 1976.5811185853954 2.3764975944766226E-10
 1997.3700027323302 1.0284739362271143E-10
 2018.3407896155509 4.672676629569245E-11
 2039.4934792350573 2.1273283589275474E-11
 2060.8280715908495 9.609325043414207E-12
 2082.351063209223 4.5352211723770075E-12
 2104.055957563882 2.6574950742006736E-12
 2125.949251181123 1.932357473427478E-12
 2148.030944060946 1.3766552473995576E-12
 2170.2945396770538 8.189082196737507E-13
 2192.75303108204 3.0226809652602984E-13
 2215.399921749607 8.652531948747919E-14
 2238.2352116797556 4.334495317966409E-14
 2261.265397398782 0.
 2284.48398238039 0.
 2307.89096662458 4.3596689906915064E-14
 2331.4993431839425 0.
 2355.302615532183 0.
 2379.2942871430055 0.
 2403.4873510690013 0.
 2427.8753107838743 0.
 2452.458166287625 0.
 2477.242414106549 0.
 2502.2215577143506 0.
 2527.402093637326 0.
 2552.777525349178 0.
 2578.3608459025 0.
 2604.1390622446993 0.
 2630.125167428368 0.
 2656.3126649272103 0.
 2682.6950582149298 0.
 2709.285340344119 0.
 2736.0835113147773 0.
 2763.083074600609 0.
 2790.2840302016143 0.
 2817.692874644089 0.
 2845.3096079280326 0.
 2873.12773352715 0.
 2901.153747967737 0.
 2929.387651249793 0.
 2957.8229468470226 0.
 2986.4726278120174 0.
 3015.3237010921857 0.
 3044.389159740119 0.
 3073.656010703226 0.
 3103.130750507802 0.
 3132.819875680144 0.
 3162.710393167659 0.
 3192.815296022939 0.
 3223.1280877196887 0.
 3253.6487682579072 0.
 3284.3773376375957 0.
 3315.3137958587536 0.
 3346.4581429213804 0.
 3377.816875351773 0.
 3409.3770000973386 0.
 3441.1515102106696 0.
 3473.1274126391736 0.
 3505.317700435444 0.
 3537.709380546886 0.
 3570.315446026095 0.
 3603.1229038204765 0.
 3636.144746982624 0.
 3669.367982459944 0.
