 0.27733945814849353 0.00011591750761047513
 0.8352789206466484 0.0014403830688263027
 1.3997828375944303 0.005511798167727022
 1.9709309392078262 0.013791640707930977
 2.5487861703941954 0.0274001860209014
 3.133446445453872 0.04693000514612344
 3.724981703172811 0.07240616420030173
 4.323468876215561 0.10336777929926788
 4.928991891125267 0.13900552945913716
 5.541634674445073 0.1783052887155397
 6.16148814659672 0.22017441118188655
 6.788615252487565 0.2635419577971864
 7.42309292478216 0.307430141635472
 8.06506104105241 0.3509978703535869
 8.714582546205671 0.3935601622774006
 9.371727379027904 0.43458910777636856
 10.036565478305056 0.4737027329582195
 10.709306660394992 0.510647207339773
 11.38988098651176 0.5452763329896939
 12.078428334227262 0.5775307254794029
 12.77508858111341 0.6074181126044083
 13.479931665956157 0.6349959928431953
 14.193097466327409 0.6603571457406472
 14.91458598222717 0.6836181782111314
 15.644537091227342 0.7049104167795075
 16.383090670899836 0.7243715818014427
 17.13031666003061 0.7421381516654691
 17.886284997405607 0.7583403949244422
 18.651135560596746 0.7731022782979755
 19.425008227175926 0.7865422026529654
 20.20790299714315 0.7987714390449756
 21.000029686856283 0.8098911847961401
 21.801388296315324 0.8199923335012477
 22.612258580664083 0.8291582349547102
 23.432570601116613 0.8374675470750951
 24.262464235244813 0.8449932239319041
 25.102149299406555 0.851799525824692
 25.951695732387783 0.8579408233147141
 26.81117347297446 0.8634643571518938
 27.680792337524437 0.8684152061433633
 28.56055232603773 0.8728386330913859
 29.45059331608623 0.8767788428262209
 30.351125124027806 0.8802771422548117
 31.262217688648413 0.88337051439852
 32.183940948734 0.8860924463712155
 33.11650472064243 0.8884745393366734
 34.05997894315966 0.8905470144951856
 35.014503493857596 0.8923362751480721
 35.98021825030815 0.8938630207475877
 36.957263090083224 0.8950264424610518
 37.94570795196877 0.8962034388158397
 38.94576265232265 0.897060120146483
 39.95749712993082 0.8977391541779989
 40.98112120115115 0.898257882451499
 42.01670480476958 0.8986233427807494
 43.06438781835803 0.8988343851961805
 44.12431011948839 0.8988876517866491
 45.19668152451854 0.8987870064499089
 46.28164191102038 0.8985464788147106
 47.379261217779856 0.8981830884306857
 48.48967932236889 0.8977133028620722
 49.61310604114534 0.897150139764399
 50.74968125168111 0.8964936911352318
 51.899544831548106 0.8957311233141728
 53.06283665831824 0.8948475786943815
 54.23976654834937 0.893833213536341
 55.43040444042745 0.8926835659581213
 56.63496015091035 0.8914018558745171
 57.85364349615592 0.8899987090043529
 59.08652441495013 0.888487005006809
 60.33381272365081 0.8868780135836685
 61.5956482998299 0.8851769785961693
 62.87224095984524 0.8833799901477744
 64.16373058126875 0.8814807924040245
 65.4703269804583 0.8794793853649199
 66.79210009619982 0.8773873607237229
 68.12932968363714 0.875222198017893
 69.48222555912811 0.8729961789224348
 70.85078772267275 0.8707137193204955
 72.23557568455868 0.8683742212278992
 73.636449567214 0.865973084766367
 75.05340937063868 0.8635034101184809
 76.48715448269229 0.860958389464388
 77.93698551551529 0.8583339749112029
 79.40430124482674 0.8556338923603317
 80.88840228276712 0.8528695495099058
 82.38998801719596 0.8500564019509418
 83.90905844811324 0.8472059033803538
 85.44631296337853 0.8443173178176175
 87.00105217513227 0.8413822734842654
 88.57327608337448 0.838389362682166
 90.16438346382422 0.8353258437484871
 91.7743743164815 0.832184448875548
 93.40254925348677 0.8289667420219639
 95.04960766269959 0.8256705152461604
 96.71624893197945 0.8222860628049699
 98.40177367346688 0.8188035869576581
 100.1075806628809 0.8152131979659256
 101.83297051236201 0.8115041321146004
 103.57794322191019 0.8076106303081635
 105.34319817938497 0.8036718733705095
 107.12943477264592 0.799537410775961
 108.93595361383348 0.7952646758403518
 110.7641534786667 0.7908665482228626
 112.6133349792861 0.7863515836970919
 114.48349811569165 0.781713894418843
 116.37534227574288 0.7769536643832469
 118.28956684729933 0.7720849232190539
 120.22617183036101 0.7671191246231784
 122.1844578370684 0.7620529566832596
 124.16652303100007 0.7568833374808505
 126.17026924857743 0.7516236066629598
 128.19849404123863 0.7463018694858709
 130.24909924540506 0.7409424593056787
 132.32418302465535 0.7355350263962558
 134.42304599112992 0.7300380338567447
 136.54638753268836 0.7244163846158782
 138.69420764933062 0.7186611549097954
 140.86650634105672 0.7127790145620008
 143.06468238358576 0.7067795313193138
 145.2873370011986 0.7006685010283662
 147.53656835747393 0.6944552154432808
 149.81097767669266 0.6881704017509601
 152.11266312243333 0.6818372893367122
 154.44022591897698 0.6754526122869587
 156.79436545418304 0.6689926812285644
 159.17648050377065 0.6624265389807125
 161.58587167988028 0.6557442038075382
 164.02253898251186 0.6489626032611074
 166.48788118738455 0.6420918570736335
 168.98119890663875 0.6351273653668378
 171.50389091599357 0.6280555125010149
 174.0552578275895 0.6208689386709189
 176.63599902928595 0.6135825014833901
 179.2461145210831 0.6062196143188677
 181.8870030786999 0.5987854290410239
 184.5572659264173 0.5912863854794492
 187.2590012278139 0.5837222536402294
 189.9922089828898 0.576063042316987
 192.75618980378533 0.56827853030943
 195.55164307836012 0.5603489841397427
 198.3799675823332 0.5522820396058675
 201.240463927845 0.5440885524205428
 204.13383150275519 0.5357593688259935
 207.06007030706363 0.5273047465507814
 210.02057911648944 0.5187371972638248
 213.0146585431731 0.5100591589006115
 216.04300797497416 0.5012948728196708
 219.10562741189258 0.4924439250319576
 222.20391562964747 0.48345957095083025
 225.33787262823878 0.47437178525387064
 228.50679901980703 0.46511646216666824
 231.71279296793085 0.45570524460471923
 234.95515508475063 0.4461496966620163
 238.23458475812592 0.4364536224378962
 241.55178137591633 0.42661394001391206
 244.90674493812176 0.41666542906972975
 248.2994754447423 0.4066440790530028
 251.73137167149696 0.3965586205327042
 255.2031330062453 0.3864273150256008
 258.7133606732683 0.3762630007919688
 262.2641528361445 0.3660284234176282
 265.8555094948739 0.3556770919328151
 269.48743064945654 0.3452226357768697
 273.1606156877519 0.3347569605178023
 276.87576399761963 0.32433940458540933
 280.6335749669191 0.3139559935494799
 284.433349207791 0.30357261011282016
 288.27648549595426 0.29317944273506147
 292.16368321926836 0.2827524984511015
 296.09494237773345 0.2722763216699236
 300.07026297134934 0.2617753377451882
 304.0917431636949 0.25132962135797243
 308.1579841790508 0.24099931131689348
 312.2703847931363 0.23080747141164112
 316.42894500595133 0.2207463416475591
 320.63506359321497 0.21079623914549236
 324.8887405549272 0.20100836975044056
 329.1906752789476 0.19143818959493283
 333.5415671531356 0.18210976064224557
 337.94071678963184 0.17302815195824203
 342.3902223520148 0.16418692831321013
 346.88938445242496 0.1555683249772372
 351.4396018665815 0.1471696694210432
 356.04087459448425 0.13901598498246484
 360.6939020239929 0.13111811357460526
 365.3993835429669 0.1234585664602484
 370.1580185392658 0.11597737962615194
 374.96980701288965 0.10861517784349313
 379.8361477395574 0.10138998803524654
 384.75704071926924 0.09436340257156532
 389.73248595202506 0.08759098338217905
 394.7645816014035 0.08109705922330426
 399.852628279545 0.07489640490397248
 404.9980247621686 0.0689850047304463
 410.20077104927435 0.0633336632752902
 415.4615665287218 0.057932467800813375
 420.7811105883705 0.05279983161976584
 426.16010261607994 0.04793187703475859
 431.59924199970965 0.04003514547673648
 437.0992281271192 0.0389891681152129
 442.6607603861682 0.034960077692323746
 448.2838387768565 0.031233204792205507
 453.96916268704365 0.027809007562734748
 459.71813089244887 0.02466922080724202
 465.5314427809316 0.021782350999103715
 471.4083989646324 0.019147683317235303
 477.3510976071297 0.016770674137251092
 483.36023809628324 0.014628011276034147
 489.4351210442333 0.01268790451481186
 495.57784461455856 0.010940609011450607
 501.7884088072591 0.009394302889542261
 508.06751301019443 0.008045499441351491
 514.415856611224 0.006874723702221527
 520.8341389982073 0.0058836449679797445
 527.3237589468638 0.0050858853181609725
 533.884716457193 0.00445995936530791
 540.5177109170546 0.003961232604531292
 547.2241411021679 0.0035462596454757054
 554.0040070125326 0.0031780827661101567
 560.8580080360084 0.002842776892917589
 567.7875429483144 0.002552500700157216
 574.79331113731 0.002319932832328888
 581.8753126029953 0.002138679918612904
 589.0349461210894 0.0019839114940688363
 596.2729110794517 0.0018303053667682553
 603.5899068659419 0.0016752664233826119
 610.987332256279 0.001537795933103527
 618.4644878626035 0.0014364979656332477
 626.023471848494 0.0013790141607599917
 633.6649836018099 0.0013752409016077939
 641.3890231225514 0.001382590494842544
 649.197688574297 0.0013900206115091494
 657.0902805691874 0.0013929262166215172
 665.0688972708008 0.0013553194057665996
 673.134238066997 0.001264975174440403
 681.286302957776 0.0011136716082098398
 689.5264907188567 0.0008888973141492777
 697.8555007380991 0.0005903297947925906
 706.2768299548003 0.00024056058872629665
 714.7813863267866 -0.00012713836328608579
 723.3838569991082 -0.00048545463998123914
 732.0772480931699 -0.0008140330071959347
 740.8685534875668 -0.0010857293256138064
 749.7437854251085 -0.0012651421040231407
 758.7239255415809 -0.0013430458725467646
 767.7949860797933 -0.0013491873501692902
 776.963960918341 -0.0013490444379730265
 786.2308500572242 -0.0013488999996358415
 795.5956534964425 -0.0008762344012331425
 805.0583712359964 -0.0013467165754132448
 814.625997154481 -0.0013714371492615912
 824.2985312518964 -0.0013482193684252871
 834.0619857710517 -0.0013247833438067183
 843.9373423477332 -0.001188190510303228
 853.9176071033454 -0.0009223630845837079
 864.0027800378883 -0.0005348826780248375
 874.1858672727667 -0.00010223369770914353
 884.4878504437665 0.00030659813405191626
 894.8877479151018 0.0006628512457421938
 905.4065413225585 0.0009705730288602981
 916.0302429089461 0.0012482526389493154
 926.7658465528596 0.0014964581149778944
 937.6133522542993 0.0017140569209150123
 948.5727600132653 0.001908117873706828
 959.6510637083528 0.00205172165768773
 970.8412694609663 0.002139686555975436
 982.1503711497014 0.002204140096416725
 993.5783687745579 0.0022449271711160374
 1005.1182684569408 0.002231535867474455
 1016.7840579540405 0.0021339767270679645
 1028.5617495086663 0.0019372118278275239
 1040.4723247566044 0.0016438237714127622
 1052.4948020620684 0.0012802073033703779
 1064.650163060845 0.0008570062200460281
 1076.924419995743 0.0004570657276038477
 1089.3245667453577 0.00023043099897379122
 1101.857597188285 0.00012592365502949067
 1114.5095235673336 0.000027366833683465322
 1127.2943336396945 0.00007837848585730372
 1140.212027405368 0.00012992034666971095
 1153.2556109857583 0.00017466409866809626
 1166.439072138056 0.00011863339534311224
 1179.7484231050707 0.000022545978632118155
 1193.1976516439931 -0.00007580304091272341
 1206.779763876228 -0.00017884358027135937
 1220.4947598017748 -0.00014516465326704434
 1234.356627177825 -0.0001111250646272926
 1248.3513782471873 0.00018065880263725147
 1262.4860068884573 0.0005033466025271456
 1276.7605131016348 0.000783311064154807
 1291.1818907653158 0.0009561338269480224
 1305.743146000904 0.0010200857046642265
 1320.4512726869955 0.0008847969826515579
 1335.30627082359 0.00037995692384400036
 1350.3081404106874 -0.0004628805993316933
 1365.4568814482882 -0.0012836635139127177
 1380.7524939363916 -0.0018324062231757478
 1396.1949778749986 -0.0011211363552696355
 1411.7983210212992 -0.00040245742623950306
 1427.5485356181025 -0.0010239093251077332
 1443.4526155440046 -0.0016514322460785896
 1459.5105607990051 -0.0016676349033266076
 1475.722371383104 -0.002095637661589846
 1492.0950411748968 -0.0026722645569862476
 1508.6285701743834 -0.0032877681516339944
 1525.3159645029682 -0.0034569530408200574
 1542.164218039247 -0.0034473857409679943
 1559.180324661815 -0.0034377231255507804
 1576.3502966134815 -0.0032631620687560074
 1593.6951155300324 -0.0031714246722955113
 1611.1937997756818 -0.003322055644324149
 1628.8673309862158 -0.003641391660108389
 1646.7017214044438 -0.004288598765823176
 1664.7039649089609 -0.005145898550100957
 1682.8810553783626 -0.005779334908214943
 1701.2259989340532 -0.005822067219697363
 1719.745789454629 -0.005759792515589131
 1738.4334330614936 -0.0056969533881808245
 1757.3029175118381 -0.005414181850833527
 1776.340255048472 -0.004857706056202097
 1795.5594334285856 -0.0041119387845697875
 1814.953458773584 -0.00332944424480825
 1834.522331083467 -0.0025893543269427635
 1854.2730442368297 -0.00202155602392564
 1874.2125921122683 -0.0017160486222109485
 1894.3269869525911 -0.0015086131093344848
 1914.6232226363938 -0.001142679314612808
 1935.101299163677 -0.0006442885749444559
 1955.768210413035 -0.00014912419910060866
 1976.6239563844683 0.0004796034568142607
 1997.6615431993819 0.0010957158453522063
 2018.894958614966 0.0015045274514484742
 2040.3102148740304 0.0016880729444986111
 2061.9212997337654 0.0016346613198680087
 2083.7212193155756 0.0012740673398450566
 2105.7099736194614 0.0009223038381514769
 2127.9015504026133 0.0010256986608569228
 2150.28196190784 0.0011299733008372005
 2172.8582020137383 0.0012848975232585707
 2195.6302707203067 0.0013758333449302035
 2218.598168027546 0.001297467150643212
 2241.7688878140516 0.0013377427416975769
 2265.1354362012275 0.001378358724104046
 2288.7048070676697 0.001507598192191051
 2312.4770004133784 0.0016352657898726255
 2336.4450223597573 0.0015823512280888298
 2360.6228606639984 0.001373414498937298
 2385.003521447505 0.0008326677120875186
 2409.587004710278 0.0001985852412708575
 2434.3803043309126 -0.00009836189276419261
 2459.376426430813 -0.0005675792568134873
 2484.57537100998 -0.0009357269269519665
 2509.991125825603 -0.001155836944437828
 2535.616696999088 -0.0014296057840129947
 2561.445090651839 -0.0013338360628333266
 2587.490294541047 -0.0012372624257704818
 2613.745314788117 -0.0009391276169634812
 2640.210151393048 -0.000558898826513569
 2666.891798234436 -0.00023877571175740975
 2693.7832614336853 -0.00005544166591199262
 2720.8915348693918 0.000031272552610990165
 2748.2096246629594 0.00006432145493651395
 2775.7515185715797 0.00006893156334460323
 2803.5032288380617 0.00006127831346361007
 2831.4787432195953 0.00005059655892239615
 2859.671067837586 0.00004078079540547389
 2888.073208813438 0.00003271552338734099
 2916.699153904343 0.000026263832550895157
 2945.5489031102998 0.000021116346582800188
 2974.6154625527133 0.000016999222309447927
 3003.898832231584 0.000013697005112162143
 3033.406006025507 0.000011042413977504775
 3063.136983934482 0.000008904804542564912
 3093.084772079914 0.000007181368147847955
 3123.2563643403987 0.0000057906722282086945
 3153.651760715935 0.000004667877359417037
 3184.2639673279286 0.0000037611338975095097
 3215.1069719335696 0.00000302884086532415
 3246.166786775668 0.000002437526328589634
 3277.457399611413 0.00000196020165147469
 3308.964822683616 0.0000015750692527832317
 3340.6960498708704 0.0000012645023069533428
 3372.6580750517733 0.0000010142343375021168
 3404.836910469133 8.127122441457436E-7
 3437.2465438801396 6.505777585211414E-7
 3469.879981406199 5.202499592333729E-7
 3502.73722304731 4.1558917714932647E-7
 3535.818268803474 3.3162426861456674E-7
 3569.1231186746904 2.6433249287818054E-7
 3602.6517726609586 2.104604894300447E-7
 3636.411224640875 1.6737906444344253E-7
 3670.387486857248 1.3296519929733456E-7
 3704.5945470672686 1.0550614771412375E-7
 3739.0184175137456 8.362147242270818E-8
 3773.673085953871 6.619971403433867E-8
 3808.544564630453 5.234691840467891E-8
 3843.6468413006824 4.134489227843763E-8
 3878.965928207369 3.261727458718416E-8
 3914.5158131077037 2.6442182164823994E-8
 3950.2825082444942 2.02294293322548E-8
 3986.2730074963374 1.5903549702951544E-8
 4022.4803169846377 1.2488205859203985E-8
 4058.9184244665857 9.794951827637671E-9
 4095.5663483063954 7.673644821305695E-9
 4132.445070139853 6.004810361721542E-9
 4169.53360833117 4.6934940815516586E-9
 4206.845950637542 3.6643253652405535E-9
 4244.382097058965 2.857550919969778E-9
 4282.12805983825 2.225859479682071E-9
 4320.090832853991 1.731837060419961E-9
 4358.270416106189 1.3459336301314108E-9
 4396.666809594844 1.0448393516373975E-9
 4435.280013319957 8.101897168964339E-10
 4474.10303340293 6.275341162981133E-10
 4513.142863722361 4.855161403538266E-10
 4552.385516521058 3.7522173554575407E-10
 4591.844979556212 2.8966284039079925E-10
 4631.514258949227 2.2336781687852393E-10
 4671.393354700103 1.720576834386162E-10
 4711.475272930245 1.32390232911998E-10
 4751.76700751825 1.0175812549365525E-10
 4792.26156458552 7.81297559435829E-11
 4832.958944132056 5.992404030015799E-11
 4873.859146157859 4.59119991844254E-11
 4914.962170662928 3.513945592564721E-11
 4956.268017647263 2.6866492503409197E-11
 4997.769693232268 2.0520007783016872E-11
 5039.460203539349 1.565662961690919E-11
 5081.353536325696 1.193375079110043E-11
 5123.442697712714 9.08693442307475E-12
 5165.720693821807 6.9123152874793426E-12
 5208.187524652975 5.252903678549306E-12
 5250.843190206219 3.987945753652448E-12
 5293.694684360134 3.024665003825092E-12
 5336.7210254789325 2.2918593152055607E-12
 5379.936201319808 1.7349452901705099E-12
 5423.333218004162 1.3121256747518207E-12
 5466.905081653401 9.914291069702787E-13
 5510.65878614612 7.484268752543268E-13
 5554.587337603723 5.64473510997209E-13
 5598.697729904807 4.2535294778207567E-13
 5642.9689814135845 3.202375367283444E-13
 5687.415079887247 2.408892132302904E-13
 5732.029031447198 1.8104658157591062E-13
 5776.8108360934375 1.3595552036796303E-13
 5821.753499947373 1.0200998262905424E-13
 5866.857023009001 7.647751646486517E-14
 5912.121405278322 5.728966241062113E-14
 5957.539652876742 4.288212146053843E-14
 6003.111765804261 3.207304320854306E-14
 6048.837744060878 2.3970359000405218E-14
 6094.7175876465935 1.7901359177254372E-14
 6140.737308804218 1.3359227310381333E-14
 6186.910895290939 9.962481694490607E-15
 6233.217365470973 7.424235281138857E-15
 6279.67070710151 5.528932254327714E-15
 6326.256932425359 4.114749080204219E-15
 6372.976041442521 3.0603152104553404E-15
 6419.828034152994 2.274662072276101E-15
 6466.805916678185 1.6896770140519933E-15
 6513.916682896689 1.2543991343017926E-15
 6561.146345051314 9.307235933493358E-16
 6608.501897020655 6.901851484370734E-16
 6655.969351047523 5.11542113658913E-16
 6703.555701010512 3.7894676297470683E-16
 6751.253953031027 2.8058444702171255E-16
 6799.057113230473 2.0765431528655133E-16
 6846.9721754874445 1.5361287532201598E-16
 6894.985152044753 1.1358910902416558E-16
 6943.103036780991 8.396033165587234E-17
 6991.318835817565 6.203446905434843E-17
 7039.618561397283 4.582151129890056E-17
 7088.016201277337 3.383353714264967E-17
 7136.4837799433435 2.4974566707230344E-17
 7185.091236181259 1.842857146625175E-17
 7233.768631205128 1.3598102209314068E-17
 7282.446026228998 1.0028122877504698E-17
 7331.263298824774 7.393493374626E-18
 7380.150510206504 5.4504219918530305E-18
 7429.1076603741885 4.020123512170032E-18
 7478.134749327826 2.9631775568955366E-18
 7527.161838281465 2.179918701359194E-18
 7576.328804807011 1.6068363801668677E-18
 7625.495771332556 1.1804446832719957E-18
 7674.80261543001 8.722620383491387E-19
 7724.03952074151 6.383144830298681E-19
 7773.4163036249165 4.674929892794089E-19
 7822.793086508324 3.454909006780891E-19
 7872.239808177686 2.5054937160480974E-19
 7921.686529847047 1.8395748114817737E-19
 7971.133251516408 1.3178488433063002E-19
 8020.649911971724 9.755736945335268E-20
 8070.236511212991 6.907959662737149E-20
 8119.82311045426 4.543031833058287E-20
 8169.339770909575 2.788524088546143E-20
 8218.9963089368 2.0542533846935972E-20
 8268.582908178068 8.898222116747954E-21
