 1.412858488283101 0.997619055675667
 1.9893417982356907 0.9934997027029852
 2.5725948903964087 0.9862079637354654
 3.1627165937025983 0.9750819768046418
 3.7597775002523646 0.9597996255251036
 4.363855261353621 0.9403536376851364
 4.975034587524091 0.9170501722712149
 5.5934001892815 0.8904227108809829
 6.219043836353381 0.8611573638093316
 6.852029061628029 0.8299806108425121
 7.492433516413357 0.7975468058547085
 8.140398384905572 0.7645138480384926
 8.795987199992966 0.7314776841276062
 9.459270553773646 0.6988831757412114
 10.13031903834571 0.6670165644646336
 10.809344430003474 0.6362187532302073
 11.496276136648833 0.6067005783580176
 12.191255342477993 0.5784846797138028
 12.89442323168716 0.5516752299042595
 13.60585039637444 0.5263001381778135
 14.325678020736039 0.5023782998707471
 15.053906104771958 0.4798782190892846
 15.7906758326784 0.45871192742738404
 16.536128388651576 0.43885362621245644
 17.29033436478959 0.4202648681380232
 18.053364353190542 0.40286311048305934
 18.825359538050645 0.38657143615057776
 19.606461103566097 0.3713668317779346
 20.396669049736907 0.35717332151482734
 21.196195152857378 0.3439337390455288
 22.005039412927516 0.33157573432337817
 22.823484198339735 0.3200547224460787
 23.651458916995928 0.3093363291469057
 24.489104753092303 0.2993077344818212
 25.33663348292317 0.2899312639256456
 26.194115698586632 0.28118516252730985
 27.061621992180793 0.27300725458112773
 27.939364139999967 0.26537365256930395
 28.827342142044156 0.25825828839530174
 29.725697182509556 0.25159116592172176
 30.63464103769049 0.2453430791485866
 31.55424429968505 0.2394959130954109
 32.48457756059135 0.23400316660269244
 33.425852596703685 0.22884946637808518
 34.37814000012018 0.22403467683710762
 35.341580955037024 0.21954108611567244
 36.31631664565043 0.2153542988446949
 37.30248825615662 0.2114626398617874
 38.30016637865368 0.2078428848963612
 39.309562789435915 0.20448453812316725
 40.33074808060144 0.20137094222493881
 41.36393402844457 0.19846947940671106
 42.409191225063395 0.19574735209045094
 43.46666085465414 0.19316659917309265
 44.53648410141299 0.1907003523192906
 45.61887274163426 0.1883377412045015
 46.713967959514186 0.18608966740010893
 47.82184034715083 0.1839657132008457
 48.94263108874043 0.18196848255925588
 50.07655196057728 0.18010462893442658
 51.22374414685759 0.17837679044576496
 52.384348831777565 0.17677132942643736
 53.55850719953342 0.17526540768240448
 54.746431026419465 0.17385139572334735
 55.9481909045338 0.17251994780048147
 57.16399861017074 0.17125232871748447
 58.39406591962458 0.17005751508862804
 59.638463424993446 0.16895523716416122
 60.89740290257162 0.1679814086653062
 62.17102553655534 0.16716868683865552
 63.45954310323891 0.16650294232705726
 64.76309678681851 0.1659208552465986
 66.0818983635885 0.16535751549301386
 67.41601842564693 0.16478240624163384
 68.76573934138622 0.16420529329240205
 70.13127288710072 0.1636733675087323
 71.51261906279042 0.16317879725272696
 72.91034260524012 0.16271560722103534
 74.32430233025364 0.16229150776599985
 75.75449823783096 0.1618503194073454
 77.20163624895314 0.1614471401935183
 78.66501044263912 0.16105636019818018
 80.14603266085098 0.16067355913798126
 81.64399698260769 0.1603292115376338
 83.15960932889027 0.15998578505927616
 84.69286969969873 0.1596674177677361
 86.24448401601411 0.15944542459095115
 87.81374635685538 0.159369137055146
 89.40065672222251 0.1592871518996803
 91.0066269540776 0.1591111963632831
 92.63165705242065 0.1588880099576473
 94.2750410962706 0.15860233241816127
 95.93748500660853 0.1582536329033605
 97.61969470441541 0.15796936675668405
 99.32096426871024 0.15774556740647175
 101.0427055414551 0.15758765481621256
 102.78421260166897 0.1575519780528873
 104.5454854493518 0.15754667391800142
 106.32723000548467 0.15750859504166878
 108.13015219104858 0.15748591165376055
 109.95354608506251 0.15744306772233976
 111.79882352948853 0.15738475748948438
 113.66527860334563 0.15743673208834724
 115.55291130663376 0.15762266500085084
 117.46242756033399 0.15787279839340004
 119.39453328542734 0.15805511254309795
 121.34922848191383 0.15810270216995065
 123.32580722881241 0.15793392763146602
 125.32638728906619 0.15769528291733212
 127.34885089973204 0.1574690772935282
 129.39602174473413 0.15734045819265596
 131.46578206112935 0.15737647179235845
 133.5602496118608 0.15751192236153913
 135.67871847594745 0.15779196592130587
 137.82189457437036 0.15819783984685562
 139.98977790712945 0.158712918105588
 142.1823684742248 0.15919151846643234
 144.40107811761845 0.15966804767562462
 146.64449499534834 0.1601895186840171
 148.91473687035753 0.16074114800172953
 151.21039190068404 0.16119994737245424
 153.5335778492709 0.16148017368273607
 155.88288287415605 0.16163790027405642
 158.25901289632057 0.16160137035030944
 160.66337975772646 0.16144142985886975
 163.09527753739275 0.1612382233259887
 165.5547062353194 0.1609285051455073
 168.04307769346852 0.160535342270359
 170.559685990859 0.16014887025017066
 173.105942969453 0.15991600830639396
 175.68114270826942 0.1599070796422602
 178.2859911282893 0.16003972095997504
 180.9204882295127 0.16026587277564375
 183.58604585390165 0.16061363893708244
 186.28125215949407 0.16097476721121387
 189.00822490923306 0.1612412064782136
 191.76696410311862 0.16145029086352972
 194.55676382016978 0.16150774442038138
 197.3783299813675 0.16135491477638877
 200.23307442867386 0.16106752283890124
 203.12029124110785 0.16067828828342623
 206.0406863396505 0.16024495218849355
 208.9942597243018 0.15983076806365326
 211.9824232370238 0.15948830439056577
 215.00447095683552 0.15933030956163816
 218.06110880471795 0.1593480630694214
 221.15233678067113 0.15936837995017397
 224.2795667266571 0.15932910623853785
 227.44279864267583 0.15927017239348157
 230.64132660774632 0.15899777491428338
 233.87726838481174 0.1584410595146933
 237.14991805289097 0.15777495032410205
 240.459981532965 0.15713903743471963
 243.80816474601502 0.15654497061447425
 247.1944676920409 0.15580870949798897
 250.61889037104268 0.15466852689750338
 254.0828446249824 0.15317569638112943
 257.58703637484115 0.15185733326477402
 261.1300537786569 0.150998099001287
 264.7140145993726 0.15044925512517518
 268.3389188369884 0.1499513196103585
 272.0047664915042 0.149145867753639
 275.7122634839011 0.14791760684251815
 279.4621157351601 0.14647738747886435
 283.25502916626226 0.1449715901936204
 287.0902978562265 0.14335005118789262
 290.969333647015 0.14166156649800846
 294.89284245960863 0.14010046014485844
 298.86082429400756 0.13878675561998557
 302.8732791502116 0.13760218974197053
 306.9323247911641 0.136322562057446
 311.03654937490273 0.13477898271985034
 315.18736474338976 0.13286712052989158
 319.38477089662507 0.13061120247003896
 323.63017967657083 0.1281240422868106
 327.92359108322694 0.12554692013949595
 332.2657110375745 0.12312120382097637
 336.6572454605945 0.12100515850694817
 341.0974884313059 0.11888725240321985
 345.5885577126519 0.11641050325179939
 350.12974738365136 0.11359743531634824
 354.7224692862664 0.1106885848287352
 359.36672342049707 0.1079409637027761
 364.0632157073243 0.10552327359503594
 368.8126520677291 0.10334625222408006
 373.6157384226927 0.10099428771478705
 378.47247477221487 0.09816358991126269
 383.38427295825784 0.09495988298371738
 388.3511329808215 0.09161987916005201
 393.37305483990593 0.08821867769059488
 398.45215629845427 0.08468562002531452
 403.5877314354854 0.08097588956914685
 408.7811920929614 0.07724173976723567
 414.0325382708823 0.07355927281890472
 419.3424758902291 0.06983645352747117
 424.71171087198286 0.06616002880049707
 430.14094913712466 0.06254010308866365
 435.6308966066354 0.05874627901677657
 441.18225920149627 0.05476804837076987
 446.79574284268824 0.05077194147819536
 452.4713475302113 0.04683156760725733
 458.20977918504644 0.04304894059500191
 464.0124496491558 0.03951854879241867
 469.8800648435205 0.036259627222509604
 475.81191884715935 0.03323098016276356
 481.81012942301544 0.030324880398968933
 487.87540249206995 0.02747264438614871
 494.00703213334174 0.024698499195392368
 500.2071361097739 0.0220392878470314
 506.47571442136655 0.01950702280418885
 512.8134729891007 0.017130288422306034
 519.2211177339572 0.014925373559245166
 525.6993545769172 0.012931351968560968
 532.249595359943 0.011224628013969184
 538.8718400830342 0.00979177052673278
 545.5667946671721 0.008572813231350923
 552.3358709543187 0.0075429822060420065
 559.1790689444739 0.006630357107191175
 566.097094558619 0.005760266307002669
 573.0913596387157 0.004916428796808342
 580.1625701057454 0.004099463805198692
 587.3107259597078 0.003339506768846187
 594.5372390425653 0.0026800035983644064
 601.8428152752986 0.002112964116932501
 609.2281605788888 0.0016124526038538683
 616.6946867952983 0.0012080532349609688
 624.2416880035457 0.0009276387267673792
 631.8712819665742 0.0007463716931036536
 639.5841746053648 0.0006371707615798024
 647.3803659199176 0.0005792141040401985
 655.2619736731757 0.0005462453467027138
 663.228291944158 0.0005140090577600805
 671.2814384958076 0.00046530078813314325
 679.4221192491057 0.0004127127433652417
 687.650334204052 0.00037836442869658004
 695.9674952026087 0.00035367111972376466
 704.374308165757 0.0003261878385640475
 712.874302698402 0.00030696389085745903
 721.45830182779 0.00030319063091723545
 730.1411298945229 0.00029623987441797635
 738.9157276887906 0.0002637548917380543
 747.7891544204031 0.00021900237997280104
 756.7472916697399 0.00021014619468892785
 765.8113170662319 0.00026090941179707157
 774.9671121902585 0.00032524590262895676
 784.22173625163 0.0003318909796403806
 793.5751892503465 0.00026357315099025694
 803.0274711864079 0.0001643545035272449
 812.5785820598143 0.0000848007157208612
 822.2355810803758 0.00004381039383781836
 831.9984682480928 0.00003266793206729197
 841.8531251433442 0.00003356086335355387
 851.8207293955613 0.0000339562093185414
 861.8942217949336 0.00003062856523771471
 872.0736023414613 0.000024940562981037265
 882.3518118253339 0.00001950238649887495
 892.7500278759825 0.00001545646500896036
 903.2470728639761 0.000011206167101215907
 913.8641244187454 0.000006334914896755899
 924.5870641206703 0.000002334223693113357
 935.4229511795605 4.862854389613721E-7
 946.3717855954166 3.0361759170088637E-7
 957.4335673682383 -4.983713077051084E-7
 968.615355707836 -0.000002209621471133903
 979.9100914043992 -0.000002161346719038522
 991.3248336677385 2.3188696127129108E-7
 1002.8595824978538 0.000002180753169422881
 1014.5072786849347 0.0000034184513337349874
 1026.2820406486019 0.000004951831405816491
 1038.1697499692348 0.000005665956569197161
 1050.1915842762644 0.000005402913363884499
 1062.3263659402596 0.000007009898031425877
 1074.5952725906513 0.000010379709320057048
 1086.9841858078191 0.000010768334286523683
 1099.5001648015734 0.00000875844905207517
 1112.1502687817242 0.00000733363836070828
 1124.920379328651 0.0000057541655919154725
 1137.8246148619746 0.000003989946265173257
 1150.862975381695 0.0000029091806637287544
 1164.0284016780015 0.000002342228679631374
 1177.3350121705153 0.0000018225252203550698
 1190.768688439615 0.0000012112717258276092
 1204.343548904922 6.443327232964833E-7
 1218.0525343566258 2.840317727730403E-7
 1231.895644794726 1.6370613965562674E-7
 1245.8869986388438 1.99751116251456E-7
 1260.0124774693584 2.664623809799568E-7
 1274.27914049608 2.565869041578782E-7
 1288.6869877190084 1.6136312016113206E-7
 1303.2430783479542 6.8432395294406E-8
 1317.9403531731073 2.647507821615803E-8
 1332.7858714042775 1.4932016342070814E-8
 1347.7796330414653 1.0348232238415737E-8
 1362.9216380846703 6.21533878102517E-9
 1378.211886533893 3.1573072822811714E-9
 1393.6503783891328 1.5341680747770257E-9
 1409.2371136503903 7.860665690227584E-10
 1424.9862107372858 4.1827204355570543E-10
 1440.8835512301985 2.162536004655954E-10
 1456.936194338939 1.0456642714226659E-10
 1473.1441400635074 4.675288723000636E-11
 1489.5073884039034 1.938696294820775E-11
 1506.0329985699377 7.612634367112033E-12
 1522.7209705616099 2.823480811053864E-12
 1539.5642451691099 1.0098194259283312E-12
 1556.569881602248 3.2360405826858017E-13
 1573.7449390708346 1.215259166480262E-13
 1591.0752991552488 0.
 1608.5821394849218 4.062613835934928E-14
 1626.2442824304226 0.
 1644.0829056211824 0.
 1662.08389063758 0.
 1680.2542966894264 0.
 1698.6011829865313 0.
 1717.1174903190845 0.
 1735.8102778968969 0.
 1754.6724865101576 0.
 1773.7182345784875 0.
 1792.9334036822659 0.
 1812.332112241113 0.
 1831.9073010452194 0.
 1851.6589700945842 0.
 1871.5941785990185 0.
 1891.7199857683324 0.
 1912.0222731829049 0.
 1932.5081000525463 0.
 1953.1774663772574 0.
 1974.0374313668476 0.
 1995.0879950213173 0.
 2016.3220981308564 0.
 2037.753859115085 0.
 2059.3691595543833 0.
 2081.1821178683713 0.
 2103.1856748472383 0.
 2125.379830490985 0.
 2147.7787032192323 0.
 2170.368174612359 0.
 2193.1553038801753 0.
 2216.1400910226816 0.
 2239.322536039878 0.
 2262.709698141574 0.
 2286.2945181179603 0.
 2310.0840551788465 0.
 2334.0783093242335 0.
 2358.2702213443094 0.
 2382.673909658697 0.
 2407.282315057584 0.
 2432.0954375409715 0.
 2457.1203363186696 0.
 2482.3499521808676 0.
 2507.7842851275664 0.
 2533.4374535783854 0.
 2559.3023983235153 0.
 2585.3720601531454 0.
 2611.6605574868963 0.
 2638.1608311149585 0.
 2664.87288103733 0.
 2691.803766463823 0.
 2718.9464281846267 0.
 2746.307925409552 0.
 2773.8811989287865 0.
 2801.680367161953 0.
 2829.69131168943 0.
 2857.9281509308385 0.
 2886.3838256763675 0.
 2915.051276716207 0.
 2943.944622469978 0.
 2973.0638629376804 0.
 3002.4019389095033 0.
 3031.9588503854475 0.
 3061.741656575323 0.
 3091.750357479129 0.
 3121.977893887057 0.
 3152.431325008916 0.
 3183.1106508447056 0.
 3214.0088121846165 0.
 3245.1399274482687 0.
 3276.4898782160426 0.
 3308.072782907557 0.
 3339.8745231031935 0.
 3371.9021580127605 0.
 3404.1627468460697 0.
 3436.6421711834996 0.
 3469.3545494446707 0.
 3502.2928224197735 0.
 3535.456990108807 0.
 3568.8470525117723 0.
 3602.463009628669 0.
 3636.304861459497 0.
 3670.379667214066 0.
 3704.6733084727566 0.
 3739.1999036551883 0.
 3773.9453343417413 0.
 3808.923718952036 0.
 3844.120939066451 0.
 3879.551113104608 0.
 3915.2001226468856 0.
 3951.0820861129055 0.
 3987.182885083045 0.
