 1.412858488283101 0.9967315123123596
 1.9893417982356907 0.9913595646993227
 2.5725948903964087 0.9821933853886575
 3.1627165937025983 0.9687209295379539
 3.7597775002523646 0.9508730431847567
 4.363855261353621 0.9289131804969599
 4.975034587524091 0.9033702545330893
 5.5934001892815 0.8749207961713465
 6.219043836353381 0.8443149766394186
 6.852029061628029 0.8122812507320667
 7.492433516413357 0.7794343384340844
 8.140398384905572 0.7463679830539113
 8.795987199992966 0.71360524416713
 9.459270553773646 0.6815204411957785
 10.13031903834571 0.6503370428157964
 10.809344430003474 0.620339419928011
 11.496276136648833 0.5916936715701953
 12.191255342477993 0.5643905789820217
 12.89442323168716 0.5385089894603261
 13.60585039637444 0.5140604458634724
 14.325678020736039 0.49105029637737285
 15.053906104771958 0.46943407347757454
 15.7906758326784 0.4491112502454397
 16.536128388651576 0.43004420751903355
 17.29033436478959 0.4121878850737868
 18.053364353190542 0.3954566077221127
 18.825359538050645 0.3797709310218872
 19.606461103566097 0.3651031311362543
 20.396669049736907 0.3513724226959362
 21.196195152857378 0.3385174062724343
 22.005039412927516 0.32646624748210706
 22.823484198339735 0.31518140474791373
 23.651458916995928 0.3046419181250635
 24.489104753092303 0.2947524876855871
 25.33663348292317 0.2854879392395785
 26.194115698586632 0.27683159340280644
 27.061621992180793 0.26871661066629676
 27.939364139999967 0.2611073359671303
 28.827342142044156 0.25397037606374195
 29.725697182509556 0.24724315515850598
 30.63464103769049 0.24092283386685776
 31.55424429968505 0.2350251880932195
 32.48457756059135 0.22952795360219388
 33.425852596703685 0.22442087783595985
 34.37814000012018 0.21969413026932985
 35.341580955037024 0.21531384385110447
 36.31631664565043 0.21124934125888917
 37.30248825615662 0.20747984107286974
 38.30016637865368 0.2039768906941089
 39.309562789435915 0.2007257663916772
 40.33074808060144 0.19771227669376448
 41.36393402844457 0.19491010673366202
 42.409191225063395 0.19229322168409624
 43.46666085465414 0.18983776380061407
 44.53648410141299 0.18754104557525986
 45.61887274163426 0.18541117618799513
 46.713967959514186 0.18345584310188462
 47.82184034715083 0.18165552612382094
 48.94263108874043 0.17997677458422046
 50.07655196057728 0.17840895497210227
 51.22374414685759 0.17696204513003147
 52.384348831777565 0.1756483044669191
 53.55850719953342 0.17446528423558175
 54.746431026419465 0.1734087927272258
 55.9481909045338 0.17246237351718105
 57.16399861017074 0.17160322065980088
 58.39406591962458 0.1708407075159906
 59.638463424993446 0.17018670735169794
 60.89740290257162 0.1696540149304127
 62.17102553655534 0.1692500037618002
 63.45954310323891 0.1689562657085012
 64.76309678681851 0.16873319384496535
 66.0818983635885 0.16855711314783856
 67.41601842564693 0.16842264284821157
 68.76573934138622 0.16832666508734787
 70.13127288710072 0.1682792413436635
 71.51261906279042 0.1682460124601606
 72.91034260524012 0.16824315839120868
 74.32430233025364 0.16833439729909747
 75.75449823783096 0.16849457951650212
 77.20163624895314 0.16877625587715614
 78.66501044263912 0.16913289651241786
 80.14603266085098 0.16953427615285196
 81.64399698260769 0.1699941320152322
 83.15960932889027 0.17046443186874136
 84.69286969969873 0.17095518584087496
 86.24448401601411 0.17151386146625994
 87.81374635685538 0.1721690082238855
 89.40065672222251 0.17278024004636194
 91.0066269540776 0.1733304135425553
 92.63165705242065 0.17393824030343408
 94.2750410962706 0.17457229551772457
 95.93748500660853 0.17513683324912246
 97.61969470441541 0.17568519355104256
 99.32096426871024 0.1762042504093421
 101.0427055414551 0.17673615231895726
 102.78421260166897 0.17737146851626684
 104.5454854493518 0.17802199417722228
 106.32723000548467 0.17862372039134303
 108.13015219104858 0.17924546873595304
 109.95354608506251 0.1798778605389522
 111.79882352948853 0.18053318706507576
 113.66527860334563 0.18128427385348256
 115.55291130663376 0.1820854549962821
 117.46242756033399 0.18290771656131258
 119.39453328542734 0.18370852747783364
 121.34922848191383 0.184475897102551
 123.32580722881241 0.1851471571807829
 125.32638728906619 0.1858835733538443
 127.34885089973204 0.18670189653529237
 129.39602174473413 0.1875855208435808
 131.46578206112935 0.188524589693608
 133.5602496118608 0.18942219536418517
 135.67871847594745 0.19034938547246433
 137.82189457437036 0.19124628063062354
 139.98977790712945 0.19205227054577212
 142.1823684742248 0.19264929715403026
 144.40107811761845 0.19313137366928962
 146.64449499534834 0.1935197248847241
 148.91473687035753 0.1938138246920336
 151.21039190068404 0.19400822580941898
 153.5335778492709 0.19415972180152696
 155.88288287415605 0.194414817052887
 158.25901289632057 0.19468785477807382
 160.66337975772646 0.19501223820162294
 163.09527753739275 0.19543136766301727
 165.5547062353194 0.19586385804955814
 168.04307769346852 0.19631208098627423
 170.559685990859 0.19673816370556926
 173.105942969453 0.19711788382795525
 175.68114270826942 0.1974730401288919
 178.2859911282893 0.19777493115842856
 180.9204882295127 0.19799640028861587
 183.58604585390165 0.19819202622129134
 186.28125215949407 0.19832837346934898
 189.00822490923306 0.19833731071780314
 191.76696410311862 0.19830143923266397
 194.55676382016978 0.19814439720643087
 197.3783299813675 0.19777313961644516
 200.23307442867386 0.19731108803109448
 203.12029124110785 0.1968711093690702
 206.0406863396505 0.19644926834556398
 208.9942597243018 0.19596761040187105
 211.9824232370238 0.195363842155498
 215.00447095683552 0.19461314550134823
 218.06110880471795 0.19369574775290546
 221.15233678067113 0.19258922556885186
 224.2795667266571 0.19128861332000355
 227.44279864267583 0.18988223685741387
 230.64132660774632 0.18832193043347842
 233.87726838481174 0.18665771110398868
 237.14991805289097 0.18502704381650953
 240.459981532965 0.18339126828220187
 243.80816474601502 0.18167647260723888
 247.1944676920409 0.1798326143696411
 250.61889037104268 0.17781498919299274
 254.0828446249824 0.17566751789893967
 257.58703637484115 0.1735390623936473
 261.1300537786569 0.17137394107607007
 264.7140145993726 0.16910165040885772
 268.3389188369884 0.16677601431214786
 272.0047664915042 0.16431231981840733
 275.7122634839011 0.16162413531167694
 279.4621157351601 0.15875617880531012
 283.25502916626226 0.15579474188127568
 287.0902978562265 0.15272519355131178
 290.969333647015 0.14957564723624608
 294.89284245960863 0.1464220584318534
 298.86082429400756 0.1432141284585359
 302.8732791502116 0.13987473114706783
 306.9323247911641 0.13647840338328962
 311.03654937490273 0.13309208873108097
 315.18736474338976 0.12968038823721054
 319.38477089662507 0.12618390768317067
 323.63017967657083 0.12261304572965122
 327.92359108322694 0.1190859704362504
 332.2657110375745 0.1156399137364431
 336.6572454605945 0.11220868809824883
 341.0974884313059 0.10866879718006074
 345.5885577126519 0.10495029646060228
 350.12974738365136 0.10105859306839603
 354.7224692862664 0.0970839467350056
 359.36672342049707 0.0931374409901071
 364.0632157073243 0.08925271063404833
 368.8126520677291 0.08542203181049583
 373.6157384226927 0.08158913314035489
 378.47247477221487 0.07769736378880363
 383.38427295825784 0.07375369759208858
 388.3511329808215 0.0698164945808177
 393.37305483990593 0.06594599956983226
 398.45215629845427 0.062193619848762295
 403.5877314354854 0.05854561868308125
 408.7811920929614 0.05491066019595248
 414.0325382708823 0.05116989340842593
 419.3424758902291 0.04724852687880578
 424.71171087198286 0.04320386348258323
 430.14094913712466 0.03914516385290517
 435.6308966066354 0.035141405938631784
 441.18225920149627 0.031328139858094795
 446.79574284268824 0.027896593552916363
 452.4713475302113 0.024919262975547085
 458.20977918504644 0.02233193095176998
 464.0124496491558 0.020073990853343694
 469.8800648435205 0.018128502351211072
 475.81191884715935 0.016424331186117223
 481.81012942301544 0.014893041758960321
 487.87540249206995 0.013548455204115828
 494.00703213334174 0.012338673642710614
 500.2071361097739 0.01110618648693559
 506.47571442136655 0.009773462795206328
 512.8134729891007 0.00841457805529129
 519.2211177339572 0.007161295661809667
 525.6993545769172 0.006120819255313677
 532.249595359943 0.005336838714637805
 538.8718400830342 0.00479281295963871
 545.5667946671721 0.004428680214348622
 552.3358709543187 0.004147381503466251
 559.1790689444739 0.0038677076286544715
 566.097094558619 0.0035926312269581916
 573.0913596387157 0.0033835434621315753
 580.1625701057454 0.0033232531573929897
 587.3107259597078 0.0034950800589346204
 594.5372390425653 0.003878086124303638
 601.8428152752986 0.004350405514032836
 609.2281605788888 0.004829544707238055
 616.6946867952983 0.005296547413979489
 624.2416880035457 0.005736770391114853
 631.8712819665742 0.006109564056375682
 639.5841746053648 0.006287217903983046
 647.3803659199176 0.006078351249782071
 655.2619736731757 0.0053987874861395856
 663.228291944158 0.004331517518147957
 671.2814384958076 0.0030273454326256353
 679.4221192491057 0.0016647044557376127
 687.650334204052 0.00040700936595473305
 695.9674952026087 -0.0007472194540233801
 704.374308165757 -0.0018552422763828177
 712.874302698402 -0.002842892759828171
 721.45830182779 -0.0036839826646758948
 730.1411298945229 -0.004438382927938672
 738.9157276887906 -0.0050344329555263145
 747.7891544204031 -0.005384886501573718
 756.7472916697399 -0.005700033757382143
 765.8113170662319 -0.006331405159538116
 774.9671121902585 -0.007142627032941073
 784.22173625163 -0.007460693959907895
 793.5751892503465 -0.0068380565947875485
 803.0274711864079 -0.0054921298540876635
 812.5785820598143 -0.004108428915017673
 822.2355810803758 -0.0032327810717243275
 831.9984682480928 -0.0027210256845505375
 841.8531251433442 -0.002154592252648294
 851.8207293955613 -0.001571942701897027
 861.8942217949336 -0.0011074057725656338
 872.0736023414613 -0.0006308026037826964
 882.3518118253339 -0.000093500001105855
 892.7500278759825 0.0005111628764965896
 903.2470728639761 0.0012435430823170106
 913.8641244187454 0.002013398167302731
 924.5870641206703 0.0025895786645304367
 935.4229511795605 0.0028481612210581268
 946.3717855954166 0.003087626942912239
 957.4335673682383 0.003600370962084137
 968.615355707836 0.004410185807072222
 979.9100914043992 0.005568901928264448
 991.3248336677385 0.006530223092740651
 1002.8595824978538 0.006332459868397007
 1014.5072786849347 0.005347994061755107
 1026.2820406486019 0.004762283503751393
 1038.1697499692348 0.004641286370161595
 1050.1915842762644 0.0047908298247682345
 1062.3263659402596 0.0055892955512684885
 1074.5952725906513 0.006933667509264582
 1086.9841858078191 0.007961524584215415
 1099.5001648015734 0.008408136865448548
 1112.1502687817242 0.008407422116649837
 1124.920379328651 0.00760975471757009
 1137.8246148619746 0.0065454842297851265
 1150.862975381695 0.005746922251472761
 1164.0284016780015 0.004290974143743931
 1177.3350121705153 0.001550630153972672
 1190.768688439615 -0.0017623873713851752
 1204.343548904922 -0.004333795541061929
 1218.0525343566258 -0.005505179191371761
 1231.895644794726 -0.005868525008592272
 1245.8869986388438 -0.005533625575012278
 1260.0124774693584 -0.004339445749627768
 1274.27914049608 -0.002630685046776238
 1288.6869877190084 0.0001268736507692737
 1303.2430783479542 0.003967029550952957
 1317.9403531731073 0.0072987784875119584
 1332.7858714042775 0.007697672486504131
 1347.7796330414653 0.004026852345901617
 1362.9216380846703 -0.0008087483958107446
 1378.211886533893 -0.0031843895340064156
 1393.6503783891328 -0.002943660104613097
 1409.2371136503903 -0.0009827963289084681
 1424.9862107372858 0.002148327671373617
 1440.8835512301985 0.004807872683893197
 1456.936194338939 0.004887150455704268
 1473.1441400635074 0.0009295511035473904
 1489.5073884039034 -0.006788772960262661
 1506.0329985699377 -0.014211887864999715
 1522.7209705616099 -0.015300627861127326
 1539.5642451691099 -0.009383375288386573
 1556.569881602248 -0.0004167618509993396
 1573.7449390708346 0.007575514182523609
 1591.0752991552488 0.01017948938643976
 1608.5821394849218 0.007525620609259276
 1626.2442824304226 0.003817297552385465
 1644.0829056211824 0.0008456072478458253
 1662.08389063758 -0.0017664886828380624
 1680.2542966894264 -0.004607736218862963
 1698.6011829865313 -0.006894870400674526
 1717.1174903190845 -0.007122358970482451
 1735.8102778968969 -0.007337049493491776
 1754.6724865101576 -0.010313313959723631
 1773.7182345784875 -0.012195057130802357
 1792.9334036822659 -0.0093733261501601
 1812.332112241113 -0.005223120887241068
 1831.9073010452194 -0.0037713364403381333
 1851.6589700945842 -0.003177321111812868
 1871.5941785990185 -0.0011460529414720315
 1891.7199857683324 -0.0006165685204625784
 1912.0222731829049 -0.0014266605482199035
 1932.5081000525463 0.0005034417417886957
 1953.1774663772574 0.0033073816593154155
 1974.0374313668476 0.003701724215849067
 1995.0879950213173 0.007117518369276968
 2016.3220981308564 0.015700360871225175
 2037.753859115085 0.020305574387771634
 2059.3691595543833 0.016245691855004903
 2081.1821178683713 0.010350109907408448
 2103.1856748472383 0.009989981368472073
 2125.379830490985 0.013092782938430898
 2147.7787032192323 0.017025293201975156
 2170.368174612359 0.01911424674066714
 2193.1553038801753 0.01567287247255627
 2216.1400910226816 0.01502500581821329
 2239.322536039878 0.020555049779406313
 2262.709698141574 0.02424168273315812
 2286.2945181179603 0.02390951020468123
 2310.0840551788465 0.02149135639636713
 2334.0783093242335 0.017167763384011513
 2358.2702213443094 0.012795394849635305
 2382.673909658697 0.008085573136762872
 2407.282315057584 0.0010383923354076246
 2432.0954375409715 -0.0041077415153064805
 2457.1203363186696 -0.004931650664370916
 2482.3499521808676 -0.004208161385057213
 2507.7842851275664 -0.005050370356276886
 2533.4374535783854 -0.008594321193625179
 2559.3023983235153 -0.01087769684595297
 2585.3720601531454 -0.009152004273721565
 2611.6605574868963 -0.005882170350500943
 2638.1608311149585 -0.003125610973268879
 2664.87288103733 -0.0012824709415580414
 2691.803766463823 -0.00020194910877538116
 2718.9464281846267 0.000605907553671662
 2746.307925409552 0.0014072372500669552
 2773.8811989287865 0.0021118603510005248
 2801.680367161953 0.002602997247875065
 2829.69131168943 0.0028817042661649847
 2857.9281509308385 0.0030223939461131734
 2886.3838256763675 0.0031012416478559957
 2915.051276716207 0.0031552975784547616
 2943.944622469978 0.0031982266093335287
 2973.0638629376804 0.0032362304539918763
 3002.4019389095033 0.003270303235046432
 3031.9588503854475 0.003300144595821128
 3061.741656575323 0.00332674344544738
 3091.750357479129 0.0033518954324502455
 3121.977893887057 0.003375710047155087
 3152.431325008916 0.0033977832567124292
 3183.1106508447056 0.003419399721384649
 3214.0088121846165 0.003440296738567638
 3245.1399274482687 0.003460331197655423
 3276.4898782160426 0.003480543741324724
 3308.072782907557 0.0035009293724405748
 3339.8745231031935 0.0035213565724422622
 3371.9021580127605 0.0035416976829808692
 3404.1627468460697 0.0035626000086194567
 3436.6421711834996 0.0035831489891943995
 3469.3545494446707 0.0036061070485327792
 3502.2928224197735 0.0036238441199696212
 3535.456990108807 0.0036437880383159227
 3568.8470525117723 0.0036692701366583787
 3602.463009628669 0.0036948999011107717
 3636.304861459497 0.0037150291916423204
 3670.379667214066 0.003735624223590083
 3704.6733084727566 0.003767176779444537
 3739.1999036551883 0.003788177654894104
 3773.9453343417413 0.003809262602535277
 3808.923718952036 0.0038413796855220196
 3844.120939066451 0.003868286316443131
 3879.551113104608 0.0038898926238645506
 3915.2001226468856 0.003917104257335462
 3951.0820861129055 0.003944520981733242
 3987.182885083045 0.0039724685569892
