 0.25761715165407756 0.00009499364417213297
 0.7758801355213893 0.0011843156560236376
 1.300240758970049 0.0045464202208368686
 1.8307730823998298 0.01141935329256862
 2.3675355745473956 0.022794666034640188
 2.910619186780888 0.03926921826089201
 3.4600888843632682 0.06100222927614066
 4.016016129083789 0.08775959591253157
 4.578478879258003 0.11900341037285958
 5.14755509320146 0.1539933318644754
 5.723329225756009 0.1918813518840605
 6.305859745658311 0.23179106294360963
 6.895218114697623 0.2728780497284055
 7.491534263399861 0.3143716532505832
 8.094866660501689 0.35560074691276067
 8.70528027126607 0.39600669651024906
 9.322840060955956 0.4351463616630744
 9.947740925360229 0.4726874310681639
 10.579917899215932 0.5083977602186307
 11.219500913048979 0.5421313931537545
 11.866619897385288 0.5738140404326475
 12.521339817487823 0.6034286317438833
 13.183790603882498 0.6310018227892518
 13.853972256569316 0.6565930024723403
 14.532014706074191 0.6802856031397513
 15.218047882923045 0.7021791038705639
 15.912136752378837 0.7223804473403584
 16.614346279704527 0.7409978023869983
 17.32480639542603 0.7581372053922026
 18.043647030069266 0.7739026669043554
 18.770868183634235 0.7883970246209615
 19.506664751909817 0.8017208771605754
 20.251036734896008 0.8139685857075329
 21.004243993644646 0.8252252885733505
 21.766221562892774 0.8355670611309364
 22.537099373166306 0.8450642744330152
 23.317072320254123 0.8537845273393261
 24.106205369419182 0.8617913670429356
 24.904563485924445 0.8691424231711133
 25.712341565558788 0.8758918601098961
 26.529539608322214 0.8820906968725094
 27.35628754474063 0.8877855809370855
 28.19278027060293 0.8930170289703447
 29.039082751172064 0.8978194801389995
 29.895259951710987 0.9022214027325612
 30.761506768008584 0.9062460405229907
 31.637888165327812 0.909911359453294
 32.52453407419459 0.9132307939971734
 33.42157442513483 0.9162174587599095
 34.329139148674464 0.9187293916693732
 35.24729321007644 0.9212706334595987
 36.17623150512964 0.9233877359185491
 37.116018999097015 0.9252655767982344
 38.066850587767455 0.9269270800021939
 39.02879123640391 0.9283932502234381
 40.00197087553231 0.9296835461242735
 40.98651943567856 0.9308143343055989
 41.98263181263154 0.9317954773770766
 42.990437936917175 0.9326307604483606
 44.01000277379841 0.9333230090238408
 45.04145625380119 0.9338810727965113
 46.084993272714364 0.9343227577751677
 47.14074376106387 0.9346716276001922
 48.20883764937561 0.9349493800128416
 49.28940486817552 0.935172221679804
 50.38264031325246 0.9353542268116245
 51.4886089498694 0.935504405035508
 52.60750567381522 0.9356237692681225
 53.73952538087878 0.9357089075796391
 54.88473303632307 0.9357569944656678
 56.043323535936935 0.935768776285859
 57.21542681024632 0.9357488378209201
 58.401237755040086 0.9356998446410306
 59.60088630084415 0.9356177450795181
 60.8145673434474 0.9354944358030387
 62.04234584811279 0.935319947579123
 63.28448167589215 0.9350822853419654
 64.54116972257437 0.9347676414380389
 65.81240998815944 0.9343648737839956
 67.09872219475105 0.9338726495947458
 68.39997641182326 0.9333038702299559
 69.71617263937608 0.9326791672028109
 71.0479605300391 0.9320183190440391
 72.39469043118274 0.9313389718282251
 73.75766164806616 0.9306533871781923
 75.1362245280598 0.929963697550084
 76.53102872379321 0.9292613731193272
 77.94207423526642 0.9285311668244983
 79.37001071510902 0.9277530868892552
 80.81418851069141 0.9269074080942731
 82.27460762201359 0.9259832016018185
 83.75256735433474 0.9249773220390799
 85.24806770765488 0.9238912621253577
 86.7604590293444 0.9227374434176858
 88.29039097203291 0.9215355378239855
 89.83851318834996 0.9202931155635645
 91.404176025666 0.9190112961758983
 92.98867878924021 0.917700955187317
 94.59137182644298 0.9163732879925724
 96.21225513727431 0.9150117639777385
 97.85197837436381 0.9136344146336741
 99.51119119034107 0.9121895689738617
 101.18924393257647 0.9106975960332849
 102.88743590632922 0.9091854180707516
 104.60511745896973 0.9076801705906836
 106.34228859049799 0.9061989132422265
 108.09959895354359 0.9047468172315272
 109.8776982007361 0.9033218567252498
 111.67658633207559 0.9019295761093669
 113.4956136949324 0.900574933344411
 115.33672924719534 0.8992310594829783
 117.1979840309756 0.897846935511843
 119.08197665679157 0.896383644106392
 120.9867581667545 0.894817674937647
 122.91427751875312 0.8931348471722556
 124.86388506015788 0.8913411316874187
 126.83623044359834 0.8894652100182622
 128.8313136690745 0.8875313388534147
 130.8491347365864 0.8855370125569081
 132.89099295139314 0.8834562684751991
 134.95558900823565 0.8812595720907045
 137.0448718650026 0.8789373273507802
 139.15754221643488 0.8764976375887702
 141.2955490204212 0.8739522846248656
 143.45759297170244 0.8713250453450628
 145.64432372290818 0.8686561165476608
 147.85704057929757 0.8659804172020041
 150.09509388824105 0.8633132476809203
 152.3584836497386 0.8606611652870496
 154.6485091690494 0.8580170796037155
 156.96452079354387 0.8553603591177333
 159.30781782848118 0.8526689329080207
 161.67775062123178 0.8499167316982276
 164.0749688244252 0.847076833229546
 166.4994724380615 0.8441418272168786
 168.95256076739986 0.841119870304973
 171.43293450718102 0.8380068575157535
 173.94254261529383 0.8347979908228981
 176.48138509173828 0.8315092103360769
 179.04881228388476 0.828143554805294
 181.64547384436284 0.8246991583314242
 184.27266907843176 0.8212039560899431
 186.92974833346187 0.8177007038265215
 189.61736126208282 0.8142042221113545
 192.33550786429458 0.8106988373917896
 195.0854874453563 0.8071695158520176
 197.86665035263846 0.8036100200578196
 200.6796462387706 0.8000180043074381
 203.52447510375274 0.796403491144746
 206.40243625284404 0.7927805908437089
 209.31352968604455 0.7891159822096351
 212.2571057507246 0.7853757074458988
 215.23511340477307 0.7815212396556952
 218.24690299556028 0.7775526854618315
 221.29312417571583 0.7734756958730871
 224.37442659786936 0.7693342527974147
 227.49081026202083 0.765185665993663
 230.64227516817027 0.7610167142337438
 233.8301206215768 0.7567770182412745
 237.05499627487012 0.7524498382355314
 240.31560282279094 0.7480286702252774
 243.61388922322809 0.7434833932674902
 246.94985547618157 0.7388081431077762
 250.32350158165136 0.7340221651628276
 253.73547719226704 0.7291162898712286
 257.1864319606583 0.724076336399627
 260.67701553945454 0.7188715973795611
 264.2065782760264 0.7134451895434115
 267.7764194756329 0.707783571794669
 271.3871887909036 0.7019471992649929
 275.0388862218387 0.6959780280290001
 278.731511768438 0.6898555865077162
 282.4670143885904 0.6835842995476383
 286.24409477703665 0.677197273530389
 290.06405223903596 0.6707058637849312
 293.9268867745883 0.664119293184084
 297.8338976889529 0.6574419865743444
 301.7850849821298 0.6506648810171038
 305.78109830674845 0.6438123398237983
 309.82258731543845 0.6369020623804161
 313.90890235557043 0.6299233330948378
 318.04199238503287 0.6228885202126938
 322.2212077511964 0.6158144701375153
 326.44784775932015 0.6086567744701205
 330.72191240940407 0.6013912831446879
 335.0440513540778 0.5940409200647567
 339.41491424597086 0.58649879586615
 343.8351507377129 0.578623368772364
 348.304760829304 0.5703770009324716
 352.8250438260031 0.5617769652412326
 357.3959997278104 0.5529051480145453
 362.01762853472593 0.5438667326516717
 366.6918792046384 0.534629305819236
 371.41810208491813 0.5251422803263812
 376.19759648082436 0.5154929269407671
 381.0303623923572 0.5057418927151057
 385.91704947214606 0.4958981499586195
 390.85830737282066 0.48596399106166244
 395.8547857470106 0.47588953254390515
 400.90713424734537 0.46561514218621
 406.01600252645466 0.45522581393972483
 411.182040236968 0.44466757042790445
 416.40524737888546 0.43405204914407813
 421.68627360483646 0.42335660873514575
 427.0264182200804 0.41248397188299574
 432.4263308772468 0.40135018912041137
 437.885361923706 0.3900178267106337
 443.4054603173468 0.37863307518455835
 448.9872757107989 0.36720013014964714
 454.6301584514325 0.35561378155093587
 460.3360574971366 0.343823847364235
 466.10497284791103 0.3319092337979827
 471.93755415638554 0.31993737977770714
 477.8344510751895 0.3078452658932368
 483.7963132569527 0.295646507877046
 489.8244400069343 0.2834669632907053
 495.9188313251342 0.2713572939610362
 502.08013686418207 0.2593849281512862
 508.30965592933705 0.2475946794273043
 514.6073885205991 0.23591158129337683
 520.9739842905981 0.22421846594671682
 527.4107425445928 0.21255836635229355
 533.918312935213 0.20104114665060382
 540.4966954624588 0.18976195170361596
 547.1471894315891 0.17875679869558833
 553.8704444952339 0.1678493974771641
 560.6671103060223 0.15695023287059293
 567.538486169214 0.14621457433880017
 574.4839224321792 0.13572835986435602
 581.5053680528064 0.12551439073457146
 588.6034726837255 0.11568921100881169
 595.7782363249364 0.10634158417403664
 603.0316079343279 0.09740176825208353
 610.3629378592705 0.08884054326265048
 617.7741750576528 0.08077645777387724
 625.2659691821045 0.07327336818497139
 632.8383202326256 0.06626004512961033
 640.4925275144752 0.059724408243742914
 648.229240680283 0.05376949247706732
 656.0517079931969 0.04838136489425803
 663.9514839690322 0.043435365840982926
 671.9422113130103 0.03885080850792439
 680.0173934988354 0.03460935697093528
 688.1835270528032 0.03071589028967118
 696.4276189223222 0.02717036954680749
 704.7691586862799 0.023943049644717013
 713.1951532920845 0.020975048138146157
 721.7120992660318 0.018271002586092298
 730.3199966081222 0.015881634524149077
 739.0188453183553 0.013779462989999321
 747.8086453967312 0.011886432092092059
 756.6958933695458 0.010173064889160097
 765.6805892367994 0.008637984347648977
 774.7497399458998 0.007280685075452764
 783.9228350757348 0.006107952014905026
 793.1933781000087 0.005112675930404221
 802.5613690187212 0.004275827316442636
 812.0203113055767 0.0035742721159281636
 821.5896945394626 0.002994510282132359
 831.2500291414916 0.002516459729195235
 841.0208046905509 0.0020966880831117768
 850.8890281340492 0.0017155277541848293
 860.861195998282 0.001394116980490693
 870.9373082832495 0.0011468959553599372
 881.1173649889519 0.0009646023555346546
 891.4078626416847 0.0008333106026630293
 901.8023047151521 0.000739538349402605
 912.3071877356502 0.0006747403641850229
 922.9225117031789 0.000628602276514137
 933.6417800914423 0.0005875173102315368
 944.4779859530322 0.0005450191119514469
 955.4181362353567 0.0005004984122980586
 966.4817205173038 0.0004561897694146885
 977.6492492199853 0.00041812235652205823
 988.9402119222893 0.0003868096370726037
 1000.3416155716241 0.00034415956526599636
 1011.8599566942852 0.0002623912008482588
 1023.5017318165687 0.00012682602185911933
 1035.253947885883 -0.00005686890019609329
 1047.1295979548195 -0.0002701521523651384
 1059.1286820233786 -0.0004935105667624681
 1071.2447035652642 -0.000709172813660548
 1083.4906556330682 -0.0009026128150576422
 1095.8535451741984 -0.0010664481410645665
 1108.3463652412472 -0.001197363302181306
 1120.9626193079184 -0.0013016751133065958
 1133.7023073742118 -0.0014002534429111183
 1146.57842249272 -0.0015164505516618322
 1159.5779716108502 -0.0016523709605264431
 1172.7074512548988 -0.001791825115777323
 1185.9668614248658 -0.0019167344274124071
 1199.362698647047 -0.002016126662215378
 1212.8884663951465 -0.0020886553340660275
 1226.5506611954604 -0.0021398847140901623
 1240.3492830479886 -0.0021830315522176048
 1254.2843319527308 -0.0022335057762100353
 1268.3558079096874 -0.0023003780015180895
 1282.5637109188583 -0.0023809335581600945
 1296.9080409802434 -0.0022107457911493744
 1311.4017911464348 -0.0020387852348989605
 1326.0319683648402 -0.002527068165393525
 1340.805069161756 -0.0025728263026911
 1355.7210935371818 -0.0026408591705664843
 1370.7800414911178 -0.0026914291951511474
 1385.9884095498599 -0.002671239282654721
 1401.3461977134082 -0.002650851007070974
 1416.8469094554666 -0.0025695137986296857
 1432.4970413023311 -0.0025167426528140313
 1448.3030897802976 -0.0025266383155464634
 1464.2520618367744 -0.002589412599884167
 1480.3634470506488 -0.0026598867568636683
 1496.6177558430336 -0.002709263245744993
 1513.0344777928162 -0.0027592627849999515
 1529.6006198474051 -0.0028068915128263245
 1546.322678533096 -0.0028321212945045474
 1563.2071503761847 -0.002866063385689948
 1580.2475388503756 -0.002902824743830845
 1597.4503404819643 -0.0029043387876925035
 1614.809058744655 -0.0029176436080610396
 1632.3366866910396 -0.0029952684236026635
 1650.0202312685262 -0.0030868685570356437
 1667.8726855297064 -0.003072558496686714
 1685.887552948285 -0.003058118250199239
 1704.064833524261 -0.002857941073486185
 1722.4110237839311 -0.0024823360060578386
 1740.9326202535913 -0.0019093705765473703
 1759.616629880649 -0.0012761685921323916
 1778.4695491914006 -0.000740737269557705
 1797.4913781858463 -0.0002912899959370533
 1816.6886133902815 0.00012476085536953623
 1836.0612548047063 0.0004985641946090878
 1855.6028059028254 0.000781955407726447
 1875.3262597372297 0.0009940424586219747
 1895.2186232553283 0.0012275649586687594
 1915.2928895097127 0.001494091429132156
 1935.5425619740863 0.001712900674839237
 1955.96764064845 0.0018015240061191433
 1976.5811185853954 0.0017803131579111665
 1997.3700027323302 0.00177839312465498
 2018.3407896155509 0.0017910101628982687
 2039.4934792350573 0.001803736642613308
 2060.8280715908495 0.0018165893822794897
 2082.351063209223 0.0018864198040607686
 2104.055957563882 0.0019357098751568906
 2125.949251181123 0.001945674510669542
 2148.030944060946 0.0019557248952711747
 2170.2945396770538 0.002009860866329869
 2192.75303108204 0.002030251945085003
 2215.399921749607 0.00201862803327133
 2238.2352116797556 0.0019498463946507666
 2261.265397398782 0.0018804777150177943
 2284.48398238039 0.0017201891966910163
 2307.89096662458 0.0015446395427299476
 2331.4993431839425 0.0013685747939874938
 2355.302615532183 0.001212958327136215
 2379.2942871430055 0.0010881956218609745
 2403.4873510690013 0.0009609810718237079
 2427.8753107838743 0.0007975665327252371
 2452.458166287625 0.0006042135888501883
 2477.242414106549 0.00039308009237478585
 2502.2215577143506 0.0001761741437425991
 2527.402093637326 -0.00007037714621840808
 2552.777525349178 -0.00034497992114427813
 2578.3608459025 -0.0005589894718822697
 2604.1390622446993 -0.0006099018725776176
 2630.125167428368 -0.0005761547333481923
 2656.3126649272103 -0.0005421460537897389
 2682.6950582149298 -0.000395062199697592
 2709.285340344119 -0.00029150129568514076
 2736.0835113147773 -0.00019063481398328325
 2763.083074600609 -0.00008152696505118913
 2790.2840302016143 -0.0000025500532171126287
 2817.692874644089 0.00003024108506842696
 2845.3096079280326 0.000033892139466474577
 2873.12773352715 0.000028539500751914146
 2901.153747967737 0.00002264765664058542
 2929.387651249793 0.000017855946653523868
 2957.8229468470226 0.000014108938659515566
 2986.4726278120174 0.000011173245995970043
 3015.3237010921857 0.000008861118161103025
 3044.389159740119 0.000007033175155826011
 3073.656010703226 0.0000055844239025873665
 3103.130750507802 0.000004434376390293422
 3132.819875680144 0.000003520559490725295
 3162.710393167659 0.0000027940711331821157
 3192.815296022939 0.0000022164026249592647
 3223.1280877196887 0.0000017571010529242179
 3253.6487682579072 0.0000013920110734264944
 3284.3773376375957 0.0000011019321579756975
 3315.3137958587536 8.715801404111909E-7
 3346.4581429213804 6.887772567475131E-7
 3377.816875351773 5.438154470814283E-7
 3409.3770000973386 4.2895421548161026E-7
 3441.1515102106696 3.3802179671618336E-7
 3473.1274126391736 2.660986411185304E-7
 3505.317700435444 2.0926486247511525E-7
 3537.709380546886 1.6439879022477729E-7
 3570.315446026095 1.2901604898702606E-7
 3603.1229038204765 1.0114091814520422E-7
 3636.144746982624 8.160867185503845E-8
 3669.367982459944 6.195730307126793E-8
 3702.799106778734 4.8413827274125683E-8
 3736.431623412697 3.7789666877349324E-8
 3770.278525414426 2.946470470072984E-8
 3804.320323205032 2.2948569659405863E-8
 3838.576506363403 1.7853902161196594E-8
 3873.027585310652 1.3875049270389345E-8
 3907.6865530993705 1.077109675420822E-8
 3942.553409729558 8.352371701655862E-9
 3977.615162148623 6.46971093797289E-9
 4012.8783068828616 5.0059452742757205E-9
 4048.3428439322734 3.869141274236196E-9
 4084.0087732968586 2.9872509749297417E-9
 4119.876094976617 2.303875442838521E-9
 4155.938312445253 1.7749173508206716E-9
 4192.201922229063 1.3659380652778538E-9
 4228.653931275455 1.0500733302094994E-9
 4265.3073326370195 8.063918624080031E-10
 4302.155629787462 6.186041492640249E-10
 4339.198822726781 4.74047810140145E-10
 4376.430414928683 3.628913852272617E-10
 4413.856902919461 2.775102669231501E-10
 4451.471790172823 2.1199819677918166E-10
 4489.275076688764 1.6178524664455405E-10
 4527.266762467289 1.2333956268782527E-10
 4565.446847508393 9.393464512686776E-11
 4603.81533181208 7.1468132105821E-11
 4642.365718852053 5.432074838350073E-11
 4681.091512102015 4.1246708816148207E-11
 4720.005704614559 3.128864668516821E-11
 4759.101799863389 2.3711662159760783E-11
 4798.373301322208 1.795224997229204E-11
 4837.820208991016 1.3578803664952294E-11
 4877.4425228698165 1.0261103341031332E-11
 4917.246739484901 7.746773349097695E-12
 4957.2133692573825 5.843140412360572E-12
 4997.355405239856 4.403267533651255E-12
 5037.666350906022 3.3152156926457347E-12
 5078.139709729586 2.493798277695859E-12
 5118.781978236843 1.87425488812357E-12
 5159.586659901499 1.4074043147188547E-12
 5200.560251249849 1.0559352389014903E-12
 5241.683262703005 7.915698528049973E-13
 5282.968687313559 5.928984566860474E-13
 5324.410028555215 4.4372734385867403E-13
 5366.007286427972 3.318200918000574E-13
 5407.753964405536 2.4793954023477955E-13
 5449.650062487906 1.8511928547376976E-13
 5491.695580675081 1.3811047864164048E-13
 5533.884022440768 8.286539048717609E-14
 5576.215387784965 7.670254958425961E-14
 5618.6896767076705 5.709938671832903E-14
 5661.306889208888 4.247653519124541E-14
 5704.054032236023 3.157692863313855E-14
 5746.944098841668 2.345855027784589E-14
 5789.957599446936 1.7416082259299708E-14
 5833.107527104418 1.2921877626141793E-14
 5876.380888761521 9.581521555041638E-15
 5919.777684418249 7.10044241863459E-15
 5963.297914074598 5.25879859588325E-15
 6006.935081204273 3.892664717820049E-15
 6050.695682333572 2.879885326673205E-15
 6094.566724409901 2.1295148997342936E-15
 6138.554703959556 1.5738806343477052E-15
 6182.646627929946 1.1626804490431678E-15
 6226.848992847366 8.585311081570295E-16
 6271.155302185522 6.336744833849043E-16
 6315.559059418116 4.675245255064869E-16
 6360.066761071444 3.4480885018133184E-16
 6404.665414092915 2.5421617432863654E-16
 6449.361515008825 1.8736440460613558E-16
 6494.148567292879 1.3805249182796704E-16
 6539.013577892483 1.0169253656918195E-16
 6583.96953986023 7.488887964106295E-17
 6628.990467090935 5.5139424952569775E-17
 6674.14132484756 4.0590833011988226E-17
 6719.357147867144 2.9879292559174844E-17
 6764.572970886728 2.1985389865364325E-17
 6809.91872443223 1.617688587190937E-17
 6855.32944324069 1.19019307833407E-17
 6900.805127312111 8.758041095396041E-18
 6946.34577664649 6.440492023899021E-18
 6991.88642598087 4.735333977447253E-18
 7037.557005841168 3.482233282955128E-18
 7083.227585701465 2.5599072436388653E-18
 7129.028096087681 1.8800337909601874E-18
 7174.763641210939 1.3803998497268728E-18
 7220.629116860113 1.0125185384491285E-18
 7266.494592509289 7.403838682633764E-19
 7312.425033421424 5.433197043395422E-19
 7358.355474333558 3.8994843658773454E-19
 7404.285915245692 2.8476280357751287E-19
 7450.281321420787 2.0363183563211248E-19
 7496.3416928588385 1.424041897482165E-19
 7542.402064296892 9.889517526941654E-20
 7588.397470471986 6.392376882826389E-20
 7634.522807172998 4.0874903359075786E-20
 7680.583178611051 2.0236383989139444E-20
