 0. 0.
 0.27733945814849353 0.27733945814849353
 0.8352789206466484 0.8351849614337767
 1.3997828375944303 1.3988710823028165
 1.9709309392078262 1.9671247585171519
 2.5487861703941954 2.537912561314543
 3.133446445453872 3.1085088263062803
 3.724981703172811 3.6756721939155135
 4.323468876215561 4.235893065938227
 4.928991891125267 4.785657987704527
 5.541634674445073 5.321688534715439
 6.16148814659672 5.8411221380433105
 6.788615252487565 6.3416264928197705
 7.42309292478216 6.8214481925554935
 8.06506104105241 7.27940844417811
 8.714582546205671 7.714860646907468
 9.371727379027904 8.127622904102632
 10.036565478305056 8.517900036951742
 10.709306660394992 8.886204312673273
 11.38988098651176 9.233280457679363
 12.078428334227262 9.560039883407637
 12.77508858111341 9.867502410836737
 13.479931665956157 10.156749350151365
 14.193097466327409 10.428883864842915
 14.91458598222717 10.68500376220015
 15.644537091227342 10.926179640002545
 16.383090670899836 11.15344374561881
 17.13031666003061 11.36778097758651
 17.886284997405607 11.570124600649962
 18.651135560596746 11.761352175046246
 19.425008227175926 11.942283199776057
 20.20790299714315 12.113678684107487
 21.000029686856283 12.276244789793813
 21.801388296315324 12.43063454505833
 22.612258580664083 12.577452558052661
 23.432570601116613 12.717257802082116
 24.262464235244813 12.850567043575365
 25.102149299406555 12.977859984038957
 25.951695732387783 13.099582473778892
 26.81117347297446 13.216148011637344
 27.680792337524437 13.327939030481305
 28.56055232603773 13.435310325172257
 29.45059331608623 13.538593980272562
 30.351125124027806 13.638100441286019
 31.262217688648413 13.734114872440056
 32.183940948734 13.826893300219856
 33.11650472064243 13.916663898856985
 34.05997894315966 14.00363063254717
 35.014503493857596 14.087981396878284
 35.98021825030815 14.169889304318968
 36.957263090083224 14.249510970233798
 37.94570795196877 14.326978799951517
 38.94576265232265 14.402402916997966
 39.95749712993082 14.475881447005126
 40.98112120115115 14.547514872334125
 42.01670480476958 14.617406674819563
 43.06438781835803 14.685662050280872
 44.12431011948839 14.7523821238235
 45.19668152451854 14.817664164087004
 46.28164191102038 14.881601368996954
 47.379261217779856 14.94428565099029
 48.48967932236889 15.005806351526696
 49.61310604114534 15.06624767011134
 50.74968125168111 15.125685664821413
 51.899544831548106 15.18419018053906
 53.06283665831824 15.241828705417285
 54.23976654834937 15.298669798849607
 55.43040444042745 15.354782234477655
 56.63496015091035 15.410226858763178
 57.85364349615592 15.465049949296802
 59.08652441495013 15.519280429572671
 60.33381272365081 15.572935867935374
 61.5956482998299 15.626026548293943
 62.87224095984524 15.678555470121838
 64.16373058126875 15.730526704133053
 65.4703269804583 15.781951176980932
 66.79210009619982 15.832847742498693
 68.12932968363714 15.88324103921838
 69.48222555912811 15.93316234736329
 70.85078772267275 15.98264808911123
 72.23557568455868 16.03173254415896
 73.636449567214 16.080439708294218
 75.05340937063868 16.12878415038812
 76.48715448269229 16.176779796567484
 77.93698551551529 16.224447428898465
 79.40430124482674 16.27181082892069
 80.88840228276712 16.31888649373823
 82.38998801719596 16.36568256477906
 83.90905844811324 16.412207183471168
 85.44631296337853 16.458473418948937
 87.00105217513227 16.504497125572122
 88.57327608337448 16.550295871685314
 90.16438346382422 16.595885940144473
 91.7743743164815 16.641287898767658
 93.40254925348677 16.68653259928195
 95.04960766269959 16.731650679166332
 96.71624893197945 16.776659706765393
 98.40177367346688 16.82155711110188
 100.1075806628809 16.866321038869096
 101.83297051236201 16.91093327897815
 103.57794322191019 16.95539940187976
 105.34319817938497 16.999747474075647
 107.12943477264592 17.04402805811854
 108.93595361383348 17.08830371445502
 110.7641534786667 17.132626505374546
 112.6133349792861 17.177017855687595
 114.48349811569165 17.221468124229453
 116.37534227574288 17.265950744235127
 118.28956684729933 17.31042972202302
 120.22617183036101 17.354862850716497
 122.1844578370684 17.399224849039197
 124.16652303100007 17.443535213568648
 126.17026924857743 17.487845363849996
 128.19849404123863 17.532190865068625
 130.24909924540506 17.576553720383743
 132.32418302465535 17.620872440589277
 134.42304599112992 17.66509860561356
 136.54638753268836 17.70922728775018
 138.69420764933062 17.753288910230008
 140.86650634105672 17.79733724932734
 143.06468238358576 17.841430366278573
 145.2873370011986 17.885617538147788
 147.53656835747393 17.929930473654498
 149.81097767669266 17.97435481817568
 152.11266312243333 18.0188215838216
 154.44022591897698 18.063251927289716
 156.79436545418304 18.10761456835673
 159.17648050377065 18.151965854274188
 161.58587167988028 18.196410338117218
 164.02253898251186 18.241033504879614
 166.48788118738455 18.28587070549866
 168.98119890663875 18.330897515690417
 171.50389091599357 18.376035306400436
 174.0552578275895 18.42118466650811
 176.63599902928595 18.466270609176778
 179.2461145210831 18.51126828162629
 181.8870030786999 18.556173398894543
 184.5572659264173 18.600975677072515
 187.2590012278139 18.64568625706165
 189.9922089828898 18.690358915136244
 192.75618980378533 18.7350613536974
 195.55164307836012 18.779857847176544
 198.3799675823332 18.82477260560951
 201.240463927845 18.86976706433745
 204.13383150275519 18.91477030723768
 207.06007030706363 18.959713560668582
 210.02057911648944 19.004578185045037
 213.0146585431731 19.049372536043133
 216.04300797497416 19.094080116558803
 219.10562741189258 19.138729635838082
 222.20391562964747 19.183413434814124
 225.33787262823878 19.22818571825743
 228.50679901980703 19.27304520067937
 231.71279296793085 19.31797041441985
 234.95515508475063 19.362925194398787
 238.23458475812592 19.407877232001983
 241.55178137591633 19.452821021053147
 244.90674493812176 19.49781603682616
 248.2994754447423 19.542964647065467
 251.73137167149696 19.588285384232137
 255.2031330062453 19.633641600884957
 258.7133606732683 19.67888407321896
 262.2641528361445 19.723949598043244
 265.8555094948739 19.768807966375043
 269.48743064945654 19.813425712660386
 273.1606156877519 19.857809778537874
 276.87576399761963 19.90203208709627
 280.6335749669191 19.946171931559146
 284.433349207791 19.990255000274264
 288.27648549595426 20.034200885927902
 292.16368321926836 20.077890723671548
 296.09494237773345 20.121320207118295
 300.07026297134934 20.164507483082616
 304.0917431636949 20.207389262674365
 308.1579841790508 20.24988987346294
 312.2703847931363 20.291998388795
 316.42894500595133 20.333789324161383
 320.63506359321497 20.37530102997284
 324.8887405549272 20.416454320129844
 329.1906752789476 20.457130094110973
 333.5415671531356 20.497259149778383
 337.94071678963184 20.536874952686038
 342.3902223520148 20.576007840365573
 346.88938445242496 20.614566650248417
 351.4396018665815 20.652392110293487
 356.04087459448425 20.68936342741933
 360.6939020239929 20.725442615436965
 365.3993835429669 20.760624918038474
 370.1580185392658 20.794913334697316
 374.96980701288965 20.828300281030586
 379.8361477395574 20.86078597128639
 384.75704071926924 20.892465745871345
 389.73248595202506 20.923414698746164
 394.7645816014035 20.953619525103544
 399.852628279545 20.983054558020534
 404.9980247621686 21.01172350398935
 410.20077104927435 21.039632104859198
 415.4615665287218 21.06671300102594
 420.7811105883705 21.092893905179032
 426.16010261607994 21.118191378696974
 431.59924199970965 21.14260914949679
 437.0992281271192 21.166058090366896
 442.6607603861682 21.18839889718958
 448.2838387768565 21.209495758091244
 453.96916268704365 21.22928598193395
 459.71813089244887 21.247803398493435
 465.5314427809316 21.2650880378856
 471.4083989646324 21.281159820899223
 477.3510976071297 21.29603005554927
 483.36023809628324 21.309739031191842
 489.4351210442333 21.322342762993927
 495.57784461455856 21.333874853628277
 501.7884088072591 21.344389606419522
 508.06751301019443 21.353980371409385
 514.415856611224 21.362739116739313
 520.8341389982073 21.370705928229707
 527.3237589468638 21.37786838163297
 533.884716457193 21.384249605032018
 540.5177109170546 21.389904955852145
 547.2241411021679 21.394854282037787
 554.0040070125326 21.399141138086158
 560.8580080360084 21.402875664662947
 567.7875429483144 21.406163180566
 574.79331113731 21.409033716095173
 581.8753126029953 21.41149395214912
 589.0349461210894 21.41356947852146
 596.2729110794517 21.415303602895605
 603.5899068659419 21.416758200124203
 610.987332256279 21.417981902170308
 618.4644878626035 21.418995841181477
 626.023471848494 21.41982583148336
 633.6649836018099 21.420523264126107
 641.3890231225514 21.421148367894173
 649.197688574297 21.421727975005954
 657.0902805691874 21.42225025232438
 665.0688972708008 21.422693742408978
 673.134238066997 21.423042222864613
 681.286302957776 21.42329545613298
 689.5264907188567 21.423473469377047
 697.8555007380991 21.423603265292417
 706.2768299548003 21.42370481658019
 714.7813863267866 21.42378888537259
 723.3838569991082 21.4238596395237
 732.0772480931699 21.423919390899112
 740.8685534875668 21.42397042250521
 749.7437854251085 21.42401356442485
 758.7239255415809 21.424048985335567
 767.7949860797933 21.424077816467353
 776.963960918341 21.424101871773207
 786.2308500572242 21.424123701812547
 795.5956534964425 21.42415022840602
 805.0583712359964 21.424191078406558
 814.625997154481 21.424244618300918
 824.2985312518964 21.424296492159165
 834.0619857710517 21.424343698643877
 843.9373423477332 21.424403319070848
 853.9176071033454 21.42448660418653
 864.0027800378883 21.424579334172815
 874.1858672727667 21.424657307572353
 884.4878504437665 21.424710195091947
 894.8877479151018 21.424742004820864
 905.4065413225585 21.424760386209158
 916.0302429089461 21.42477126787254
 926.7658465528596 21.42477783528183
 937.6133522542993 21.424781870473485
 948.5727600132653 21.42478474231721
 959.6510637083528 21.424786835960404
 970.8412694609663 21.424788048913193
 982.1503711497014 21.424788692045297
 993.5783687745579 21.42478899854221
 1005.1182684569408 21.424788777684547
 1016.7840579540405 21.424788397396306
 1028.5617495086663 21.424788452944412
 1040.4723247566044 21.424788890396194
 1052.4948020620684 21.424789533350896
 1064.650163060845 21.424790153044903
 1076.924419995743 21.424790063046128
 1089.3245667453577 21.424790720910146
 1101.857597188285 21.424793448719374
 1114.5095235673336 21.424797345039263
 1127.2943336396945 21.424801305134384
 1140.212027405368 21.424804051000656
 1153.2556109857583 21.424805389604604
 1166.439072138056 21.424806166769677
 1179.7484231050707 21.424806912427854
 1193.1976516439931 21.424807783804248
 1206.779763876228 21.424808693855425
 1220.4947598017748 21.424809440820322
 1234.356627177825 21.424809892897642
 1248.3513782471873 21.424810082119556
 1262.4860068884573 21.424810124259093
 1276.7605131016348 21.42481013888594
 1291.1818907653158 21.42481019630364
 1305.743146000904 21.424810278037672
 1320.4512726869955 21.424810348768908
 1335.30627082359 21.424810400018053
 1350.3081404106874 21.42481043340848
 1365.4568814482882 21.424810452303348
 1380.7524939363916 21.42481046216727
 1396.1949778749986 21.42481046780956
 1411.7983210212992 21.424810471275872
 1427.5485356181025 21.424810473271837
 1443.4526155440046 21.424810474343325
 1459.5105607990051 21.424810474918683
 1475.722371383104 21.424810475240466
 1492.0950411748968 21.424810475417672
 1508.6285701743834 21.424810475513986
 1525.3159645029682 21.42481047556633
 1542.164218039247 21.42481047559249
 1559.180324661815 21.424810475604136
 1576.3502966134815 21.424810475608993
 1593.6951155300324 21.42481047561095
 1611.1937997756818 21.424810475611693
 1628.8673309862158 21.424810475611956
 1646.7017214044438 21.424810475612045
 1664.7039649089609 21.424810475612073
 1682.8810553783626 21.42481047561208
 1701.2259989340532 21.42481047561208
 1719.745789454629 21.42481047561208
 1738.4334330614936 21.42481047561208
 1757.3029175118381 21.42481047561208
 1776.340255048472 21.42481047561208
 1795.5594334285856 21.42481047561208
 1814.953458773584 21.42481047561208
 1834.522331083467 21.42481047561208
 1854.2730442368297 21.42481047561208
 1874.2125921122683 21.42481047561208
 1894.3269869525911 21.42481047561208
 1914.6232226363938 21.42481047561208
 1935.101299163677 21.42481047561208
 1955.768210413035 21.42481047561208
 1976.6239563844683 21.42481047561208
 1997.6615431993819 21.42481047561208
 2018.894958614966 21.42481047561208
 2040.3102148740304 21.42481047561208
 2061.9212997337654 21.42481047561208
 2083.7212193155756 21.42481047561208
 2105.7099736194614 21.42481047561208
 2127.9015504026133 21.42481047561208
 2150.28196190784 21.42481047561208
 2172.8582020137383 21.42481047561208
 2195.6302707203067 21.42481047561208
 2218.598168027546 21.42481047561208
 2241.7688878140516 21.42481047561208
 2265.1354362012275 21.42481047561208
 2288.7048070676697 21.42481047561208
 2312.4770004133784 21.42481047561208
 2336.4450223597573 21.42481047561208
 2360.6228606639984 21.42481047561208
 2385.003521447505 21.42481047561208
 2409.587004710278 21.42481047561208
 2434.3803043309126 21.42481047561208
 2459.376426430813 21.42481047561208
 2484.57537100998 21.42481047561208
 2509.991125825603 21.42481047561208
 2535.616696999088 21.42481047561208
 2561.445090651839 21.42481047561208
 2587.490294541047 21.42481047561208
 2613.745314788117 21.42481047561208
 2640.210151393048 21.42481047561208
 2666.891798234436 21.42481047561208
 2693.7832614336853 21.42481047561208
 2720.8915348693918 21.42481047561208
 2748.2096246629594 21.42481047561208
 2775.7515185715797 21.42481047561208
 2803.5032288380617 21.42481047561208
 2831.4787432195953 21.42481047561208
 2859.671067837586 21.42481047561208
 2888.073208813438 21.42481047561208
 2916.699153904343 21.42481047561208
 2945.5489031102998 21.42481047561208
 2974.6154625527133 21.42481047561208
 3003.898832231584 21.42481047561208
 3033.406006025507 21.42481047561208
 3063.136983934482 21.42481047561208
 3093.084772079914 21.42481047561208
 3123.2563643403987 21.42481047561208
 3153.651760715935 21.42481047561208
 3184.2639673279286 21.42481047561208
 3215.1069719335696 21.42481047561208
 3246.166786775668 21.42481047561208
 3277.457399611413 21.42481047561208
 3308.964822683616 21.42481047561208
 3340.6960498708704 21.42481047561208
 3372.6580750517733 21.42481047561208
 3404.836910469133 21.42481047561208
 3437.2465438801396 21.42481047561208
 3469.879981406199 21.42481047561208
 3502.73722304731 21.42481047561208
 3535.818268803474 21.42481047561208
 3569.1231186746904 21.42481047561208
 3602.6517726609586 21.42481047561208
 3636.411224640875 21.42481047561208
 3670.387486857248 21.42481047561208
 3704.5945470672686 21.42481047561208
 3739.0184175137456 21.42481047561208
 3773.673085953871 21.42481047561208
 3808.544564630453 21.42481047561208
 3843.6468413006824 21.42481047561208
 3878.965928207369 21.42481047561208
 3914.5158131077037 21.42481047561208
