 1.2914839698725455 1.2701809741009709
 1.8184432937377204 1.7926848746732706
 2.351590827727145 2.306410231142299
 2.891016910674749 2.804767121783278
 3.4367860703190556 3.2796203509423605
 3.9889692871724374 3.7226323794950087
 4.547643994521122 4.126381350225788
 5.112887625651336 4.4850517138950705
 5.6847840666231555 4.7949209863989735
 6.263391392401252 5.054311344654518
 6.848780583498001 5.263096089464153
 7.4410806953904425 5.423138734856164
 8.040349803043249 5.537820052243679
 8.646652434194943 5.611078972566117
 9.260053116584043 5.646834711208671
 9.880745433426116 5.650400878394454
 10.508664856982644 5.626748454466708
 11.143940442730665 5.579490184821887
 11.786701246147226 5.51311839846324
 12.437011794970848 5.431456361249265
 13.095001144678577 5.338145719753734
 13.76066929527041 5.236118075402961
 14.434145302223392 5.127400247028802
 15.115558221014567 5.0143891697910385
 15.804972579382454 4.899084121285758
 16.50245290506558 4.7827067635451
 17.208128253540988 4.666261364851524
 17.922127680285715 4.551174431124003
 18.64445118529977 4.43800838974487
 19.375292351798713 4.327370018935895
 20.114651179782545 4.2195555401205445
 20.862785780205357 4.115100527800555
 21.619631625328623 4.014605117499917
 22.38531777062939 3.9175746314107047
 23.160037799323216 3.8243706414586573
 23.94385623914863 3.7354109894666845
 24.736837617844156 3.650385299351644
 25.539175518625353 3.569305679273783
 26.35086994149223 3.4920844731474503
 27.17204994192182 3.4181532044412166
 28.0029091031297 3.347666381484961
 28.843511952854378 3.2810184877476725
 29.693923018834386 3.2181238427383865
 30.554335884285287 3.159018790728465
 31.424815076945606 3.103638831585036
 32.30548965229238 3.051544260514918
 33.196488665802654 3.0023888266964254
 34.09794117295348 2.9559361961530866
 35.009911701483375 2.9117596581154936
 35.9325938346079 2.8695892578402646
 36.86605210006558 2.8292196852218066
 37.81048008107199 2.790540780738405
 38.765942305365634 2.7536285740589017
 39.73256782842357 2.7184717306949477
 40.71048570572284 2.6851902032065658
 41.699889520479 2.654027373861775
 42.700908328169106 2.6252823532822105
 43.71360665653167 2.5987940775430474
 44.73811356104374 2.5740174894601036
 45.77462262492088 2.550571595581566
 46.82326290364014 2.528369314005408
 47.88416345267856 2.5074158677879104
 48.95745332751318 2.4875950429526936
 50.04332611135957 2.468763561300091
 51.14184633195625 2.4505747389835273
 52.2532075725188 2.4325378721648554
 53.37760341626275 2.414543365783184
 54.51509839092666 2.396552937651591
 55.665886079726064 2.3787484671014747
 56.83009553813803 2.3614709914947953
 58.007920349378125 2.3448379712527174
 59.19948956892337 2.328922171481345
 60.404996779989354 2.3141398604743295
 61.62450651031458 2.3010659615623865
 62.85827687085314 2.290017219477097
 64.10650144482061 2.2811377382113673
 65.36918023221698 2.273760922037271
 66.64682945495043 2.2677834578783873
 67.93932005754392 2.263858118388749
 69.24665203999744 2.2617294623298463
 70.56947067969622 2.262125000207442
 71.90713069925503 2.26422917203359
 73.26092265344431 2.267378075412448
 74.63020126487886 2.271111274597281
 76.01561181094387 2.2736808839380664
 77.41715429163935 2.274371804546349
 78.83547398435053 2.273760252065711
 80.26992561169217 2.272691756227951
 81.72050917366428 2.2697537241433987
 83.18851522503732 2.2651372444363314
 84.67394376581126 2.2611285154881737
 86.1761495186009 2.258189752020737
 87.69577776079146 2.255514072672812
 89.23347376976812 2.2532749395481826
 90.7885922681457 2.2500231297889153
 92.36242381069464 2.2455669964799685
 93.95432312002971 2.2416388203511115
 95.56429019615089 2.238496227417281
 97.19297031644344 2.2367697669903253
 98.84100875829256 2.23803292586719
 100.507760244313 2.241855731234311
 102.19451532927525 2.247643686677054
 103.90062873579406 2.2553134441260707
 105.62610046386945 2.2628107743825803
 107.37157579088661 2.26873025008191
 109.13769999423077 2.2732308180143614
 110.92447307390195 2.2775017784167084
 112.73124975251493 2.28090487148939
 114.55996586222534 2.285446547307426
 116.40868557087751 2.2930630330405837
 118.27998998801236 2.305596429111322
 120.17194328147423 2.322869165597557
 122.08648128341875 2.34169927917092
 124.02295871646072 2.360754748420779
 125.98202085798535 2.378327078188268
 127.96366770799263 2.394581680885709
 129.9678992664826 2.4097673186366917
 131.99600608822564 2.4256436025402266
 134.04669761845133 2.441654150187134
 136.12190968931537 2.455975056224083
 138.2203517460473 2.4662414926878267
 140.34395962080274 2.4728713615758338
 142.49144275881127 2.4803222925432133
 144.66344643745816 2.4903025646481853
 146.86126121151378 2.5043758390772863
 149.08424180359293 2.5223002545393975
 151.33238821369562 2.541126271657063
 153.60699099659232 2.559128091783763
 155.90740487489776 2.5744918111511255
 158.23492040338238 2.5873531223013257
 160.588892304661 2.600928307806265
 162.96996585611876 2.6173030719853623
 165.37814105775576 2.6354392667358044
 167.8147084643424 2.6530392310098603
 170.2783775211082 2.6669287758141635
 172.77108406020886 2.676151130617329
 175.2928280816444 2.6845229841016285
 177.84296430802956 2.693538430687749
 180.42213801674956 2.7014915118774945
 183.03163976257486 2.7086463847925377
 185.6708242681202 2.7174083561603393
 188.34033681077088 2.7302039227014125
 191.04017739052682 2.7480223231451943
 193.77163656215848 2.7697500203219363
 196.53406904828066 2.7908268678174153
 199.32812012627855 2.806575587642884
 202.15378979615218 2.818321664586082
 205.01236861267196 2.8303134689374843
 207.90385657583792 2.843841057115207
 210.82760840826484 2.856298343386431
 213.78555994210836 2.868174734452912
 216.77706589998326 2.8806684029681815
 219.80277155927473 2.8917609110256968
 222.86332219736806 2.900172386595367
 225.9587178142632 2.9054257260837213
 229.08895840996016 2.908315932956717
 232.25533453922935 2.91279362283987
 235.45849147945606 2.926332832557991
 238.69713867586978 2.9552336734791913
 241.97321196062623 2.9999534766447122
 245.28671133372535 3.0530385981156996
 248.63763679516717 3.101393389134579
 252.0266336223369 3.136357238373937
 255.4543470926198 3.1612927472450965
 258.921422483401 3.186205974790603
 262.4272145172954 3.2144052947131727
 265.97301374907335 3.2418588284782976
 269.55946545612005 3.2627163407454565
 273.18656963843557 3.276605463882461
 276.8543262960199 3.2939316438281256
 280.5646712610287 3.3243379735602567
 284.3163139786914 3.3620102533773673
 288.1105450037786 3.3936087437481097
 291.9473643362903 3.4129237556392247
 295.8280625309969 3.421260627906423
 299.75263958789833 3.423241172313785
 303.7217407843799 3.4264748086562546
 307.7360113978267 3.437501683871041
 311.79480615085373 3.451741600532812
 315.9000608756164 3.460666830806167
 320.0511302947297 3.4606962406273336
 324.249304962964 3.457208145088575
 328.4945848803192 3.461023861631738
 332.7876153241807 3.476675716591472
 337.12904157193356 3.5049592844204702
 341.51950890096305 3.545087833124608
 345.9590173112692 3.5908492600348847
 350.4488573576224 3.632333824592481
 354.9890290400227 3.66231386347247
 359.57953235847003 3.683463642045206
 364.2223031451202 3.7031876610518575
 368.9166961225878 3.722849729715888
 373.6640018456433 3.7440354226246653
 378.4642203142868 3.7668804655360617
 383.3179968059035 3.788461500025336
 388.22597659787857 3.81424857211687
 393.18880496759726 3.841039949396237
 398.2071271924448 3.85728442529065
 403.2815885498063 3.868984312155276
 408.4128343170671 3.8849367202874108
 413.6008644942272 3.9007065588228884
 418.8463243586717 3.9185787610271783
 424.1505044651712 3.9535108675642157
 429.51405009111085 4.002361992609075
 434.9363159591054 4.042453439106713
 440.4192379013105 4.065439283165921
 445.96346119511145 4.068256545019326
 451.56834056312294 4.049171409306441
 457.23581183750065 4.032686731624163
 462.9658750182446 4.04422034199671
 468.75917538274007 4.083663632827672
 474.61635820837216 4.128485489552711
 480.5380687725261 4.158984383229178
 486.5255976299725 4.180117978300084
 492.5789447807111 4.194801349243002
 498.6987555021273 4.190618446950483
 504.8863203489915 4.170070827811724
 511.1416393213036 4.155508512162472
 517.465357696449 4.151352629529667
 523.858766029198 4.155237392237218
 530.3225095969359 4.17339840756368
 536.8565883996627 4.197242489485703
 543.4622929921487 4.209411316567302
 550.1402686517791 4.195375131236796
 556.8911606559394 4.1591560821476685
 563.7162595594 4.1257919659815965
 570.6149200847755 4.107332138545581
 577.5890780642214 4.1004286599490305
 584.6393787751233 4.090154224327967
 591.765822217481 4.0512504501336855
 598.9703442234502 3.985985494369646
 606.2522995156456 3.919513810601469
 613.613623926223 3.8587669982071215
 621.0549627325676 3.793184375651551
 628.5763159346792 3.710758465466867
 636.1789740873285 3.6016302100702924
 643.8635824679005 3.4727243925967146
 651.6333674633215 3.341643326670555
 659.4799404675834 3.209361238351901
 667.4168523057762 3.0768395809529627
 675.4376502040473 2.9470884969834628
 683.548786936249 2.8101785744414634
 691.7373569546771 2.656645059861317
 700.022718580888 2.496839150125331
 708.3919662671773 2.3368362562899248
 716.8515527873972 2.174733674781284
 725.4014781415478 2.0203047557327944
 734.0417423296291 1.8795595247602983
 742.7723453516411 1.7429571351602038
 751.5997399814358 1.602308702290497
 760.5239262190134 1.466954281852676
 769.5319985166694 1.3393184337517041
 778.6433151959606 1.2174723387005901
 787.8514234830344 1.1079997321160675
 797.1563233778912 1.0090713317573963
 806.5515621066787 0.9100757101418463
 816.0564979909533 0.8142259156345784
 825.6517727091586 0.7311679294061414
 835.356744582851 0.6556853977941308
 845.1585080643264 0.5738562492114317
 855.0635159274366 0.48704704372776225
 865.0717681721819 0.4130571653652256
 875.1832647985625 0.3601947925667327
 885.4044585804301 0.3205113247815743
 895.7288967439326 0.28368466253897584
 906.1630320629225 0.2469345902666833
 916.7068645373996 0.21237868215711847
 927.3539413935118 0.18070638046737195
 938.1171681789633 0.15291372145980942
 948.9836393460498 0.13050476763778973
 959.972713216328 0.11233031614447074
 971.0650314682412 0.09522591903531252
 982.2799524233458 0.07801910364911888
 993.6045705339378 0.06253281500507082
 1005.0453385738691 0.049553227941987785
 1016.6087093169921 0.03871830238836757
 1028.2817772156022 0.030949284923063244
 1040.077447817404 0.026004136020022432
 1051.9957211223975 0.021289357749853785
 1064.0301443567303 0.01600491063007272
 1076.1936230681067 0.011960692980653354
 1088.4732517088228 0.009923011853240895
 1100.8819358265825 0.008816227603815726
 1113.4132226475338 0.007836448855597485
 1126.0671121716766 0.006934320181556203
 1138.8565099467157 0.005979412609413705
 1151.768510424946 0.004882529495569301
 1164.8095663802203 0.003789744149980786
 1177.9796778125383 0.002804087809808992
 1191.2852974957525 0.001982968497923917
 1204.7199726560102 0.0013694961561333495
 1218.290156067164 0.0008718700719918413
 1231.995847729214 0.00036753279622214014
 1245.8370476421594 -0.0000632430326726097
 1259.8137558060012 -0.0001471195100088865
 1273.925972220739 0.00029913600298960545
 1288.1736968863727 0.0011301894144851432
 1302.5698353506066 0.0019425547690217603
 1317.1014820657365 0.002385813492905274
 1331.7750898056145 0.002459994040853938
 1346.590658570241 0.002412108571529115
 1361.5481883596153 0.002293854830045409
 1376.6541319475903 0.0019605417679998682
 1391.9084893341653 0.00146025994198819
 1407.3048077454887 0.0010122881423041625
 1422.8495399554124 0.0007081192311344533
 1438.5491387377886 0.0004948391841068014
 1454.390698544913 0.00032922123050219273
 1470.393577698342 0.00021120427974665224
 1486.5384178765191 0.00013282385429312134
 1502.8445774010013 0.00007648351736293096
 1519.2991507240836 0.000037384046099778095
 1535.9085906196185 0.000015719859868986255
 1552.6793498614581 0.000006369074296418031
 1569.6049756757502 0.0000030221377958261466
 1586.691920836347 0.0000019887314404995498
 1603.9337325693966 0.0000017359866219883947
 1621.343316422603 0.0000017482368528718922
 1638.9077668482619 0.0000017534194406866881
 1656.6399893940775 0.0000015628307124194985
 1674.533531286198 0.0000012057060015565015
 1692.588392524623 8.133287992450152E-7
 1710.8110258832053 4.712861157357402E-7
 1729.2078841357968 2.0135716923541822E-7
 1747.7660617346928 4.2247269177433885E-8
 1766.4920114537454 6.427907974536816E-8
 1785.3857332929556 2.3862711233462605E-7
 1804.4536800261744 4.39424627245416E-7
 1823.6958516534023 5.728406270700739E-7
 1843.1057954007874 6.108903134429624E-7
 1862.6964168160334 5.632324959887961E-7
 1882.454810351437 4.570685752947299E-7
 1902.3938815547015 3.260175903864217E-7
 1922.5071776519749 2.028351157404541E-7
 1942.7946986432576 1.0840492634694862E-7
 1963.2693500762539 4.959060091006793E-8
 1983.918226403259 2.042606162381107E-8
 2004.7477803981258 8.197355765884059E-9
 2025.7580120608534 3.2877667943986467E-9
 2046.9489213914428 1.3656345670588397E-9
 2068.3269611637456 6.25004819679978E-10
 2089.885678603909 3.1238425968991146E-10
 2111.6315264857867 1.731392296191169E-10
 2133.564504809378 1.1322989409860388E-10
 2155.6781608008296 8.275283061967035E-11
 2177.985400007848 5.319918498857666E-11
 2200.4797696565793 2.699589968009584E-11
 2223.161269747024 1.2136586890304894E-11
 2246.036353053035 5.558790187191526E-12
 2269.0985668007584 2.7847652295058363E-12
 2292.3479109901964 1.3950940770211605E-12
 2315.7972911690513 6.989161543304887E-13
 2339.4402545634725 3.501494221081535E-13
 2363.270348399607 0.
 2387.3004782251596 3.5155285656088363E-13
 2411.5241912662777 0.
 2435.9414875229613 0.
 2460.558819769063 0.
 2485.36973523073 0.
 2510.3806866818154 0.
 2535.5852213484663 0.
 2560.996244778387 0.
 2586.600851423874 0.
 2612.4119468326303 0.
 2638.423078230805 0.
 2664.6277928445447 0.
 2691.0389962215554 0.
 2717.656688361835 0.
 2744.4744164915332 0.
 2771.4921806106495 0.
 2798.7164334930358 0.
 2826.147175138691 0.
 2853.7779527737653 0.
 2881.61521917211 0.
 2909.6589743337236 0.
 2937.9027654847555 0.
 2966.3594981729093 0.
 2995.0162668504818 0.
 3023.8859770651757 0.
 3052.9557232692882 0.
 3082.23195823667 0.
 3111.7211347411744 0.
 3141.410347235097 0.
 3171.312501266141 0.
 3201.421144060456 0.
 3231.7362756180405 0.
 3262.257895938895 0.
 3292.9860050230204 0.
 3323.9206028704148 0.
 3355.068142254932 0.
 3386.4157176288672 0.
 3417.976234539924 0.
 3449.736787440399 0.
 3481.7102818779967 0.
 3513.8838123050114 0.
 3546.2702842691488 0.
 3578.856792222704 0.
 3611.6562417133814 0.
 3644.6557271934767 0.
