 0. 0.
 0.2799301413455864 0.07043588259300002
 0.8430814276503454 0.19422739401293104
 1.412858488283101 0.3037525550866193
 1.9893417982356907 0.4004350839851501
 2.5725948903964087 0.48558723597679887
 3.1627165937025983 0.5605008794489208
 3.7597775002523646 0.6264690530242645
 4.363855261353621 0.6847487488077754
 4.975034587524091 0.7365079013992076
 5.5934001892815 0.7827830522668192
 6.219043836353381 0.8244568000199239
 6.852029061628029 0.862255166234135
 7.492433516413357 0.8967598152586408
 8.140398384905572 0.9284291764025202
 8.795987199992966 0.9576217493228796
 9.459270553773646 0.9846181068270391
 10.13031903834571 1.0096387621494685
 10.809344430003474 1.0328579345622404
 11.496276136648833 1.0544137209689977
 12.191255342477993 1.0744174639179285
 12.89442323168716 1.092961986567712
 13.60585039637444 1.1101278630307037
 14.325678020736039 1.125987331481234
 15.053906104771958 1.1406072191970396
 15.7906758326784 1.1540507768685568
 16.536128388651576 1.1663794878306624
 17.29033436478959 1.17765579951447
 18.053364353190542 1.1879472345478186
 18.825359538050645 1.1973285160195852
 19.606461103566097 1.2058793364702345
 20.396669049736907 1.2136790251632061
 21.196195152857378 1.220802359221451
 22.005039412927516 1.2273178636320796
 22.823484198339735 1.2332875631800138
 23.651458916995928 1.2387663503731527
 24.489104753092303 1.2438006989423185
 25.33663348292317 1.2484272701585217
 26.194115698586632 1.2526735064808612
 27.061621992180793 1.2565601161533442
 27.939364139999967 1.260105368638379
 28.827342142044156 1.26332904291341
 29.725697182509556 1.2662517983342585
 30.63464103769049 1.268893114647329
 31.55424429968505 1.2712715278408275
 32.48457756059135 1.2734042895903555
 33.425852596703685 1.275305501887911
 34.37814000012018 1.2769832174948466
 35.341580955037024 1.2784394288089207
 36.31631664565043 1.279673480677897
 37.30248825615662 1.2806844464379483
 38.30016637865368 1.2814725369679603
 39.309562789435915 1.2820418435990233
 40.33074808060144 1.2824008965091094
 41.36393402844457 1.282560750372994
 42.409191225063395 1.282536265735827
 43.46666085465414 1.282348012373188
 44.53648410141299 1.2820198672041399
 45.61887274163426 1.2815732668027677
 46.713967959514186 1.2810237543397347
 47.82184034715083 1.2803816002174604
 48.94263108874043 1.2796553448508827
 50.07655196057728 1.2788524710997122
 51.22374414685759 1.2779729582161783
 52.384348831777565 1.2770058816390126
 53.55850719953342 1.2759393116237758
 54.746431026419465 1.2747743443646031
 55.9481909045338 1.273523774636555
 57.16399861017074 1.272201830275947
 58.39406591962458 1.27082333523864
 59.638463424993446 1.2694025641485436
 60.89740290257162 1.267948491014832
 62.17102553655534 1.2664586303005492
 63.45954310323891 1.2649136873912494
 64.76309678681851 1.2632866367590927
 66.0818983635885 1.261557064716744
 67.41601842564693 1.2597178643964853
 68.76573934138622 1.257774047252987
 70.13127288710072 1.2557303231408232
 71.51261906279042 1.2535814130594976
 72.91034260524012 1.2513193059488152
 74.32430233025364 1.248945646209161
 75.75449823783096 1.246470989598439
 77.20163624895314 1.2439057135324914
 78.66501044263912 1.241256767723709
 80.14603266085098 1.238532729219548
 81.64399698260769 1.235741760912535
 83.15960932889027 1.2328824011411341
 84.69286969969873 1.229951676656872
 86.24448401601411 1.226953050425466
 87.81374635685538 1.2238901183300197
 89.40065672222251 1.2207615086661263
 91.0066269540776 1.2175626730677749
 92.63165705242065 1.2142916621714892
 94.2750410962706 1.210944367573218
 95.93748500660853 1.2075088064350354
 97.61969470441541 1.2039688474080394
 99.32096426871024 1.2003115860919615
 101.0427055414551 1.1965393807513958
 102.78421260166897 1.1926700127572336
 104.5454854493518 1.1887228353907016
 106.32723000548467 1.1847206811340512
 108.13015219104858 1.180688192342432
 109.95354608506251 1.1766387372309313
 111.79882352948853 1.1725746814280522
 113.66527860334563 1.1684916607630285
 115.55291130663376 1.1643767180906341
 117.46242756033399 1.1602034398541523
 119.39453328542734 1.1559428173900155
 121.34922848191383 1.151587137501963
 123.32580722881241 1.1471466530292191
 125.32638728906619 1.1426223312816894
 127.34885089973204 1.137999146944954
 129.39602174473413 1.133261965435711
 131.46578206112935 1.1283989675562185
 133.5602496118608 1.1234021490628026
 135.67871847594745 1.1182660822356552
 137.82189457437036 1.1129819225239506
 139.98977790712945 1.1075444111983686
 142.1823684742248 1.1019683231844817
 144.40107811761845 1.0962667417679008
 146.64449499534834 1.0904237029272406
 148.91473687035753 1.0844090446403267
 151.21039190068404 1.0782070389214369
 153.5335778492709 1.071829535625657
 155.88288287415605 1.0653216366928373
 158.25901289632057 1.058737829195336
 160.66337975772646 1.0521164493076272
 163.09527753739275 1.0454569990785356
 165.5547062353194 1.038697913020606
 168.04307769346852 1.0317377222565272
 170.559685990859 1.024512569769435
 173.105942969453 1.0170376299360457
 175.68114270826942 1.0093676315266997
 178.2859911282893 1.0015555055019596
 180.9204882295127 0.9936276182249986
 183.58604585390165 0.9855636759078179
 186.28125215949407 0.977306120077295
 189.00822490923306 0.9687709350127621
 191.76696410311862 0.9598852638378411
 194.55676382016978 0.9506745909923568
 197.3783299813675 0.9412535751198016
 200.23307442867386 0.931701590835183
 203.12029124110785 0.9220612351785351
 206.0406863396505 0.912386445421033
 208.9942597243018 0.9027166291762421
 211.9824232370238 0.8930199692190158
 215.00447095683552 0.8832120014515116
 218.06110880471795 0.8732621932089792
 221.15233678067113 0.86320011039659
 224.2795667266571 0.8530625622869292
 227.44279864267583 0.8428764495438337
 230.64132660774632 0.8326394204404726
 233.87726838481174 0.8223319212531125
 237.14991805289097 0.8119217952057146
 240.459981532965 0.8013450666167138
 243.80816474601502 0.7905373081324083
 247.1944676920409 0.779444567722457
 250.61889037104268 0.7680504709133116
 254.0828446249824 0.7563725594370503
 257.58703637484115 0.7445048578297175
 261.1300537786569 0.7325572295139905
 264.7140145993726 0.7205847886128033
 268.3389188369884 0.7086068906165839
 272.0047664915042 0.696606110379889
 275.7122634839011 0.6845597099915924
 279.4621157351601 0.6724563076935495
 283.25502916626226 0.6602881668572569
 287.0902978562265 0.6480003424744776
 290.969333647015 0.6354957276466545
 294.89284245960863 0.6227176122704556
 298.86082429400756 0.6097216893971188
 302.8732791502116 0.5965220168975788
 306.9323247911641 0.5830989119790159
 311.03654937490273 0.569580263444927
 315.18736474338976 0.5561398532135634
 319.38477089662507 0.542928901587995
 323.63017967657083 0.5300215197013373
 327.92359108322694 0.517365163440442
 332.2657110375745 0.5048395047907582
 336.6572454605945 0.4923156017025358
 341.0974884313059 0.47978442096303875
 345.5885577126519 0.467332459377449
 350.12974738365136 0.4550135023580565
 354.7224692862664 0.44284115295349674
 359.36672342049707 0.43081310252012356
 364.0632157073243 0.4188587043956666
 368.8126520677291 0.40690440803299766
 373.6157384226927 0.3948843565547817
 378.47247477221487 0.3827566910936154
 383.38427295825784 0.37056438687777093
 388.3511329808215 0.3584575045603006
 393.37305483990593 0.3465555519353636
 398.45215629845427 0.3348857662196244
 403.5877314354854 0.3234289621042752
 408.7811920929614 0.31218885329114776
 414.0325382708823 0.3012524021068435
 419.3424758902291 0.2906739963760986
 424.71171087198286 0.28046038281327523
 430.14094913712466 0.2705781740725621
 435.6308966066354 0.26092877328654257
 441.18225920149627 0.2515002442770294
 446.79574284268824 0.24244194140622066
 452.4713475302113 0.23389925264958245
 458.20977918504644 0.22594150478578398
 464.0124496491558 0.21860248728249856
 469.8800648435205 0.21192218396688195
 475.81191884715935 0.20590369281640522
 481.81012942301544 0.200492431346752
 487.87540249206995 0.19572546511022557
 494.00703213334174 0.19175034631586968
 500.2071361097739 0.18859566426874938
 506.47571442136655 0.18620396530492175
 512.8134729891007 0.18459992467733022
 519.2211177339572 0.18381100004643866
 525.6993545769172 0.18373374112780033
 532.249595359943 0.18409919093700033
 538.8718400830342 0.18457034892290144
 545.5667946671721 0.1848402516401426
 552.3358709543187 0.18465700806524152
 559.1790689444739 0.18387009149828754
 566.097094558619 0.1824231422244526
 573.0913596387157 0.1803656900885179
 580.1625701057454 0.17784368367372075
 587.3107259597078 0.17505999443659442
 594.5372390425653 0.17220965645528016
 601.8428152752986 0.16933936282717318
 609.2281605788888 0.1664006846856395
 616.6946867952983 0.16346959294095442
 624.2416880035457 0.16085345056726702
 631.8712819665742 0.15890033754863553
 639.5841746053648 0.15768292203034917
 647.3803659199176 0.15692596148638502
 655.2619736731757 0.156076082374554
 663.228291944158 0.1546887954799365
 671.2814384958076 0.15284572186753503
 679.4221192491057 0.1510165847239399
 687.650334204052 0.1496713762446582
 695.9674952026087 0.14905351992063268
 704.374308165757 0.14916732293994253
 712.874302698402 0.14997434562233625
 721.45830182779 0.1514988507177927
 730.1411298945229 0.1536220303994848
 738.9157276887906 0.1560836673838482
 747.7891544204031 0.15854023859742947
 756.7472916697399 0.1605008184061536
 765.8113170662319 0.16187754812542507
 774.9671121902585 0.1627866968946066
 784.22173625163 0.16276601664440718
 793.5751892503465 0.16218070138121876
 803.0274711864079 0.16151886908415042
 812.5785820598143 0.16024118522468409
 822.2355810803758 0.15819291926047122
 831.9984682480928 0.15639680729835767
 841.8531251433442 0.1557725805961341
 851.8207293955613 0.1558456255228019
 861.8942217949336 0.15585311600587778
 872.0736023414613 0.15596471068470152
 882.3518118253339 0.15654212909716858
 892.7500278759825 0.15731659385330105
 903.2470728639761 0.15784986148470642
 913.8641244187454 0.15769956051007503
 924.5870641206703 0.1567336672985425
 935.4229511795605 0.15537944825922834
 946.3717855954166 0.15379787997692052
 957.4335673682383 0.15251859686742827
 968.615355707836 0.1529271402385322
 979.9100914043992 0.15549996477617709
 991.3248336677385 0.1597103356535111
 1002.8595824978538 0.16445967180285054
 1014.5072786849347 0.16789508628470534
 1026.2820406486019 0.1693015235059608
 1038.1697499692348 0.17017293218403892
 1050.1915842762644 0.17214821615377124
 1062.3263659402596 0.17494442918876343
 1074.5952725906513 0.1774770250816719
 1086.9841858078191 0.17953026356588106
 1099.5001648015734 0.18233741725725502
 1112.1502687817242 0.1860955025632824
 1124.920379328651 0.1884220291094383
 1137.8246148619746 0.1888815269976901
 1150.862975381695 0.18836763754667557
 1164.0284016780015 0.18630626020980648
 1177.3350121705153 0.1827077284621166
 1190.768688439615 0.17878952057551228
 1204.343548904922 0.1753036344858634
 1218.0525343566258 0.17160190324618618
 1231.895644794726 0.16799358639889173
 1245.8869986388438 0.16505546630090903
 1260.0124774693584 0.1627015374781032
 1274.27914049608 0.1609936670818194
 1288.6869877190084 0.16003467749170677
 1303.2430783479542 0.1607549036580296
 1317.9403531731073 0.16105463744137136
 1332.7858714042775 0.16038178359259206
 1347.7796330414653 0.15924783786085825
 1362.9216380846703 0.15873262409970063
 1378.211886533893 0.1583723847163618
 1393.6503783891328 0.15672638599233873
 1409.2371136503903 0.15692714690328805
 1424.9862107372858 0.1591187119739461
 1440.8835512301985 0.16050754029037095
 1456.936194338939 0.1610107163763285
 1473.1441400635074 0.1618559929456228
 1489.5073884039034 0.16367190476659846
 1506.0329985699377 0.16574107452006387
 1522.7209705616099 0.16644627320551222
 1539.5642451691099 0.16610977411233993
 1556.569881602248 0.16523178329283372
 1573.7449390708346 0.1631049241261591
 1591.0752991552488 0.1614321528422941
 1608.5821394849218 0.16013506050860213
 1626.2442824304226 0.15718967311191587
 1644.0829056211824 0.154371810718487
 1662.08389063758 0.15321110663345655
 1680.2542966894264 0.15424282982095233
 1698.6011829865313 0.1558441465045654
 1717.1174903190845 0.15957490799374305
 1735.8102778968969 0.16389192040357653
 1754.6724865101576 0.16643769824861848
 1773.7182345784875 0.16630918237658254
 1792.9334036822659 0.16705542691041542
 1812.332112241113 0.1662173797870669
 1831.9073010452194 0.16162166589811636
 1851.6589700945842 0.15523536343760636
 1871.5941785990185 0.14978575733660673
 1891.7199857683324 0.14428929609061106
 1912.0222731829049 0.13938522787982097
 1932.5081000525463 0.13493457001789838
 1953.1774663772574 0.13259965320694475
 1974.0374313668476 0.133808071575751
 1995.0879950213173 0.13792483715455656
 2016.3220981308564 0.14049705605929258
 2037.753859115085 0.13763150541806837
 2059.3691595543833 0.13248559680235758
 2081.1821178683713 0.12920232928124076
 2103.1856748472383 0.12825169030030578
 2125.379830490985 0.12667105018113797
 2147.7787032192323 0.12319201157831959
 2170.368174612359 0.11886844908923509
 2193.1553038801753 0.11318812200641612
 2216.1400910226816 0.10830024536515337
 2239.322536039878 0.10446973682213652
 2262.709698141574 0.10314949656033096
 2286.2945181179603 0.1057660417904249
 2310.0840551788465 0.10973401317180165
 2334.0783093242335 0.11019629761523625
 2358.2702213443094 0.10772915486783792
 2382.673909658697 0.10232533922277466
 2407.282315057584 0.09700774445221981
 2432.0954375409715 0.09330512974853354
 2457.1203363186696 0.09154775640049281
 2482.3499521808676 0.09117456601052504
 2507.7842851275664 0.08574036408055924
 2533.4374535783854 0.07833639676273378
 2559.3023983235153 0.06800820057523013
 2585.3720601531454 0.05337071669704912
 2611.6605574868963 0.04176304325224468
 2638.1608311149585 0.035058760366887126
 2664.87288103733 0.03148624775984996
 2691.803766463823 0.026822760777679974
 2718.9464281846267 0.0221439779480109
 2746.307925409552 0.01849568035033976
 2773.8811989287865 0.015668476009881017
 2801.680367161953 0.013402120359015921
 2829.69131168943 0.011561908813616892
 2857.9281509308385 0.010065849823723862
 2886.3838256763675 0.008841990446747749
 2915.051276716207 0.007827148998037712
 2943.944622469978 0.006972912687608558
 2973.0638629376804 0.006244057818981196
 3002.4019389095033 0.005614832079787621
 3031.9588503854475 0.005066048818587687
 3061.741656575323 0.004583159030183365
 3091.750357479129 0.004154973740332778
 3121.977893887057 0.003772786185593572
 3152.431325008916 0.003429748607916856
 3183.1106508447056 0.0031204186921918423
 3214.0088121846165 0.0028404241152594632
 3245.1399274482687 0.002586211591905423
 3276.4898782160426 0.0023548584151223883
 3308.072782907557 0.0021439298576440614
 3339.8745231031935 0.0019513709957723923
 3371.9021580127605 0.001775425252118524
 3404.1627468460697 0.0016145718894345334
 3436.6421711834996 0.0014674789265643766
 3469.3545494446707 0.0013329670454207644
 3502.2928224197735 0.0012099821735111576
 3535.456990108807 0.0010975743516839017
 3568.8470525117723 0.0009948816993009422
 3602.463009628669 0.0009011176905229196
 3636.304861459497 0.0008155615134746346
 3670.379667214066 0.0007375502612312483
 3704.6733084727566 0.0006664727070418751
 3739.1999036551883 0.0006017644170615657
 3773.9453343417413 0.0005429034532759158
 3808.923718952036 0.0004894069529076249
 3844.120939066451 0.0004408280815094495
 3879.551113104608 0.0003967534151742148
 3915.2001226468856 0.00035680058865931075
 3951.0820861129055 0.00032061618370642043
 3987.182885083045 0.00028787377724326797
 4023.509578767117 0.000258272155766329
 4060.0551079553093 0.00023153362314842784
 4096.833591067244 0.0002074024405576113
 4133.823850473489 0.00018564335285636176
 4171.047063803475 0.00016604017325433474
 4208.4820534277715 0.0001483944794337431
 4246.142937766001 0.00013252435220803107
 4284.02971681816 0.00011826320147199838
 4322.12827216463 0.00010545864905379002
 4360.445663015221 0.0000939714780165872
 4398.981889369932 0.00008367464014397931
 4437.736951228765 0.000074452323336806
 4476.710848591719 0.00006619907155842139
 4515.896522248983 0.00005881897682893099
 4555.301031410368 0.0000522248986635858
 4594.910257656254 0.000046337754418754024
 4634.73831940626 0.000041085848496734134
 4674.778157450577 0.000036404249950530006
 4715.0297717892045 0.0000322342170896437
 4755.486103212332 0.00002852266251036614
 4796.15421092977 0.000025221652795844468
 4837.027035731709 0.000022287956893073972
 4878.104577618146 0.000019682619081596336
 4919.386836589086 0.000017370572597061964
 4960.873812644525 0.000015320280028969406
 5002.565505784464 0.000013503405659910905
 5044.454856799093 0.000011894514117156508
 5086.534806478601 0.00001047079418639708
 5128.819473242611 0.000009211807410301746
 5171.301797881309 0.000008099256802813428
 5213.974721184887 0.000007116777405186209
 5256.838243153345 0.00000624974569396858
 5299.892363786682 0.000005485104388274648
 5343.144142294709 0.000004811205666504666
 5386.572401047994 0.000004217667398366261
 5430.19125846616 0.000003695243413699705
 5473.9936553393945 0.00000323570599132581
 5517.972532457888 0.000002831739664727258
 5562.134949031451 0.000002476845348684191
 5606.473845850272 0.0000021652536952717173
 5650.996282124162 0.0000018918474132164777
 5695.6810802236905 0.0000016520909838728264
 5740.5423585684775 0.0000014419675882396723
 5785.5730579487135 0.0000012579225296957223
 5830.773178364398 0.0000010968124290556025
 5876.13566060572 9.55859686792305E-7
 5921.660504672681 8.326117101232977E-7
 5967.347710565278 7.249045091928988E-7
 6013.190219073705 6.308300197468065E-7
 6059.188030197959 5.487070488185151E-7
 6105.341143938041 4.770553719429342E-7
 6151.64956029395 4.1457255732398343E-7
 6198.099160846066 3.601134357492177E-7
 6244.704064014011 3.1267174045927515E-7
 6291.4430921683515 2.7136388250262296E-7
 6338.33036372871 2.3541446624811802E-7
 6385.351760275465 2.0414352199302896E-7
 6432.507281808616 1.769551008476437E-7
 6479.7969283281645 1.53327242185887E-7
 6527.2136406243 1.328030616826226E-7
 6574.764477906831 1.1498288501835533E-7
 6622.435321756139 9.951728832186195E-8
 6670.2332313820325 8.610096742254307E-8
 6718.144088364892 7.44673162027471E-8
 6766.174951914527 6.438365657114888E-8
 6814.318762821128 5.564703848568643E-8
 6862.568461874885 4.808053468177801E-8
 6910.931108285606 4.1529990434639206E-8
 6959.392583633673 3.5861165905250305E-8
 7007.959947128895 3.095722373224687E-8
 7056.626139561462 2.6716525602864756E-8
 7105.377042511754 2.3050703920942915E-8
 7154.22677439939 1.988296468521681E-8
 7203.147098385129 1.7146605895017603E-8
 7252.208606567076 1.4783722529511271E-8
 7301.340706847126 1.2744069603604058E-8
 7350.4728071271775 1.0984071700484737E-8
 7399.746091603434 9.465957026811134E-9
 7449.089968177794 8.157001287315184E-9
 7498.5044368502595 7.0288690004115505E-9
 7547.989497620827 6.057039541333765E-9
 7597.474558391395 5.220305802573491E-9
 7647.10080335817 4.500340336090488E-9
 7696.727048324944 3.881316522732348E-9
 7746.494477487926 3.3495801168005817E-9
 7796.191314552805 2.8933645969096415E-9
 7846.02933581389 2.50254394645377E-9
 7895.867357074976 2.1684198384869146E-9
 7945.775970434166 1.8835369261101315E-9
 7995.684583793354 1.6415249901638906E-9
 8045.593197152542 1.4369626821010693E-9
 8095.572402609837 1.2652617744830193E-9
 8145.622200165231 1.1225687287350987E-9
 8195.671997720627 1.0056821433975354E-9
 8245.65120317792 9.119841012705493E-10
 8295.771592831421 8.393844758150505E-10
 8345.821390386816 7.862770656148276E-10
 8395.941780040315 7.5150588610239E-10
 8445.991577595712 7.343742621053866E-10
