 0. 0.
 0.2558821659990199 0.003174684808309035
 0.7706547811669504 0.011512809268916646
 1.2914839698725455 0.024067564218899645
 1.8184432937377204 0.04000293007723063
 2.351590827727145 0.0585913023580846
 2.891016910674749 0.07921147466328748
 3.4367860703190556 0.10134660624799452
 3.9889692871724374 0.12457763633784215
 4.547643994521122 0.14857191083075724
 5.112887625651336 0.17306907588555798
 5.6847840666231555 0.19786654120249686
 6.263391392401252 0.22280645321299647
 6.848780583498001 0.24776522161845083
 7.4410806953904425 0.27264578652672794
 8.040349803043249 0.2973721353322719
 8.646652434194943 0.32188517274754813
 9.260053116584043 0.3461389885378818
 9.880745433426116 0.37009726468465115
 10.508664856982644 0.39372999407225306
 11.143940442730665 0.4170109799320258
 11.786701246147226 0.4399163845971213
 12.437011794970848 0.46242429936068463
 13.095001144678577 0.484514922747226
 13.76066929527041 0.5061708458057035
 14.434145302223392 0.5273769897120161
 15.115558221014567 0.5481202114319225
 15.804972579382454 0.5683890749828701
 16.50245290506558 0.588174222005754
 17.208128253540988 0.6074692102155299
 17.922127680285715 0.626271115894526
 18.64445118529977 0.6445802994178336
 19.375292351798713 0.6623992525105608
 20.114651179782545 0.6797310015720839
 20.862785780205357 0.6965779783452458
 21.619631625328623 0.7129418283456879
 22.38531777062939 0.7288239612286156
 23.160037799323216 0.7442264753075203
 23.94385623914863 0.7591528639833648
 24.736837617844156 0.7736079019042212
 25.539175518625353 0.7875974733350481
 26.35086994149223 0.8011283917489581
 27.17204994192182 0.8142082922598375
 28.0029091031297 0.8268454429729228
 28.843511952854378 0.8390485786456254
 29.693923018834386 0.8508266252141653
 30.554335884285287 0.8621886993872874
 31.424815076945606 0.8731436136332449
 32.30548965229238 0.8836998756476693
 33.196488665802654 0.8938661081095792
 34.09794117295348 0.9036524848470394
 35.009911701483375 0.9130706576986696
 35.9325938346079 0.922132494657431
 36.86605210006558 0.930848779935391
 37.81048008107199 0.9392284723729745
 38.765942305365634 0.9472790784608816
 39.73256782842357 0.9550081851331247
 40.71048570572284 0.9624244926808536
 41.699889520479 0.9695376873149198
 42.700908328169106 0.9763574103362137
 43.71360665653167 0.9828913098386117
 44.73811356104374 0.9891447767993464
 45.77462262492088 0.9951232609474783
 46.82326290364014 1.0008351456132503
 47.88416345267856 1.006291924666334
 48.95745332751318 1.0115056066067514
 50.04332611135957 1.0164865505764091
 51.14184633195625 1.0212426860737374
 52.2532075725188 1.0257799057936812
 53.37760341626275 1.0301034368406725
 54.51509839092666 1.0342193553718726
 55.665886079726064 1.0381356222573155
 56.83009553813803 1.0418612833549725
 58.007920349378125 1.0454060008176176
 59.19948956892337 1.0487790287627003
 60.404996779989354 1.0519873351198985
 61.62450651031458 1.055035470098265
 62.85827687085314 1.0579270145315791
 64.10650144482061 1.0606652614706589
 65.36918023221698 1.0632530978444779
 66.64682945495043 1.0656931659142406
 67.93932005754392 1.067987692840311
 69.24665203999744 1.0701378167864382
 70.56947067969622 1.072144431728925
 71.90713069925503 1.0740102287832787
 73.26092265344431 1.0757392811189208
 74.63020126487886 1.0773372629222986
 76.01561181094387 1.0788119945488608
 77.41715429163935 1.0801729605292172
 78.83547398435053 1.0814289350670434
 80.26992561169217 1.0825877707826113
 81.72050917366428 1.0836580818950996
 83.18851522503732 1.0846480269154488
 84.67394376581126 1.0855635999290227
 86.1761495186009 1.086408570176856
 87.69577776079146 1.0871845436790393
 89.23347376976812 1.087892338637937
 90.7885922681457 1.0885312193149321
 92.36242381069464 1.0890991734998872
 93.95432312002971 1.0895960145439985
 95.56429019615089 1.0900248884891683
 97.19297031644344 1.0903902613646375
 98.84100875829256 1.0906966311291828
 100.507760244313 1.0909453105613405
 102.19451532927525 1.0911331943639349
 103.90062873579406 1.0912558573284326
 105.62610046386945 1.0913081718348552
 107.37157579088661 1.0912862609530538
 109.13769999423077 1.0911906897028203
 110.92447307390195 1.0910243856763604
 112.73124975251493 1.0907903136427608
 114.55996586222534 1.0904913783531631
 116.40868557087751 1.0901312689188012
 118.27998998801236 1.089715800883168
 120.17194328147423 1.0892507895999615
 122.08648128341875 1.0887395962313944
 124.02295871646072 1.0881831240207476
 125.98202085798535 1.0875790924678708
 127.96366770799263 1.0869199649794523
 129.9678992664826 1.086197706385543
 131.99600608822564 1.0854095769653052
 134.04669761845133 1.0845575506312979
 136.12190968931537 1.0836470367023792
 138.2203517460473 1.0826830782782255
 140.34395962080274 1.0816681801923995
 142.49144275881127 1.0806025239580117
 144.66344643745816 1.079486034338324
 146.86126121151378 1.0783214348764412
 149.08424180359293 1.077115768658945
 151.33238821369562 1.0758760046052582
 153.60699099659232 1.0745997367112987
 155.90740487489776 1.0732786533316374
 158.23492040338238 1.071910042979653
 160.588892304661 1.07049538915338
 162.96996585611876 1.0690380726430133
 165.37814105775576 1.0675433854764518
 167.8147084643424 1.0660182164353256
 170.2783775211082 1.0644718004870024
 172.77108406020886 1.0629092812821497
 175.2928280816444 1.061333540717489
 177.84296430802956 1.0597476812165663
 180.42213801674956 1.0581470101615866
 183.03163976257486 1.0565204383261404
 185.6708242681202 1.0548541940429348
 188.34033681077088 1.0531334399628676
 191.04017739052682 1.051347217776278
 193.77163656215848 1.0494935455773018
 196.53406904828066 1.0475794674282788
 199.32812012627855 1.045613152910797
 202.15378979615218 1.0435967921709566
 205.01236861267196 1.0415279154945456
 207.90385657583792 1.0393996327708532
 210.82760840826484 1.0372005334434216
 213.78555994210836 1.0349242659976874
 216.77706589998326 1.0325724395468068
 219.80277155927473 1.0301413630200502
 222.86332219736806 1.0276242953444474
 225.9587178142632 1.025020102214842
 229.08895840996016 1.0223267171219914
 232.25533453922935 1.0195423466752385
 235.45849147945606 1.0166698841581248
 238.69713867586978 1.0137115125417269
 241.97321196062623 1.0106723319850175
 245.28671133372535 1.0075650727219796
 248.63763679516717 1.0044009389878117
 252.0266336223369 1.0011846808975968
 255.4543470926198 0.99791295160372
 258.921422483401 0.9945795532426372
 262.4272145172954 0.9911751407987487
 265.97301374907335 0.9876934816069153
 269.55946545612005 0.9841414429067792
 273.18656963843557 0.9805381544953166
 276.8543262960199 0.9768929230319867
 280.5646712610287 0.9732028063656961
 284.3163139786914 0.9694650345342454
 288.1105450037786 0.9656762003464529
 291.9473643362903 0.9618257282101793
 295.8280625309969 0.9578903665931443
 299.75263958789833 0.953841844041658
 303.7217407843799 0.9496624682129735
 307.7360113978267 0.9453574771767678
 311.79480615085373 0.9409519659268807
 315.9000608756164 0.9364741464181553
 320.0511302947297 0.9319454159561241
 324.249304962964 0.9273561425868186
 328.4945848803192 0.922672948944113
 332.7876153241807 0.9178598398866537
 337.12904157193356 0.912889692632071
 341.51950890096305 0.9077443016093343
 345.9590173112692 0.9023921360343795
 350.4488573576224 0.8968077121236039
 354.9890290400227 0.8910006420381514
 359.57953235847003 0.885007269480272
 364.2223031451202 0.8788552639484479
 368.9166961225878 0.8725614591061055
 373.6640018456433 0.8661274429294306
 378.4642203142868 0.85954418881315
 383.3179968059035 0.8528007954089586
 388.22597659787857 0.8459006194930498
 393.18880496759726 0.8388557354900373
 398.2071271924448 0.8316512903303421
 403.2815885498063 0.8242634659172201
 408.4128343170671 0.816676500568452
 413.6008644942272 0.8088767074201988
 418.8463243586717 0.8008518292026103
 424.1505044651712 0.7926135389672567
 429.51405009111085 0.7842063440069259
 434.9363159591054 0.7756454432769684
 440.4192379013105 0.7669179389901424
 445.96346119511145 0.7580268091582081
 451.56834056312294 0.748988195408328
 457.23581183750065 0.73982926837648
 462.9658750182446 0.7305706737239777
 468.75917538274007 0.7212255695928962
 474.61635820837216 0.7117891707506401
 480.5380687725261 0.7022137548279594
 486.5255976299725 0.6924333935525205
 492.5789447807111 0.6824356608129538
 498.6987555021273 0.6722569298876038
 504.8863203489915 0.6619306612476252
 511.1416393213036 0.651477729819779
 517.465357696449 0.6408980424099409
 523.858766029198 0.6301467904069631
 530.3225095969359 0.6191423225820708
 536.8565883996627 0.607801220255025
 543.4622929921487 0.5960508702273639
 550.1402686517791 0.5838998214821611
 556.8911606559394 0.5714548932844827
 563.7162595594 0.5588249196933427
 570.6149200847755 0.5460559775151183
 577.5890780642214 0.5331470364642649
 584.6393787751233 0.5201049034656183
 591.765822217481 0.506932084567095
 598.9703442234502 0.4935983957581396
 606.2522995156456 0.4801086728340779
 613.613623926223 0.4664499519073181
 621.0549627325676 0.45262224475373825
 628.5763159346792 0.43870383801457974
 636.1789740873285 0.42479852067337126
 643.8635824679005 0.41093388906305417
 651.6333674633215 0.3970934188433603
 659.4799404675834 0.3833028836051025
 667.4168523057762 0.36961394325178754
 675.4376502040473 0.3560457986210564
 683.548786936249 0.34262930623501586
 691.7373569546771 0.32942733077732356
 700.022718580888 0.31649138418507633
 708.3919662671773 0.30383348137137656
 716.8515527873972 0.2914152673994413
 725.4014781415478 0.2792622946864283
 734.0417423296291 0.2674699299876486
 742.7723453516411 0.2561107187186185
 751.5997399814358 0.24514915593779452
 760.5239262190134 0.2345049953497891
 769.5319985166694 0.2241572339354548
 778.6433151959606 0.2141682572769474
 787.8514234830344 0.20459130174849532
 797.1563233778912 0.19549837393345051
 806.5515621066787 0.18699050196042133
 816.0564979909533 0.17910989477474598
 825.6517727091586 0.1718445255601341
 835.356744582851 0.16520322291432682
 845.1585080643264 0.15919421661566596
 855.0635159274366 0.15376856673490702
 865.0717681721819 0.14888175978130733
 875.1832647985625 0.14449498865002042
 885.4044585804301 0.14053870742511979
 895.7288967439326 0.1369552515108413
 906.1630320629225 0.13374497315789888
 916.7068645373996 0.13092006152141095
 927.3539413935118 0.1284811740077191
 938.1171681789633 0.1264119667618696
 948.9836393460498 0.12466322249555385
 959.972713216328 0.12314530072473909
 971.0650314682412 0.12176273655292659
 982.2799524233458 0.12043140446225717
 993.6045705339378 0.11909613832802854
 1005.0453385738691 0.11774277538156114
 1016.6087093169921 0.1163801682150905
 1028.2817772156022 0.11504137817990222
 1040.077447817404 0.1137912326513355
 1051.9957211223975 0.11272671808514811
 1064.0301443567303 0.11195097369712072
 1076.1936230681067 0.11150386724795602
 1088.4732517088228 0.11132227348619178
 1100.8819358265825 0.1112631811358599
 1113.4132226475338 0.11116595921949732
 1126.0671121716766 0.11092047214035958
 1138.8565099467157 0.11050408349792067
 1151.768510424946 0.10995942985528342
 1164.8095663802203 0.10937247057170789
 1177.9796778125383 0.10888512883043955
 1191.2852974957525 0.10865301999236114
 1204.7199726560102 0.10875487342656223
 1218.290156067164 0.10915020082726248
 1231.995847729214 0.1097275399351503
 1245.8370476421594 0.11039246114453098
 1259.8137558060012 0.11108796768442525
 1273.925972220739 0.11178989277714267
 1288.1736968863727 0.11253758089790535
 1302.5698353506066 0.1134459197558401
 1317.1014820657365 0.1146369367683086
 1331.7750898056145 0.1160641573816556
 1346.590658570241 0.11748328044644989
 1361.5481883596153 0.1186600118295075
 1376.6541319475903 0.11952597641182434
 1391.9084893341653 0.12012624945480223
 1407.3048077454887 0.12062860313670787
 1422.8495399554124 0.12126621975749509
 1438.5491387377886 0.12217944574123865
 1454.390698544913 0.123344044173261
 1470.393577698342 0.12460801535590134
 1486.5384178765191 0.12575582005578398
 1502.8445774010013 0.1266179998438882
 1519.2991507240836 0.12713847329026412
 1535.9085906196185 0.12741823876896274
 1552.6793498614581 0.1276819237842889
 1569.6049756757502 0.12807966099157508
 1586.691920836347 0.128645392342099
 1603.9337325693966 0.12934530306460804
 1621.343316422603 0.13006129745318876
 1638.9077668482619 0.1306882952544791
 1656.6399893940775 0.13112004544451808
 1674.533531286198 0.13115869014321385
 1692.588392524623 0.13047947269459284
 1710.8110258832053 0.12880050110868677
 1729.2078841357968 0.12608005475385484
 1747.7660617346928 0.12245870793217954
 1766.4920114537454 0.11838654357553838
 1785.3857332929556 0.11471971775559005
 1804.4536800261744 0.11206580776973986
 1823.6958516534023 0.11041597408599892
 1843.1057954007874 0.10931056435347258
 1862.6964168160334 0.10825330381767036
 1882.454810351437 0.10686360463140078
 1902.3938815547015 0.104972488345113
 1922.5071776519749 0.10289444150798222
 1942.7946986432576 0.10093464631379732
 1963.2693500762539 0.0993064892850914
 1983.918226403259 0.09819903672463734
 2004.7477803981258 0.09758295501411622
 2025.7580120608534 0.09738326136645921
 2046.9489213914428 0.09745597171242473
 2068.3269611637456 0.09743207095300215
 2089.885678603909 0.09702206694186746
 2111.6315264857867 0.09642536088314989
 2133.564504809378 0.09572128973361443
 2155.6781608008296 0.09474279236715877
 2177.985400007848 0.09312554842089789
 2200.4797696565793 0.09062767756688549
 2223.161269747024 0.08769221262136434
 2246.036353053035 0.08477888723453211
 2269.0985668007584 0.08204379186022592
 2292.3479109901964 0.07988146223995474
 2315.7972911690513 0.0786873033731713
 2339.4402545634725 0.07829558680831182
 2363.270348399607 0.07825036800401353
 2387.3004782251596 0.07831699967127564
 2411.5241912662777 0.07812036513184378
 2435.9414875229613 0.07717967269203369
 2460.558819769063 0.07528751692786999
 2485.36973523073 0.07266261232231712
 2510.3806866818154 0.06979853280208895
 2535.5852213484663 0.06723947935777443
 2560.996244778387 0.06496538087747215
 2586.600851423874 0.06244338200747515
 2612.4119468326303 0.05885967140788848
 2638.423078230805 0.05389773341061584
 2664.6277928445447 0.048235777131219876
 2691.0389962215554 0.04263055440399762
 2717.656688361835 0.03726151613988699
 2744.4744164915332 0.03173101871830504
 2771.4921806106495 0.026053417633912744
 2798.7164334930358 0.020792002789477886
 2826.147175138691 0.016490599443320732
 2853.7779527737653 0.013278694546999622
 2881.61521917211 0.01092759376285456
 2909.6589743337236 0.009159441572634933
 2937.9027654847555 0.007782531151572297
 2966.3594981729093 0.0066802694208921145
 2995.0162668504818 0.005779783437217693
 3023.8859770651757 0.005032696399354801
 3052.9557232692882 0.004405181556538891
 3082.23195823667 0.0038726635993627636
 3111.7211347411744 0.0034167857588350034
 3141.410347235097 0.003023549735418701
 3171.312501266141 0.0026821064533609808
 3201.421144060456 0.0023839348641511524
 3231.7362756180405 0.002122263510951092
 3262.257895938895 0.0018916528202799193
 3292.9860050230204 0.0016876881933319428
 3323.9206028704148 0.001506750624442508
 3355.068142254932 0.001345844092903233
 3386.4157176288672 0.0012024642980871575
 3417.976234539924 0.001074498431767069
 3449.736787440399 0.0009601479778663615
 3481.7102818779967 0.0008578692309862357
 3513.8838123050114 0.0007663268362279948
 3546.2702842691488 0.0006843576652637029
 3578.856792222704 0.0006109422350690447
 3611.6562417133814 0.0005451821192571172
 3644.6557271934767 0.0004862818451804395
 3677.861701436842 0.0004335342935351525
 3711.267711669625 0.00038630882449328135
 3744.886663439531 0.00034404147610962954
 3778.699198425002 0.00030622680933861934
 3812.7246749475953 0.00027241111284195666
 3846.943734685754 0.0002421865417261861
 3881.3692831871836 0.00021518617248109106
 3916.001320451883 0.00019107966681704245
 3950.826940932148 0.0001695695226631813
 3985.8525974018303 0.00015038776152467335
 4021.078289860931 0.00013329299834721414
 4056.5040183094493 0.00011806783633775298
 4092.1297827473854 0.0001045165383069866
 4127.949130400887 0.0000924629334372534
 4163.968514043807 0.0000817485285916235
 4200.17502812844 0.00007223081857106059
 4236.581578202492 0.00006378173521964962
 4273.181711492109 0.00005628626508375878
 4309.975427997291 0.000049641181732586995
 4346.9562749441875 0.00004375390387116549
 4384.130705106649 0.000038541451693285
 4421.4922657108245 0.00003392950878540738
 4459.040956756713 0.00002985156460374516
 4496.776778244315 0.000026248139595064935
 4534.699730173631 0.000023066081686808226
 4572.80981254466 0.000020257927817456734
 4611.10057258355 0.000017781329262406777
 4649.56555751645 0.000015598527794346272
 4688.217672891064 0.000013675884565479953
 4727.050465933537 0.000011983452688847383
 4766.05748387002 0.000010494592537063345
 4805.238726700512 0.000009185624215955878
 4844.594194425015 0.000008035514744550573
 4884.130339817378 0.000007025596346009479
 4923.8278045560455 0.000006139311628221165
 4963.699494188722 0.0000053619871418827815
 5003.738955941556 0.0000046806278819699835
 5043.939737040694 0.000004083733601417768
 5084.30829025999 0.0000035611345850853217
 5124.838162825589 0.0000031038436017744155
 5165.535807511346 0.000002703924513915076
 5206.381865995704 0.0000023543740539125226
 5247.389243826366 0.000002049016472345835
 5288.551488229481 0.0000017824093634884719
 5329.868599205048 0.000001549760124623301
 5371.334123979215 0.0000013468510611753125
 5412.948062551984 0.0000011699729149697592
 5454.710414923351 0.00000101586568707143
 5496.614728319468 8.816662482217722E-7
 5538.661002740332 7.64861387293999E-7
 5580.849238185945 6.632467603097388E-7
 5623.179434656306 5.748898883661659E-7
 5665.63868660371 4.98097846928173E-7
 5708.239899575863 4.313884034814634E-7
 5750.963715251208 3.73464629009968E-7
 5793.823039177448 3.231923794176436E-7
 5836.804965806879 2.795804666393907E-7
 5879.909495139503 2.417631573509883E-7
 5923.136627175319 2.0898471315014824E-7
 5966.479909140473 1.8058577669311672E-7
 6009.945793808819 1.5599143721285772E-7
 6053.521375632653 1.347006640820843E-7
 6097.213107385825 1.1627706367636327E-7
 6141.008083520633 1.0034073527887906E-7
 6184.912756810928 8.656113323608706E-8
 6228.920674482858 7.465080970312304E-8
 6273.0253837625705 6.435991143670239E-8
 6317.233337423918 5.5471383037466736E-8
 6361.531629919197 4.7796743447322515E-8
 6405.926714022258 4.117240608446761E-8
 6450.41213695925 3.545645761801885E-8
 6494.974993182469 3.052584181979239E-8
 6539.628188239618 2.627389970328822E-8
 6584.345911035288 2.2608224796895974E-8
 6629.192689308003 1.9448792091474216E-8
 6674.103995319239 1.672632420184938E-8
 6719.015301330476 1.4380871134519083E-8
 6764.055662818757 1.236057142723937E-8
 6809.160552045558 1.062057419092023E-8
 6854.329969010882 9.122101393120701E-9
 6899.563913714728 7.831631659268178E-9
 6944.797858418574 6.720192570112616E-9
 6990.1608585994645 5.762741692905747E-9
 7035.523858780353 4.937632543535601E-9
 7081.015914438287 4.2261480252222615E-9
 7126.4434423576995 3.6120956116065205E-9
 7172.000025754154 3.0814544865797077E-9
 7217.55660915061 2.6220696283150526E-9
 7263.177720285588 2.2233836634600423E-9
 7308.798831420565 1.876203211910133E-9
 7354.419942555542 1.572494350648074E-9
 7400.105581429042 1.3052021773288895E-9
 7445.855748041062 1.0680912342509501E-9
 7491.605914653083 8.556029598473574E-10
 7537.291553526582 6.62727079856331E-10
 7583.1062478771255 4.848828855404E-10
 7628.856414489147 3.1780793946249363E-10
 7674.67110883969 1.574561552093921E-10
 7720.42127545171 4.006985590646452E-17
