 0.21152862247037635 1.000069116930806
 0.637072707369058 1.0004499691201802
 1.0676235447012705 1.0011552237510142
 1.503241945225316 1.0021632946564936
 1.943975917434591 1.0033739486831819
 2.389900141207711 1.004701966903148
 2.841067959315118 1.0061277500608512
 3.2975380488042942 1.0076324307559998
 3.7593744209997704 1.0092111252394464
 4.226641087226073 1.0108580002813607
 4.699407393084776 1.0125851475325092
 5.177721347069275 1.0143949340836003
 5.661641626227055 1.0162230688844944
 6.151274916098995 1.018064853279604
 6.646669225178492 1.0199428507846864
 7.147877896235989 1.0218222738702787
 7.6549542720419215 1.0235915016628354
 8.168058380907613 1.0253157377542113
 8.687136880062626 1.0270197104602077
 9.212296455047838 1.028573603799693
 9.743643791404129 1.030011516055748
 10.28123223190194 1.0313243827012597
 10.825168462082154 1.0325380507848378
 11.375452481944768 1.0336482962039413
 11.932190977030665 1.0345903883839145
 12.495490632880722 1.035401829779611
 13.065404792265385 1.0361098063617245
 13.64198679795509 1.03667431163783
 14.225343335490718 1.0370616705058464
 14.815581090413152 1.0373335373814339
 15.412700062722392 1.0374687670456664
 16.016860280729755 1.0374761528408218
 16.628061744435247 1.0373292680845816
 17.246517824920623 1.037032866253681
 17.872175179415446 1.036594305083109
 18.505140493460598 1.0358520826346598
 19.145573795367397 1.0347672125268839
 19.793528427906285 1.0333319070519338
 20.449057733847702 1.0314674447045666
 21.11232174150297 1.0291826051562065
 21.783320450872093 1.0264892521346876
 22.46216054749594 1.0233098116116832
 23.14900205968584 1.0196443597163838
 23.843898330212237 1.0155038070156694
 24.54690270184556 1.0108088915500968
 25.258175202897142 1.005499654670932
 25.977769176137418 0.9995385562702603
 26.705791307107262 0.9928907959684733
 27.442348281347567 0.9855748116145538
 28.187546784399206 0.9774023163201889
 28.941440159032627 0.969092152241591
 29.70418843355914 0.9599475559190387
 30.475844950749188 0.9502045345186547
 31.256569738914102 0.9398582488951622
 32.04641614082431 0.9288961527985431
 32.8454908420207 0.9172621910081281
 33.653900528044154 0.904929040019467
 34.471805227205984 0.891916461204438
 35.29931162504708 0.8782737409614974
 36.13647306433788 0.8640397788505576
 36.983396230619256 0.849237570025365
 37.840241152202545 0.8339099777029868
 38.707114514628614 0.8181135444448175
 39.58412300343835 0.8018925421043721
 40.47137330417264 0.7852859603056135
 41.36902544514278 0.7683694723599561
 42.27713276911924 0.7512062152779011
 43.195855304413335 0.7338202137769705
 44.125353079336364 0.7162399442611541
 45.0656794366588 0.6984636808671004
 46.016994404691935 0.6804784170271149
 46.97940466897667 0.6622782347781507
 47.953070257824315 0.6438776668994403
 48.93809785677575 0.6253197594837101
 49.934647494142304 0.6066436432237853
 50.94277251269441 0.5878761944882616
 51.96268628351383 0.5690884943491274
 52.994548834911896 0.5503949099855302
 54.038360166888594 0.5318450253704019
 55.094547021607454 0.5134823692572772
 56.1630027135276 0.4953378501253526
 57.243727242649015 0.47739008471667044
 58.337254036676114 0.45967808514105346
 59.4430496679045 0.44219760577316986
 60.56218099174297 0.4250005416937476
 61.694114580487124 0.408205763685294
 62.83938386184136 0.3918855613845414
 63.997988835805685 0.37604008527559807
 65.17046293008451 0.36063117371890285
 66.35627271697341 0.3456886566214586
 67.55541819647239 0.3312976640470116
 68.76896622399028 0.31758325109053565
 69.99691679952706 0.3046132160784864
 71.23873649537832 0.2923459909938784
 72.49495873924849 0.2807079547768527
 73.76611695884193 0.26965553817703364
 75.05167772645429 0.2591550242442163
 76.35270789749433 0.24918974884794054
 77.66867404425768 0.23975478026822383
 78.99957616674433 0.2310672036588534
 80.34594769265867 0.22245168588838168
 81.70832204970513 0.21452738748869152
 83.08616581017927 0.20698884919836663
 84.48054582948993 0.19968767351499048
 85.89092867993268 0.19246290217997147
 87.31731436150756 0.1852002600834463
 88.76023630191894 0.17789496225938034
 90.22022792887121 0.170635983660538
 91.6972892423644 0.16349871459042187
 93.19088681469411 0.15645524078162287
 94.70262092897353 0.14943679009745137
 96.23089130208945 0.1424472718965429
 97.77783164485949 0.13551491028378831
 99.34184167417045 0.12868274324175125
 100.92452167313553 0.12201591830085481
 102.52533821405034 0.11558553372235239
 104.14482472461927 0.10939267604425704
 105.78298120484229 0.10342758856005566
 107.43980765471946 0.09771720406860554
 109.11637092965955 0.09220616079197619
 110.81160417425376 0.08677148423962232
 112.5271076716153 0.08142503898213749
 114.26181456633537 0.0762708032940205
 116.01732514152717 0.07137156710301071
 117.79257254178191 0.06670754360024712
 119.58809019480395 0.06220756515756694
 121.40494495600215 0.05781622752890565
 123.2426033976721 0.053515535488932765
 125.10106551981377 0.049338671488791376
 126.981398177836 0.04534860192085425
 128.88306794403434 0.04157341859595189
 130.80714167381763 0.037994758523196295
 132.75308593948148 0.034582042054363035
 134.72143416873024 0.03133495943741696
 136.712186361564 0.02829746359455895
 138.72640937339148 0.025528247042802092
 140.7630363488039 0.023053238276125994
 142.82366757091447 0.020871171494878955
 144.90830303972322 0.018989119207812336
 147.01640932752574 0.017408158825128455
 149.14851986202638 0.016111977045204423
 151.30570149863397 0.015090984383613414
 153.48742080964414 0.014322367483946094
 155.69421122276128 0.013754058993857829
 157.92607273798538 0.013330662444390042
 160.18407221072525 0.013004100389126892
 162.4676762132765 0.012728341427411803
 164.77741817334348 0.012468865279780117
 167.11329809092626 0.012215153539010364
 169.47638282143362 0.011987193236602037
 171.86667236486554 0.011775818157350793
 174.28363329351762 0.011618006119595155
 176.72886589050313 0.011502739329947628
 179.2018367281176 0.011417512202980195
 181.7030792340654 0.011345697073290952
 184.23312683605107 0.011276848280777733
 186.79197953407447 0.011214644030428418
 189.37963732813571 0.011174605497322508
 191.99716707364348 0.011173665058549529
 194.64510219830228 0.01125279402403692
 197.32237584670327 0.011341183028731388
 200.03058830195968 0.011532820485189544
 202.76973956407147 0.011807843191147877
 205.53982963303866 0.012167370163376798
 208.34139193656563 0.012608476292630826
 211.17495990235685 0.013133852427195654
 214.04106695811666 0.013748119017035848
 216.9391796761407 0.014443685734956555
 219.87036491183775 0.015191929323914211
 222.83515609291217 0.015947267718865083
 225.83355321936406 0.016665735650432917
 228.86555629119334 0.017316931233046555
 231.9327655915133 0.017880448096754247
 235.03411426491502 0.018338666534205055
 238.1706691668074 0.01867754884576095
 241.3424302971904 0.018891583455480296
 244.55046451147282 0.018980336774668472
 247.79477180965472 0.018933758025672594
 251.07588561944044 0.01872138816739655
 254.39433936853436 0.01829987363049958
 257.7495996292322 0.017628927803634096
 261.143266684647 0.01667558998951379
 264.5748071070745 0.015417960245354915
 268.0452877519234 0.013881506618571739
 271.55470861919383 0.012177825201007178
 275.1036031365901 0.010473017096459631
 278.6925047318166 0.008902216122598613
 282.3219468325778 0.007512566282637404
 285.9919294388736 0.006285576512109121
 289.7035194061129 0.005203251036975934
 293.4567167342957 0.0042530588163291
 297.25152142342193 0.0034151390680252913
 301.0895337566049 0.0027117714431887222
 304.9702203061401 0.0021874419223258043
 308.8946479274364 0.0018340305741306462
 312.86281662049373 0.0017431972921613755
 316.8752598130166 0.0017664713852636926
 320.93251093270936 0.0017932230139650772
 325.03510340727644 0.0019160013334735778
 329.1835706644222 0.0016839312967425965
 333.37844613185104 0.0014839392415778706
 337.6202632372674 0.000898786244139646
 341.90902198067124 0.00007916895155085284
 346.24525578976693 -0.0008978828579727446
 350.63003151996344 -0.001924824186553868
 355.06388259896505 -0.0029550990119954676
 359.54627559906737 -0.003967129244210251
 364.0788108033836 -0.005011723540324768
 368.6620216396182 -0.006031923891006965
 373.2953746800667 -0.006356454115685855
 377.9804702078423 -0.006367901364969751
 382.71730822294506 -0.006362542442694577
 387.5064221530794 -0.005882172163284244
 392.3483454259496 -0.0053776269671174355
 397.2436114692602 -0.004775176188462939
 402.19328713842 -0.004055207663190477
 407.1973724334289 -0.003307715395157081
 412.2564007819914 -0.0026925844979465343
 417.3714390395162 -0.002409752012150335
 422.54248720600333 -0.0025946446646580175
 427.77007870915736 -0.0032939640198567767
 433.05528040438685 -0.004453286978921129
 438.39862571939636 -0.0058487876998313225
 443.80011465418585 -0.007095912359254163
 449.26081406416415 -0.008004496690863172
 454.78125737703556 -0.008593838317338294
 460.3619780205046 -0.009146076350894287
 466.00404284998007 -0.010042508723415085
 471.7069184377575 -0.011072936452800573
 477.47220506695015 -0.011972949681962488
 483.3004361652624 -0.012752055166938184
 489.1916117326943 -0.013184687004233517
 495.14733205235893 -0.013225874930367353
 501.167063696552 -0.012979116906514336
 507.25240694838675 -0.012736210022196005
 513.4038952355676 -0.01165552377004565
 519.6215285580944 -0.0105110444440431
 525.9063737713759 -0.009860666825871944
 532.2589643031168 -0.010165350580653744
 538.681967291839 -0.011319094700211878
 545.168448177385 -0.012319021533942234
 551.7296089415477 -0.011952439448710142
 558.3601153072827 -0.011652948051357595
 565.0653015516343 -0.010861220779990346
 571.8344991205142 -0.009850668040610269
 578.6837108450547 -0.008205669224305356
 585.6022681711677 -0.006202005326044152
 592.5955053758971 -0.004525057717174377
 599.6634224592431 -0.003706333374690773
 606.8060194212054 -0.0038624294564450455
 614.0232962617843 -0.004988141429770482
 621.3205872580237 -0.0068815163375570785
 628.6978924099236 -0.008779573744204143
 636.144543163396 -0.009971322534099773
 643.6765423495729 -0.01043096770654465
 651.2885556914104 -0.010688791601443636
 658.9805831889083 -0.011004353951787183
 666.7472905650228 -0.011249075818945851
 674.6046806508857 -0.011572872217893703
 682.5367506153653 -0.012331688221246842
 690.5595032895934 -0.011836543857841053
 698.6622701194821 -0.01139945256782076
 706.8503853820752 -0.00929774089248766
 715.1238490773729 -0.007220492267427758
 723.4826612053753 -0.004785055054499933
 731.9321560431262 -0.0015698148317112811
 740.4669993135816 0.0021609992028000825
 749.0925252937856 0.0048862355492735625
 757.8087339837382 0.006386763842696722
 766.6102911063955 0.008590166797104688
 775.5078652158453 0.010539749825487206
 784.4907877579996 0.010126490615236858
 793.5750615639906 0.0074575975266729004
 802.7446838026862 0.00481004495859305
 812.0156573052183 0.0028021368104470014
 821.3773135174991 0.0004961773241572052
 830.8349867165725 -0.003483936762155081
 840.3940111794826 -0.006624527014009176
 850.0437183521414 -0.0077133493744492776
 859.7947767886366 -0.00883412199808187
 869.6471864889687 -0.00885069193454764
 879.5956131760934 -0.009125332968062196
 889.6507254040987 -0.011972183383193053
 899.8018546188965 -0.015599389806604042
 910.0596693745752 -0.018934269750646705
 920.4188353940905 -0.022248097824715235
 930.8793526774424 -0.025145276852283547
 941.4518897787191 -0.02799126221980786
 952.1257781438325 -0.028001302345232584
 962.9063520498264 -0.026923689409905874
 973.793611496701 -0.025900860978382196
 984.7928907615005 -0.024214675531284143
 995.8988555671807 -0.0237710674942474
 1007.1168401907855 -0.025085304305129546
 1018.4468446323152 -0.023687922878870366
 1029.8888688917693 -0.02244636836044236
 1041.4429129691484 -0.018330304006551907
 1053.1089768644522 -0.01667517181753592
 1064.8870605776808 -0.015995650753893552
 1076.7878326629223 -0.002668806288620713
 1088.8006245660881 -0.007272292153259439
 1100.930770564223 -0.009117640498916165
 1113.1782706573265 -0.009268526694220567
 1125.5431248453988 -0.009454618124185191
 1138.0306674054839 -0.01149664678660107
 1150.6408983375818 -0.0101301968271105
 1163.3684833646485 -0.008674885538246666
 1176.218756763728 -0.002735415499643451
 1189.1970528118643 0.0003790139339894407
 1202.2927029549694 0.002257445542183567
 1215.5217100241753 0.002388886820090485
 1228.8680711883499 -0.0015869462095700212
 1242.3477892786254 -0.0026277442040530206
 1255.9501957409138 -0.0028502482721690404
 1269.6806248522591 -0.0029516930109574914
 1283.544410889705 -0.0011215147500493042
 1297.536219576208 0.0023750413036864996
 1311.6613851888117 0.004611285173496964
 1325.9145734504723 0.004873469286404939
 1340.3064529152778 0.0020971705592168037
 1354.8263550291401 -0.0036411809661337415
 1369.4849483461471 -0.009259595451592963
 1384.2768985892553 -0.011330110331205491
 1399.2022057584643 -0.011900980265829699
 1414.266204130818 -0.012262345610054213
 1429.474227983361 -0.012330783800688921
 1444.8156087620046 -0.012896909394328053
 1460.295680743793 -0.014626553786312611
 1475.9144439287265 -0.016757555169070286
 1491.6772325938489 -0.014279370901035288
 1507.5840467391602 -0.011690223850836842
 1523.6295520876165 -0.008056812747892574
 1539.8244171933056 -0.004418041938795638
 1556.1579735021396 -0.0024806703833555955
 1572.640889568207 -0.0014635280242421887
 1589.2678311144628 -0.0009653151784047158
 1606.0387981409076 -0.00018234282259094512
 1622.9644592016298 0.0006007220165580655
 1640.0341457425407 0.001645162016941709
 1657.2531920406846 0.0009780008387862713
 1674.6215980960612 -0.002582324978643846
 1692.139363908671 -0.004707795308254665
 1709.811823755558 -0.008498793556647231
 1727.6336433596775 -0.010118153179741728
 1745.6101569980742 -0.010823425189091527
 1763.7413646707482 -0.010323600836654257
 1782.0219321006548 -0.009642370083752695
 1800.4625278418828 -0.007365257677566776
 1819.0578176173874 -0.005416665728842434
 1837.8078014271691 -0.0023289733415001747
 1856.717813548272 -0.0021135763129387923
 1875.7825197036518 -0.001938813669323213
 1895.0019198933087 -0.001258404165960083
 1914.3866826713304 -0.0008105673764191976
 1933.9314737606735 -0.0005787629979964109
 1953.6309588842935 -0.0004457040350628264
 1973.4958065962785 -0.0003501132111163803
 1993.5206826195847 -0.00027511192965060495
 2013.7055869542116 -0.000215125935537984
 2034.0558538772038 -0.00016696968577871948
 2054.566149111517 -0.0001282883686907008
 2075.2418069341957 -0.00009721563151693981
 2096.0774930681946 -0.00007225858891901356
 2117.083876067603 -0.000052217345436571686
 2138.250287378333 -0.00003614033250534682
 2159.587395554471 -0.00002325549916834731
 2181.089866318975 -0.000012931332715706872
 2202.7523653947997 -0.000004685140772821809
 2224.5855613360336 0.0000018934493002866485
 2246.5894541426765 0.000007141057325082975
 2268.7587095376844 0.000011316811505540495
 2291.0933275210573 0.000014630578531734657
 2313.5986423698396 0.000017240897521893324
 2336.2746540840308 0.000019299646531113002
 2359.116028386587 0.000020916807282281053
 2382.128099554553 0.00002216909582080819
 2405.310867587927 0.000023144626053875266
 2428.658998209667 0.000023892838789981497
 2452.18315997386 0.000024455774593346847
 2475.8726843264176 0.00002487555164516035
 2499.7382398214286 0.000025181125725589738
 2523.7691579048046 0.000025398689211893438
 2547.97077285359 0.00002554382514559311
 2572.348418944828 0.00002563445400061246
 2596.891427624432 0.000025679641757078014
 2621.610467446488 0.000025691729943667764
 2646.500204133954 0.000025684007281363202
 2671.5606376868286 0.000025653988654995524
 2696.7917681051126 0.00002560655077161625
 2722.1935953888055 0.000025551077226150828
 2747.766119537908 0.000025487935619101493
 2773.514674829463 0.000025419339306737487
 2799.4285927093833 0.000025349991499686835
 2825.5185417317566 0.000025281300414065366
 2851.7738533424954 0.000025209101822131058
 2878.2051960956874 0.000025139583402347256
 2904.8019014372435 0.00002507350923071295
 2931.5746379212533 0.000025011283660552863
 2958.5127369936286 0.000024948191637339487
 2985.626867208457 0.0000248915198052628
 3012.9063600116497 0.000024836296011827243
 3040.356549680252 0.000024786852815692776
 3067.972101937219 0.000024738034948290927
 3095.7636853366403 0.0000247016899002902
 3123.7152970473817 0.000024665480978388623
 3151.8429399005763 0.000024634258475891662
 3180.1306110650917 0.0000246105353924471
 3208.5889790950173 0.00002458714271031902
 3237.218043990351 0.000024573399304812065
 3266.007137197006 0.000024566783445790896
 3294.961592992026 0.000024562801440316797
 3324.0814113754113 0.00002456354149132112
 3353.3665923471613 0.000024564297968273896
 3382.8171359072767 0.00002457663400559786
 3412.427707778713 0.000024621998783592907
 3442.203642238514 0.000024631509076717787
 3472.1342707325925 0.00002464066610174648
 3502.230261815036 0.000024694235676081143
 3532.486281208801 0.000024749397784459
 3562.9023289138863 0.00002480613640630019
 3593.4730706532487 0.000024862298198671356
 3624.203840703932 0.000024917869604268798
 3655.089304788893 0.000024975029340188784
 3686.1294629081303 0.000025076693412184485
 3717.3243150616454 0.00002517756610870793
 3748.6738612494373 0.000025232594269496485
 3780.1781014715057 0.00002533362463987404
 3811.831701450807 0.000025482393658635164
 3843.6293269102976 0.000025583662739697708
 3875.5816464040654 0.00002572542792638379
 3907.683325655066 0.000025870528185711678
 3939.929030386255 0.000025972667110468562
 3972.318760597633 0.000026117316647810102
 4004.852516289201 0.00002630156511396813
 4037.5356317380015 0.000026445797292579595
 4070.352104112902 0.000026633264583253846
 4103.312601967992 0.00002686000469198956
 4136.411791026228 0.00002700419961328083
 4169.6443370105635 0.0000272315031670292
 4203.015574198044 0.000027457281232924496
 4236.520168311626 0.000027680904497711222
 4270.163453628352 0.000027949072363448773
 4303.929427317092 0.000028217268032273318
 4337.828757931931 0.000028481351549650255
 4371.856111195829 0.000028704333816832505
 4406.011487108783 0.00002900992653823513
 4440.289551393749 0.000029356746285828804
 4474.690304050729 0.000029660225384841257
 4509.213745079721 0.000030004443191540957
 4543.854540203682 0.000030348765909350416
 4578.612689422612 0.00003069063697387593
 4613.48819273651 0.00003107050987945519
 4648.481050145378 0.00003149266860796631
 4683.580593095126 0.000031912277439025484
 4718.797490139842 0.000032331519732762184
 4754.115738448396 0.00003279047080980953
 4789.546006574874 0.00003328620868328344
 4825.077625965188 0.00003378417493381281
 4860.710596619339 0.00003427920728525212
 4896.444918537328 0.00003485262318810585
 4932.275257442108 0.000035422994206992924
 4968.206947610726 0.000035992776039403654
 5004.229320489092 0.000036601259067698443
 5040.347710354251 0.00003724816785515612
 5076.551448652114 0.000037933485216067525
 5112.845869659726 0.00003865411617503287
 5149.225639100042 0.00003941568791211344
 5185.685422696019 0.000040173829297329216
 5222.2305547247 0.000040969903057173305
 5258.8503666319975 0.0000418422614757288
 5295.550192694956 0.000042749233499260454
 5332.324698636531 0.0000437000630466826
 5369.163215902635 0.00004472366100359833
 5406.076413047354 0.00004575014662047155
 5443.0429529625135 0.00004682863597349513
 5480.116178418555 0.00004801569319720648
 5517.242746645036 0.00004926859010119128
 5554.369314871518 0.00005059760180785111
 5591.602568638879 0.00005196083127207831
 5628.889165176681 0.000053393544348651944
 5666.229104484924 0.00005497260125221869
 5703.622386563607 0.0000567007282292869
 5741.01566864229 0.00005849785626478014
 5778.515636261854 0.00006036447182567189
 5816.015603881417 0.00006241240922589555
 5853.62225704186 0.00006464986795273717
 5891.175567431866 0.00006707175590468744
 5928.835563362749 0.00006966467759424357
 5966.495559293634 0.00007248730898313113
 6004.208897994959 0.00007564154941131283
 6041.922236696284 0.00007914662593474477
 6079.635575397609 0.00008296717283791166
 6117.402256869375 0.00008720305833023262
 6155.22228111158 0.00009204641091386617
 6193.042305353786 0.00009772841344949652
 6230.808986825551 0.00010420461530009636
 6268.682353838198 0.00011193223750274892
 6306.502378080403 0.0001211809583381828
