 0.25761715165407756 0.9998639921614006
 0.7758801355213893 0.9989767309678632
 1.300240758970049 0.9962196811705815
 1.8307730823998298 0.9903789844040555
 2.3675355745473956 0.9804060872483212
 2.910619186780888 0.9656112409707761
 3.4600888843632682 0.9457433305192104
 4.016016129083789 0.9209146795326998
 4.578478879258003 0.8915630470358703
 5.14755509320146 0.8583512088015723
 5.723329225756009 0.8220909830138237
 6.305859745658311 0.7836353396506581
 6.895218114697623 0.7437672115896262
 7.491534263399861 0.7032707945741881
 8.094866660501689 0.6628629555445766
 8.70528027126607 0.6231043531567816
 9.322840060955956 0.5843883803287055
 9.947740925360229 0.5471286675448976
 10.579917899215932 0.5115949007706553
 11.219500913048979 0.47786677069570876
 11.866619897385288 0.4460679619490542
 12.521339817487823 0.4162350384084067
 13.183790603882498 0.3883767082968934
 13.853972256569316 0.36244497710779594
 14.532014706074191 0.3383371192448007
 15.218047882923045 0.31598939344194243
 15.912136752378837 0.29532241486045474
 16.614346279704527 0.27622265778566507
 17.32480639542603 0.2585786483532875
 18.043647030069266 0.24231352956523322
 18.770868183634235 0.2273113116304884
 19.506664751909817 0.21346881688687072
 20.251036734896008 0.2006803256460729
 21.004243993644646 0.18886581876283917
 21.766221562892774 0.17796007902430572
 22.537099373166306 0.16785972553415224
 23.317072320254123 0.15850880709568999
 24.106205369419182 0.14986117880648375
 24.904563485924445 0.14184961441676222
 25.712341565558788 0.13442878225185012
 26.529539608322214 0.1275547934199206
 27.35628754474063 0.12116762059766446
 28.19278027060293 0.11523440692645592
 29.039082751172064 0.10972937758757424
 29.895259951710987 0.1046117034480168
 30.761506768008584 0.09985103604505717
 31.637888165327812 0.09542203661706308
 32.52453407419459 0.09129612577005793
 33.42157442513483 0.08745141630758022
 34.329139148674464 0.08386929172141773
 35.24729321007644 0.0805245731356823
 36.17623150512964 0.07739699425704477
 37.116018999097015 0.07447020190264765
 38.066850587767455 0.07172951235073906
 39.02879123640391 0.0691607602029562
 40.00197087553231 0.06674253165763683
 40.98651943567856 0.06445422233543568
 41.98263181263154 0.06228282400318236
 42.990437936917175 0.06022679224009528
 44.01000277379841 0.058285617310720336
 45.04145625380119 0.05645506020114739
 46.084993272714364 0.054728490775167095
 47.14074376106387 0.053095327355351926
 48.20883764937561 0.05154326283155056
 49.28940486817552 0.05006210349779804
 50.38264031325246 0.048648120501780745
 51.4886089498694 0.047300542135534904
 52.60750567381522 0.04601993033055852
 53.73952538087878 0.04481187083128079
 54.88473303632307 0.043673715364302215
 56.043323535936935 0.04259551552904745
 57.21542681024632 0.04156813988784076
 58.401237755040086 0.040585990155468696
 59.60088630084415 0.03964791700275681
 60.8145673434474 0.03875643376987783
 62.04234584811279 0.037910757483469164
 63.28448167589215 0.03710524119124174
 64.54116972257437 0.03633736913301909
 65.81240998815944 0.03559660455474648
 67.09872219475105 0.034881996674422926
 68.39997641182326 0.0342023006097467
 69.71617263937608 0.03354995958774711
 71.0479605300391 0.03293099139404838
 72.39469043118274 0.03232909600411571
 73.75766164806616 0.03173547375432308
 75.1362245280598 0.031155491642939497
 76.53102872379321 0.0305854897957979
 77.94207423526642 0.030032153791749915
 79.37001071510902 0.029507057162148034
 80.81418851069141 0.029018736326257375
 82.27460762201359 0.028548782220112028
 83.75256735433474 0.028098121446623468
 85.24806770765488 0.02768086995264043
 86.7604590293444 0.02728130500699399
 88.29039097203291 0.026883065588351816
 89.83851318834996 0.026503307468646056
 91.404176025666 0.026144960828765745
 92.98867878924021 0.025811063209408555
 94.59137182644298 0.02550848439295642
 96.21225513727431 0.025219814849185757
 97.85197837436381 0.024935514565053177
 99.51119119034107 0.02466221754045107
 101.18924393257647 0.02438985750624803
 102.88743590632922 0.0241130024044309
 104.60511745896973 0.02384030715854935
 106.34228859049799 0.023566703035857523
 108.09959895354359 0.023294889853895575
 109.8776982007361 0.023033582438538695
 111.67658633207559 0.022785124619316626
 113.4956136949324 0.022529709986750787
 115.33672924719534 0.02227970523388271
 117.1979840309756 0.022041872395095398
 119.08197665679157 0.021819798855394514
 120.9867581667545 0.02161357289783306
 122.91427751875312 0.02140796388082593
 124.86388506015788 0.021200776713251556
 126.83623044359834 0.020982713983394095
 128.8313136690745 0.02076230350887197
 130.8491347365864 0.020545145120389272
 132.89099295139314 0.020349310182365715
 134.95558900823565 0.020175391293446625
 137.0448718650026 0.020018392858113573
 139.15754221643488 0.019872064866063556
 141.2955490204212 0.01973057479134157
 143.45759297170244 0.01959258203462028
 145.64432372290818 0.019440541400578066
 147.85704057929757 0.01927848470999296
 150.09509388824105 0.01911319341435093
 152.3584836497386 0.0189429203123398
 154.6485091690494 0.018779290520528274
 156.96452079354387 0.018626965485686608
 159.30781782848118 0.01848788363251708
 161.67775062123178 0.01836365960714812
 164.0749688244252 0.018241692977352203
 166.4994724380615 0.01810642304535123
 168.95256076739986 0.01795796498077073
 171.43293450718102 0.017797001702117416
 173.94254261529383 0.017623601139939955
 176.48138509173828 0.017455859905504884
 179.04881228388476 0.017302940101753095
 181.64547384436284 0.017164817859154944
 184.27266907843176 0.017047926395291905
 186.92974833346187 0.016954311678411306
 189.61736126208282 0.016876829376141756
 192.33550786429458 0.016802762572927673
 195.0854874453563 0.016720481085567958
 197.86665035263846 0.01662456075827923
 200.6796462387706 0.016514525847802306
 203.52447510375274 0.01639136582071012
 206.40243625284404 0.016257606098843237
 209.31352968604455 0.016126254289075388
 212.2571057507246 0.016002962858427994
 215.23511340477307 0.01589404978161557
 218.24690299556028 0.015805667153088614
 221.29312417571583 0.015734952134268624
 224.37442659786936 0.015678168886162396
 227.49081026202083 0.015626884882283646
 230.64227516817027 0.015570292029319645
 233.8301206215768 0.015505090728977695
 237.05499627487012 0.015437941262026215
 240.31560282279094 0.015368669657626698
 243.61388922322809 0.015298075989671275
 246.94985547618157 0.015226621594353675
 250.32350158165136 0.015147078001962367
 253.73547719226704 0.015057692773263935
 257.1864319606583 0.014958521917509057
 260.67701553945454 0.01486042560262672
 264.2065782760264 0.014776176958904385
 267.7764194756329 0.014703584700143811
 271.3871887909036 0.014635493935439198
 275.0388862218387 0.014570793912615523
 278.731511768438 0.01450261363324409
 282.4670143885904 0.014419939626321054
 286.24409477703665 0.014318660956297283
 290.06405223903596 0.01420548814840644
 293.9268867745883 0.014091875520811502
 297.8338976889529 0.013984357654461608
 301.7850849821298 0.01388250943582124
 305.78109830674845 0.013782043433982963
 309.82258731543845 0.013683889049559394
 313.90890235557043 0.013578579513425835
 318.04199238503287 0.013461094550029949
 322.2212077511964 0.013340430120857436
 326.44784775932015 0.013222451962083723
 330.72191240940407 0.013106558045975084
 335.0440513540778 0.012997070851920936
 339.41491424597086 0.012899969307449707
 343.8351507377129 0.012806636286141817
 348.304760829304 0.012708948360363502
 352.8250438260031 0.012614637774140373
 357.3959997278104 0.012533148048504849
 362.01762853472593 0.012461895249670181
 366.6918792046384 0.01240064693499752
 371.41810208491813 0.012342486873738486
 376.19759648082436 0.012267015158273225
 381.0303623923572 0.01216007612622425
 385.91704947214606 0.012023441284953357
 390.85830737282066 0.01187416176379768
 395.8547857470106 0.011732232720613259
 400.90713424734537 0.011605565506247428
 406.01600252645466 0.011484314974011825
 411.182040236968 0.011358459024525024
 416.40524737888546 0.011235300072869343
 421.68627360483646 0.011123048415885075
 427.0264182200804 0.011010875716314764
 432.4263308772468 0.010878442500320084
 437.885361923706 0.01071570056754038
 443.4054603173468 0.010537463319498758
 448.9872757107989 0.01036783290097352
 454.6301584514325 0.010210514792080362
 460.3360574971366 0.010058063553173333
 466.10497284791103 0.00990577719984177
 471.93755415638554 0.009756259457373745
 477.8344510751895 0.009612293909371085
 483.7963132569527 0.00945829769393561
 489.8244400069343 0.009281897589103137
 495.9188313251342 0.009090052648154684
 502.08013686418207 0.008889801565508297
 508.30965592933705 0.008683308807876478
 514.6073885205991 0.008477295640681122
 520.9739842905981 0.008278678641626661
 527.4107425445928 0.008076795159203927
 533.918312935213 0.007850464266663686
 540.4966954624588 0.007595005425205467
 547.1471894315891 0.007329715953107793
 553.8704444952339 0.007074461923966633
 560.6671103060223 0.006826881656859151
 567.538486169214 0.0065712289420819135
 574.4839224321792 0.00629293690696207
 581.5053680528064 0.005983183001089565
 588.6034726837255 0.005641886350506897
 595.7782363249364 0.005284064604342632
 603.0316079343279 0.004929995300276164
 610.3629378592705 0.0045848063743959165
 617.7741750576528 0.004247027743505252
 625.2659691821045 0.003923333241692543
 632.8383202326256 0.0036200604012889964
 640.4925275144752 0.0033314385725958964
 648.229240680283 0.0030509318520966847
 656.0517079931969 0.002784867051723706
 663.9514839690322 0.0025322529954934325
 671.9422113130103 0.0022888629797911874
 680.0173934988354 0.0020573906073486493
 688.1835270528032 0.0018429005986130265
 696.4276189223222 0.001647013869307408
 704.7691586862799 0.001469945450506611
 713.1951532920845 0.0013083370266782006
 721.7120992660318 0.0011552234091955162
 730.3199966081222 0.0010132305489269613
 739.0188453183553 0.000891137794197075
 747.8086453967312 0.0007891019916472492
 756.6958933695458 0.0006984588309127787
 765.6805892367994 0.0006132192599169318
 774.7497399458998 0.0005304116877204353
 783.9228350757348 0.00045112115554446535
 793.1933781000087 0.00037974811173972496
 802.5613690187212 0.0003191356330981048
 812.0203113055767 0.0002678031979332951
 821.5896945394626 0.0002239140453621283
 831.2500291414916 0.00018699879338110605
 841.0208046905509 0.00015479907334713233
 850.8890281340492 0.00012344126144167065
 860.861195998282 0.00009118099087020947
 870.9373082832495 0.00006082385205406328
 881.1173649889519 0.000035807306421006364
 891.4078626416847 0.000016449607813548944
 901.8023047151521 0.0000011385558882906632
 912.3071877356502 -0.000012101994056354107
 922.9225117031789 -0.0000234582503291177
 933.6417800914423 -0.000030943140438293913
 944.4779859530322 -0.00003223907051134179
 955.4181362353567 -0.000027092569780563315
 966.4817205173038 -0.000018407326999470648
 977.6492492199853 -0.000009581744671985666
 988.9402119222893 -0.0000016478711296814803
 1000.3416155716241 0.000006425864962954749
 1011.8599566942852 0.000016221541678798837
 1023.5017318165687 0.0000283904571803722
 1035.253947885883 0.0000423734946045427
 1047.1295979548195 0.00005625362321236168
 1059.1286820233786 0.00006604852900586326
 1071.2447035652642 0.00006880998100864893
 1083.4906556330682 0.00006774424769953746
 1095.8535451741984 0.00006910315258112869
 1108.3463652412472 0.00007400907218626139
 1120.9626193079184 0.00007739972779889516
 1133.7023073742118 0.00007114973788413904
 1146.57842249272 0.000049242824707648934
 1159.5779716108502 0.000012303081274586134
 1172.7074512548988 -0.000029912543497862835
 1185.9668614248658 -0.00006558949805418292
 1199.362698647047 -0.00008924150182515438
 1212.8884663951465 -0.00010129894221214249
 1226.5506611954604 -0.00010560158444391027
 1240.3492830479886 -0.00010573537014927336
 1254.2843319527308 -0.00009937239724741007
 1268.3558079096874 -0.0000787047108304523
 1282.5637109188583 -0.00004095266820668954
 1296.9080409802434 0.0000021426284643672785
 1311.4017911464348 0.00003269085651005822
 1326.0319683648402 0.00004498490077831391
 1340.805069161756 0.00004488427020327263
 1355.7210935371818 0.000037384760713295985
 1370.7800414911178 0.000024674020446720534
 1385.9884095498599 0.000010005105922962865
 1401.3461977134082 5.341745832835888E-7
 1416.8469094554666 0.000009435520855185212
 1432.4970413023311 0.00004079061126735757
 1448.3030897802976 0.00007468256407725206
 1464.2520618367744 0.00008578549794565252
 1480.3634470506488 0.00006933698238655526
 1496.6177558430336 0.000038104939984790796
 1513.0344777928162 0.0000052552982725370544
 1529.6006198474051 -0.00001751481668143655
 1546.322678533096 -0.000020492871107027318
 1563.2071503761847 -0.0000054928514738752815
 1580.2475388503756 0.000019825471145242656
 1597.4503404819643 0.00005256128687842451
 1614.809058744655 0.0000878815885280918
 1632.3366866910396 0.000109944278502002
 1650.0202312685262 0.00010420339457240398
 1667.8726855297064 0.00008193824381417762
 1685.887552948285 0.000055254447966349416
 1704.064833524261 0.000009177638779202785
 1722.4110237839311 -0.000055837819167334836
 1740.9326202535913 -0.00010758834057059569
 1759.616629880649 -0.00012517509730717918
 1778.4695491914006 -0.00010907361980451181
 1797.4913781858463 -0.00006199803153071222
 1816.6886133902815 0.000003086609202740463
 1836.0612548047063 0.00006473204046606274
 1855.6028059028254 0.00011568330425255227
 1875.3262597372297 0.00015339538964536452
 1895.2186232553283 0.00016610030126643484
 1915.2928895097127 0.0001504820302220869
 1935.5425619740863 0.00012227884661644855
 1955.96764064845 0.00009973216717748086
 1976.5811185853954 0.0000870734377599997
 1997.3700027323302 0.00008365041625464837
 2018.3407896155509 0.0000919442208766752
 2039.4934792350573 0.00010918786726537217
 2060.8280715908495 0.00011900915217523942
 2082.351063209223 0.00010533417236622213
 2104.055957563882 0.00007368954616219108
 2125.949251181123 0.000031604761515303714
 2148.030944060946 -0.000007848565701561455
 2170.2945396770538 -0.000019582674469182717
 2192.75303108204 -0.0000028694187375572614
 2215.399921749607 0.00002092037621660919
 2238.2352116797556 0.000039484956093888796
 2261.265397398782 0.000050210660436367306
 2284.48398238039 0.0000547138738039799
 2307.89096662458 0.000059508144830506156
 2331.4993431839425 0.00006447133276069362
 2355.302615532183 0.00006233464180732354
 2379.2942871430055 0.000051731896423541764
 2403.4873510690013 0.00004041713577198457
 2427.8753107838743 0.00003390842097871229
 2452.458166287625 0.00003012774017166195
 2477.242414106549 0.0000262236185415781
 2502.2215577143506 0.000024716498395161704
 2527.402093637326 0.00002975955895089062
 2552.777525349178 0.000034344250884249365
 2578.3608459025 0.000028792483651389884
 2604.1390622446993 0.00001555110092913135
 2630.125167428368 4.277603030296061E-7
 2656.3126649272103 -0.000009171525867427846
 2682.6950582149298 -0.00000820560330556504
 2709.285340344119 -0.000003897112113372222
 2736.0835113147773 -0.0000018482961208139142
 2763.083074600609 0.0000026268698033547074
 2790.2840302016143 0.000011312639920443157
 2817.692874644089 0.000019666912503370067
 2845.3096079280326 0.000024444011297364196
 2873.12773352715 0.000026088220750535264
 2901.153747967737 0.00002626618448985774
 2929.387651249793 0.000026035872631180044
 2957.8229468470226 0.000025765353500498328
 2986.4726278120174 0.00002553872075513672
 3015.3237010921857 0.000025355399031357565
 3044.389159740119 0.000025174651022701653
 3073.656010703226 0.000024999246579990085
 3103.130750507802 0.000024820815618199575
 3132.819875680144 0.00002468620233237313
 3162.710393167659 0.000024592107625596495
 3192.815296022939 0.00002445856260961448
 3223.1280877196887 0.00002436704882890515
 3253.6487682579072 0.000024277293762676726
 3284.3773376375957 0.00002415091382906257
 3315.3137958587536 0.000024063546508981536
 3346.4581429213804 0.000023974860234365784
 3377.816875351773 0.000023889808337729842
 3409.3770000973386 0.000023842237790378686
 3441.1515102106696 0.000023759400857703602
 3473.1274126391736 0.000023677188303451987
 3505.317700435444 0.00002363210946418449
 3537.709380546886 0.00002358740895740572
 3570.315446026095 0.00002354347080073629
 3603.1229038204765 0.000023464932460863996
 3636.144746982624 0.000023422098272112816
 3669.367982459944 0.00002338231568837185
 3702.799106778734 0.00002334278636417874
 3736.431623412697 0.000023301725329845335
 3770.278525414426 0.000023263154207355724
 3804.320323205032 0.000023225287762092714
 3838.576506363403 0.00002322113995248455
 3873.027585310652 0.000023186334271264593
 3907.6865530993705 0.000023147018190165344
 3942.553409729558 0.00002317886685535008
 3977.615162148623 0.000023146851032115017
 4012.8783068828616 0.0000231454258259819
 4048.3428439322734 0.00002314438420530213
 4084.0087732968586 0.00002311080874748788
 4119.876094976617 0.00002314388697820596
 4155.938312445253 0.00002314495597654203
 4192.201922229063 0.000023147711093421112
 4228.653931275455 0.000023182305952346367
 4265.3073326370195 0.00002318296501445457
 4302.155629787462 0.000023185660569430948
 4339.198822726781 0.000023221355856356904
 4376.430414928683 0.000023256857185221057
 4413.856902919461 0.00002329182634383366
 4451.471790172823 0.00002335914937624023
 4489.275076688764 0.00002339541510977738
 4527.266762467289 0.000023400933732593597
 4565.446847508393 0.000023466580718989194
 4603.81533181208 0.00002353385205309617
 4642.365718852053 0.00002357435366476909
 4681.091512102015 0.000023672008638800006
 4720.005704614559 0.000023737358562483463
 4759.101799863389 0.00002380576853419869
 4798.373301322208 0.000023875799914885995
 4837.820208991016 0.000023974090278435584
 4877.4425228698165 0.00002406992224437883
 4917.246739484901 0.00002413955690565245
 4957.2133692573825 0.000024268350551373433
 4997.355405239856 0.000024365441529204682
 5037.666350906022 0.00002446551823088372
 5078.139709729586 0.000024621723401160362
 5118.781978236843 0.000024748466153923815
 5159.586659901499 0.000024845785729673772
 5200.560251249849 0.00002500249726892402
 5241.683262703005 0.000025160117713609574
 5282.968687313559 0.00002531444546365735
 5324.410028555215 0.00002546968295444834
 5366.007286427972 0.000025625649504386268
 5407.753964405536 0.000025810142438845463
 5449.650062487906 0.00002599332349743381
 5491.695580675081 0.000026204582667820932
 5533.884022440768 0.000026416514591856037
 5576.215387784965 0.00002659974593577028
 5618.6896767076705 0.000026835924911681935
 5661.306889208888 0.00002707479920449926
 5704.054032236023 0.000027311999372251796
 5746.944098841668 0.00002757676004717961
 5789.957599446936 0.000027841918829400938
 5833.107527104418 0.000028132226164729578
 5876.380888761521 0.000028425063741698084
 5919.777684418249 0.000028716246854094865
 5963.297914074598 0.00002903439816636764
 6006.935081204273 0.000029377259613510834
 6050.695682333572 0.00002972042484005338
 6094.566724409901 0.00003006398966306272
 6138.554703959556 0.000030460377111214394
 6182.646627929946 0.00003088331575883159
 6226.848992847366 0.000031304131768884416
 6271.155302185522 0.00003175362257990063
 6315.559059418116 0.000032201090227763824
 6360.066761071444 0.0000326747872882765
 6404.665414092915 0.000033200554630269304
 6449.361515008825 0.00003374992177019931
 6494.148567292879 0.00003430444658876844
 6539.013577892483 0.000034908302481691846
 6583.96953986023 0.000035540784653562626
 6628.990467090935 0.00003618094443071804
 6674.14132484756 0.00003689467545716922
 6719.357147867144 0.000037659571770863945
 6764.572970886728 0.000038447196898133357
 6809.91872443223 0.00003928062927244808
 6855.32944324069 0.00004016429994845881
 6900.805127312111 0.000041096151886050884
 6946.34577664649 0.00004213159093821391
 6991.88642598087 0.000043236366307367994
 7037.557005841168 0.000044388315379062935
 7083.227585701465 0.000045587139955633904
 7129.028096087681 0.000046966984363923134
 7174.763641210939 0.000048446260145015206
 7220.629116860113 0.00004998842687433446
 7266.494592509289 0.000051738465499181
 7312.425033421424 0.00005363687042098221
 7358.355474333558 0.00005574858563985098
 7404.285915245692 0.00005804628178613236
 7450.281321420787 0.000060598138823670155
 7496.3416928588385 0.00006348648459222505
 7542.402064296892 0.00006689190555483784
 7588.397470471986 0.00007073096864265558
 7634.522807172998 0.00007521428717289056
 7680.583178611051 0.0000803479819282131
