 0. 0.
 0.25761715165407756 0.11266365755819743
 0.7758801355213893 0.33760789850939193
 1.300240758970049 0.5634262832336097
 1.8307730823998298 0.7883040379734906
 2.3675355745473956 1.0092754471915684
 2.910619186780888 1.2229329756572522
 3.4600888843632682 1.4260688078786574
 4.016016129083789 1.6160645964002374
 4.578478879258003 1.7910437839644733
 5.14755509320146 1.9498702560419434
 5.723329225756009 2.0920681032871506
 6.305859745658311 2.2177092853417206
 6.895218114697623 2.3272942217710213
 7.491534263399861 2.4216383355896625
 8.094866660501689 2.5017711737238266
 8.70528027126607 2.5688492158215372
 9.322840060955956 2.6240843554531437
 9.947740925360229 2.6686885654255805
 10.579917899215932 2.7038335603737056
 11.219500913048979 2.7306243544982243
 11.866619897385288 2.7500841005390986
 12.521339817487823 2.7631478907713007
 13.183790603882498 2.7706618394545695
 13.853972256569316 2.773384890684203
 14.532014706074191 2.771993216639113
 15.218047882923045 2.7670830335082264
 15.912136752378837 2.759175352111734
 16.614346279704527 2.748722231724611
 17.32480639542603 2.736115583015535
 18.043647030069266 2.7216978621064736
 18.770868183634235 2.705771044295301
 19.506664751909817 2.6886001028199775
 20.251036734896008 2.670413988461674
 21.004243993644646 2.6514069621331346
 21.766221562892774 2.631746493430528
 22.537099373166306 2.6115803200024774
 23.317072320254123 2.5910399443314267
 24.106205369419182 2.5702392926936946
 24.904563485924445 2.549273002591044
 25.712341565558788 2.528222882017941
 26.529539608322214 2.5071659212760227
 27.35628754474063 2.4861739965895087
 28.19278027060293 2.4653085621785564
 29.039082751172064 2.4446178902241114
 29.895259951710987 2.424140103535985
 30.761506768008584 2.403910470780795
 31.637888165327812 2.3839658343209993
 32.52453407419459 2.364341704626314
 33.42157442513483 2.345068406882175
 34.329139148674464 2.3261704750752186
 35.24729321007644 2.307669675426673
 36.17623150512964 2.2895836797228695
 37.116018999097015 2.271920634421356
 38.066850587767455 2.2546773213168056
 39.02879123640391 2.237845540216327
 40.00197087553231 2.221420030439383
 40.98651943567856 2.2054004178507687
 41.98263181263154 2.189788428683259
 42.990437936917175 2.174580817345415
 44.01000277379841 2.159764712667981
 45.04145625380119 2.1453200711110783
 46.084993272714364 2.131226229408527
 47.14074376106387 2.1174696479750774
 48.20883764937561 2.104043639772882
 49.28940486817552 2.090938446227535
 50.38264031325246 2.0781420895795266
 51.4886089498694 2.0656477277500294
 52.60750567381522 2.0534475678123463
 53.73952538087878 2.0415322476476567
 54.88473303632307 2.0299057589360987
 56.043323535936935 2.01859270213649
 57.21542681024632 2.007627134593401
 58.401237755040086 1.9970328799837629
 59.60088630084415 1.9868165087134386
 60.8145673434474 1.9769675511059916
 62.04234584811279 1.9674530885826935
 63.28448167589215 1.9582301505837738
 64.54116972257437 1.9492701654449975
 65.81240998815944 1.9405648526115098
 67.09872219475105 1.9321276013940734
 68.39997641182326 1.9239677019302877
 69.71617263937608 1.9160702091369368
 71.0479605300391 1.9084148037659503
 72.39469043118274 1.901003386901598
 73.75766164806616 1.8938497874067004
 75.1362245280598 1.8869556096284472
 76.53102872379321 1.8803097577085024
 77.94207423526642 1.8739031241549478
 79.37001071510902 1.867728608609791
 80.81418851069141 1.8617747901943331
 82.27460762201359 1.8560275784842455
 83.75256735433474 1.8504671905243522
 85.24806770765488 1.8450791637739943
 86.7604590293444 1.8398782833376042
 88.29039097203291 1.834892827106975
 89.83851318834996 1.8301190937287373
 91.404176025666 1.8255137712873886
 92.98867878924021 1.8210277990299728
 94.59137182644298 1.81662181289629
 96.21225513727431 1.8122728629172122
 97.85197837436381 1.8079719396549532
 99.51119119034107 1.8037256230490126
 101.18924393257647 1.7995522523891472
 102.88743590632922 1.7954643469061429
 104.60511745896973 1.7914557959683752
 106.34228859049799 1.787508284500376
 108.09959895354359 1.7835987992786018
 109.8776982007361 1.7797027132527268
 111.67658633207559 1.7758059447770866
 113.4956136949324 1.7719105202202292
 115.33672924719534 1.7680103876559452
 117.1979840309756 1.7640869001931387
 119.08197665679157 1.7601132933002268
 120.9867581667545 1.7560621623633206
 122.91427751875312 1.7519329087277677
 124.86388506015788 1.747759431818476
 126.83623044359834 1.743585260224152
 128.8313136690745 1.7394175301746417
 130.8491347365864 1.7352379466569845
 132.89099295139314 1.731032580409045
 134.95558900823565 1.7267923207627862
 137.0448718650026 1.7225435265779796
 139.15754221643488 1.7183371403958203
 141.2955490204212 1.7142059584225449
 143.45759297170244 1.7101636184931897
 145.64432372290818 1.7062046747992416
 147.85704057929757 1.7022950568636546
 150.09509388824105 1.698407985396699
 152.3584836497386 1.6945450784732292
 154.6485091690494 1.6907128554174367
 156.96452079354387 1.68691361114088
 159.30781782848118 1.6831377342725005
 161.67775062123178 1.6793528597786274
 164.0749688244252 1.6755135549059035
 166.4994724380615 1.6715783033382026
 168.95256076739986 1.6675352842297448
 171.43293450718102 1.663415024290832
 173.94254261529383 1.65925524716152
 176.48138509173828 1.6550634177690606
 179.04881228388476 1.6508162826612387
 181.64547384436284 1.6465177039865635
 184.27266907843176 1.6422070944419669
 186.92974833346187 1.6379022120359397
 189.61736126208282 1.6335580498488547
 192.33550786429458 1.6291041995783755
 195.0854874453563 1.6245429258307809
 197.86665035263846 1.619967575075038
 200.6796462387706 1.6154346918791822
 203.52447510375274 1.6109350542033125
 206.40243625284404 1.6064347434285786
 209.31352968604455 1.6019025208552835
 212.2571057507246 1.5973110640573531
 215.23511340477307 1.5926169810067443
 218.24690299556028 1.5878049744671585
 221.29312417571583 1.5828698768198906
 224.37442659786936 1.5777914425894435
 227.49081026202083 1.5725738767383293
 230.64227516817027 1.5672388017615195
 233.8301206215768 1.5618044872714245
 237.05499627487012 1.556299884408627
 240.31560282279094 1.5507641402747352
 243.61388922322809 1.5451719754858289
 246.94985547618157 1.539440893888752
 250.32350158165136 1.5335205648488244
 253.73547719226704 1.527354477470967
 257.1864319606583 1.5208638417246887
 260.67701553945454 1.5140601173617716
 264.2065782760264 1.5070152997763244
 267.7764194756329 1.4997773565916628
 271.3871887909036 1.492375646269678
 275.0388862218387 1.48478664355301
 278.731511768438 1.4769759869886019
 282.4670143885904 1.469065598407986
 286.24409477703665 1.461228881912047
 290.06405223903596 1.4535222113468642
 293.9268867745883 1.445893356255955
 297.8338976889529 1.438238695687115
 301.7850849821298 1.4304921509090687
 305.78109830674845 1.4226308235674718
 309.82258731543845 1.4146127402166262
 313.90890235557043 1.4063868139116271
 318.04199238503287 1.3980068445535485
 322.2212077511964 1.3895406022667252
 326.44784775932015 1.3809340367074665
 330.72191240940407 1.372188081818613
 335.0440513540778 1.36331004614453
 339.41491424597086 1.3542565694583257
 343.8351507377129 1.3450584532111405
 348.304760829304 1.3357841105589432
 352.8250438260031 1.3264478985533041
 357.3959997278104 1.3169631509765345
 362.01762853472593 1.3072627531430043
 366.6918792046384 1.2972162615159244
 371.41810208491813 1.2866753046807797
 376.19759648082436 1.275711290307112
 381.0303623923572 1.264466013706764
 385.91704947214606 1.2530700943524045
 390.85830737282066 1.2416927654355372
 395.8547857470106 1.2303335460836362
 400.90713424734537 1.2188035816193261
 406.01600252645466 1.2069095127907858
 411.182040236968 1.1946603002305303
 416.40524737888546 1.182189330333365
 421.68627360483646 1.16943366573208
 427.0264182200804 1.1561811348283537
 432.4263308772468 1.1422919891447603
 437.885361923706 1.127848427870395
 443.4054603173468 1.1130954537336448
 448.9872757107989 1.0981255114826014
 454.6301584514325 1.082751675576583
 460.3360574971366 1.0668155989216892
 466.10497284791103 1.0503978963274534
 471.93755415638554 1.033607147151007
 477.8344510751895 1.0162568268097496
 483.7963132569527 0.9981995497959444
 489.8244400069343 0.9795584924175801
 495.9188313251342 0.9603292202395816
 502.08013686418207 0.9404791396150938
 508.30965592933705 0.9201288319911611
 514.6073885205991 0.8992825154336024
 520.9739842905981 0.8778827522276808
 527.4107425445928 0.8558961272894802
 533.918312935213 0.8334511172118082
 540.4966954624588 0.8106941526628743
 547.1471894315891 0.7875114454547624
 553.8704444952339 0.7634904074909488
 560.6671103060223 0.7385033697913392
 567.538486169214 0.7126577556986373
 574.4839224321792 0.6860988196126717
 581.5053680528064 0.6591616094217367
 588.6034726837255 0.6322975881880635
 595.7782363249364 0.6058049229217464
 603.0316079343279 0.5795888691891515
 610.3629378592705 0.553557747939304
 617.7741750576528 0.5278124418411309
 625.2659691821045 0.5025373415030226
 632.8383202326256 0.4776085996923919
 640.4925275144752 0.45295310022888285
 648.229240680283 0.4288719819145518
 656.0517079931969 0.40555379996722923
 663.9514839690322 0.3832961437754782
 671.9422113130103 0.36243318882649417
 680.0173934988354 0.34284698241196876
 688.1835270528032 0.3243423067548042
 696.4276189223222 0.3067114463609148
 704.7691586862799 0.2898209332283663
 713.1951532920845 0.27357352222802367
 721.7120992660318 0.25801906141035286
 730.3199966081222 0.2434766272730135
 739.0188453183553 0.22991711830882203
 747.8086453967312 0.2169499588472644
 756.6958933695458 0.20456452388285257
 765.6805892367994 0.19292408040655692
 774.7497399458998 0.18208703488670042
 783.9228350757348 0.17222323348644122
 793.1933781000087 0.16340241274510145
 802.5613690187212 0.15543025335904667
 812.0203113055767 0.14810227171898074
 821.5896945394626 0.14135133640737288
 831.2500291414916 0.13521134525095127
 841.0208046905509 0.1297819894327687
 850.8890281340492 0.12521769770092847
 860.861195998282 0.12176361719548738
 870.9373082832495 0.11952150131335
 881.1173649889519 0.11826877558710047
 891.4078626416847 0.11758871229383458
 901.8023047151521 0.11710051689006012
 912.3071877356502 0.11667460055077043
 922.9225117031789 0.11634803930159913
 933.6417800914423 0.11606140810738778
 944.4779859530322 0.11572158392252073
 955.4181362353567 0.11522827944402975
 966.4817205173038 0.11450149343175743
 977.6492492199853 0.11351399247255083
 988.9402119222893 0.1123138642643768
 1000.3416155716241 0.11103788064671144
 1011.8599566942852 0.10979807814259701
 1023.5017318165687 0.10858600975215507
 1035.253947885883 0.10734436206864911
 1047.1295979548195 0.10612509442390754
 1059.1286820233786 0.10508728927453383
 1071.2447035652642 0.10427568203666877
 1083.4906556330682 0.10360670957978023
 1095.8535451741984 0.1030625169520976
 1108.3463652412472 0.10275495854760072
 1120.9626193079184 0.10292900003106377
 1133.7023073742118 0.10374804133867119
 1146.57842249272 0.10517863312687206
 1159.5779716108502 0.10709205350433092
 1172.7074512548988 0.10920382669454216
 1185.9668614248658 0.11126197813983098
 1199.362698647047 0.1132028411237977
 1212.8884663951465 0.1150678633689394
 1226.5506611954604 0.11689361105192408
 1240.3492830479886 0.1186223925758981
 1254.2843319527308 0.12001128259566408
 1268.3558079096874 0.12078538904455331
 1282.5637109188583 0.12100987457770805
 1296.9080409802434 0.12107436113241658
 1311.4017911464348 0.12115358171899533
 1326.0319683648402 0.1211740150630726
 1340.805069161756 0.12147102047393275
 1355.7210935371818 0.12243387852504316
 1370.7800414911178 0.12365196577326074
 1385.9884095498599 0.12456698764498454
 1401.3461977134082 0.12517244083893325
 1416.8469094554666 0.1257784467020058
 1432.4970413023311 0.12672919566640758
 1448.3030897802976 0.12798023424102675
 1464.2520618367744 0.1289064790689679
 1480.3634470506488 0.1288549735443877
 1496.6177558430336 0.127905075222005
 1513.0344777928162 0.12677279290656449
 1529.6006198474051 0.1257199627685346
 1546.322678533096 0.12470451385536736
 1563.2071503761847 0.12392551733745949
 1580.2475388503756 0.123452825328672
 1597.4503404819643 0.12318953686918953
 1614.809058744655 0.12335531058079996
 1632.3366866910396 0.12414814455276885
 1650.0202312685262 0.12518127589903674
 1667.8726855297064 0.12566652337808076
 1685.887552948285 0.1251807116152136
 1704.064833524261 0.1241816389047981
 1722.4110237839311 0.12288363123420934
 1740.9326202535913 0.12117214083009034
 1759.616629880649 0.1192261185822973
 1778.4695491914006 0.11728193025861323
 1797.4913781858463 0.11551992224113519
 1816.6886133902815 0.11350596593696728
 1836.0612548047063 0.11127571458080814
 1855.6028059028254 0.10974342910822618
 1875.3262597372297 0.1091504455302541
 1895.2186232553283 0.10855016865579056
 1915.2928895097127 0.10708109118588974
 1935.5425619740863 0.10425974246179233
 1955.96764064845 0.10089439380802172
 1976.5811185853954 0.09792752566517497
 1997.3700027323302 0.09489515760885749
 2018.3407896155509 0.09111889752777737
 2039.4934792350573 0.08794176579549412
 2060.8280715908495 0.08683922830821769
 2082.351063209223 0.08850420563578267
 2104.055957563882 0.09245683346000419
 2125.949251181123 0.09694275298285278
 2148.030944060946 0.09931908397483909
 2170.2945396770538 0.09824846318094188
 2192.75303108204 0.0948208257986348
 2215.399921749607 0.08995649801721406
 2238.2352116797556 0.08500827686835169
 2261.265397398782 0.08058596469873838
 2284.48398238039 0.07625262362065345
 2307.89096662458 0.07132801317586707
 2331.4993431839425 0.0655192818269115
 2355.302615532183 0.060337742864997615
 2379.2942871430055 0.056740759422317794
 2403.4873510690013 0.0542520236945969
 2427.8753107838743 0.0523935179720308
 2452.458166287625 0.05032386856875458
 2477.242414106549 0.048960712483905086
 2502.2215577143506 0.048168352941045815
 2527.402093637326 0.046658684577086273
 2552.777525349178 0.04502518169077368
 2578.3608459025 0.044423269130118626
 2604.1390622446993 0.04376364574183218
 2630.125167428368 0.04150760230839595
 2656.3126649272103 0.037311520693386294
 2682.6950582149298 0.032307644049989176
 2709.285340344119 0.027096382162227914
 2736.0835113147773 0.021424503516008622
 2763.083074600609 0.016766327910463074
 2790.2840302016143 0.014032663076633787
 2817.692874644089 0.012057108228571698
 2845.3096079280326 0.01007003389310457
 2873.12773352715 0.008255145592328242
 2901.153747967737 0.006803839092669768
 2929.387651249793 0.005680586934484975
 2957.8229468470226 0.004795595600922283
 2986.4726278120174 0.004081217544907587
 3015.3237010921857 0.0034936391013335134
 3044.389159740119 0.00300385650578897
 3073.656010703226 0.0025916329592628206
 3103.130750507802 0.0022421694494750744
 3132.819875680144 0.0019442438773693413
 3162.710393167659 0.0016891115689631623
 3192.815296022939 0.0014698172846879104
 3223.1280877196887 0.0012807419643637635
 3253.6487682579072 0.0011172905979142396
 3284.3773376375957 0.0009756691216307916
 3315.3137958587536 0.0008527200632774877
 3346.4581429213804 0.0007457982925219039
 3377.816875351773 0.0006526754799222235
 3409.3770000973386 0.0005714650923738599
 3441.1515102106696 0.0005005631038102557
 3473.1274126391736 0.0004386003664254843
 3505.317700435444 0.0003844041830154914
 3537.709380546886 0.00033696694446113973
 3570.315446026095 0.00029542043031336736
 3603.1229038204765 0.0002590146205256778
 3636.144746982624 0.00022710011112853415
 3669.367982459944 0.00019911341694648008
 3702.799106778734 0.0001745647138909803
 3736.431623412697 0.0001530274877274005
 3770.278525414426 0.00013412979378451506
 3804.320323205032 0.00011754685182717278
 3838.576506363403 0.00010299473455413923
 3873.027585310652 0.00009022496423204034
 3907.6865530993705 0.0000790199096716493
 3942.553409729558 0.00006918879057588494
 3977.615162148623 0.00006056427374767493
 4012.8783068828616 0.000052999494848429464
 4048.3428439322734 0.000046365501097238296
 4084.0087732968586 0.00004054902241464241
 4119.876094976617 0.00003545053564137098
 4155.938312445253 0.000030982573408676914
 4192.201922229063 0.00002706825335478083
 4228.653931275455 0.000023639989487236344
 4265.3073326370195 0.000020638364628130425
 4302.155629787462 0.000018011142834802275
 4339.198822726781 0.000015712404703015872
 4376.430414928683 0.000013701785767180235
 4413.856902919461 0.000011943809613339004
 4451.471790172823 0.000010407300531142136
 4489.275076688764 0.000009064867628378666
 4527.266762467289 0.000007892450267933163
 4565.446847508393 0.000006868919146035387
 4603.81533181208 0.000005975723018009226
 4642.365718852053 0.000005196579792032877
 4681.091512102015 0.000004517202959595594
 4720.005704614559 0.000003925061392307941
 4759.101799863389 0.000003409167390002644
 4798.373301322208 0.0000029598898908968272
 4837.820208991016 0.0000025687903803091117
 4877.4425228698165 0.0000022284780110013907
 4917.246739484901 0.0000019324819476757247
 4957.2133692573825 0.0000016751393658690118
 4997.355405239856 0.0000014514965011690368
 5037.666350906022 0.0000012572216992333924
 5078.139709729586 0.0000010885289909902084
 5118.781978236843 9.42110716359699E-7
 5159.586659901499 8.150783993774846E-7
 5200.560251249849 7.04910751458191E-7
 5241.683262703005 6.094079713487101E-7
 5282.968687313559 5.266516292626187E-7
 5324.410028555215 4.5496942969473737E-7
 5366.007286427972 3.929042996661155E-7
 5407.753964405536 3.391872601380809E-7
 5449.650062487906 2.927136806236545E-7
 5491.695580675081 2.525223760825064E-7
 5533.884022440768 2.177774108439909E-7
 5576.215387784965 1.8775209690313327E-7
 5618.6896767076705 1.6181498670269988E-7
 5661.306889208888 1.3941765419500046E-7
 5704.054032236023 1.200839882592364E-7
 5746.944098841668 1.0340084235708875E-7
 5789.957599446936 8.90098670079327E-8
 5833.107527104418 7.660037735024598E-8
 5876.380888761521 6.590313027414714E-8
 5919.777684418249 5.668490415659853E-8
 5963.297914074598 4.874375754787418E-8
 6006.935081204273 4.1904912086006616E-8
 6050.695682333572 3.601716080884956E-8
 6094.566724409901 3.094974503975342E-8
 6138.554703959556 2.658963401839591E-8
 6182.646627929946 2.28391601329928E-8
 6226.848992847366 1.9613966462279125E-8
 6271.155302185522 1.6841218689211507E-8
 6315.559059418116 1.445805693010333E-8
 6360.066761071444 1.2410249980183461E-8
 6404.665414092915 1.0651027669680796E-8
 6449.361515008825 9.140069909873276E-9
 6494.148567292879 7.842630534320934E-9
 6539.013577892483 6.728774865450447E-9
 6583.96953986023 5.772724714340975E-9
 6628.990467090935 4.952287450880401E-9
 6674.14132484756 4.248364854493268E-9
 6719.357147867144 3.644526515176187E-9
 6764.572970886728 3.126642331147332E-9
 6809.91872443223 2.6825647145425942E-9
 6855.32944324069 2.301853285120724E-9
 6900.805127312111 1.9755386728598906E-9
 6946.34577664649 1.6959182806005867E-9
 6991.88642598087 1.456380530912008E-9
 7037.557005841168 1.2512517790245872E-9
 7083.227585701465 1.0756665352137197E-9
 7129.028096087681 9.254549641178818E-10
 7174.763641210939 7.970445133765752E-10
 7220.629116860113 6.87380509475603E-10
 7266.494592509289 5.938521200222413E-10
 7312.425033421424 5.142328214259312E-10
 7358.355474333558 4.466295560496703E-10
 7404.285915245692 3.894402027376131E-10
 7450.281321420787 3.413194445807644E-10
 7496.3416928588385 3.0115232031756393E-10
 7542.402064296892 2.68038144004558E-10
 7588.397470471986 2.412816867893208E-10
 7634.522807172998 2.203938777318057E-10
 7680.583178611051 2.05101643218694E-10
 7726.708515312062 1.9536211145655024E-10
 7772.768886750116 1.91368471220665E-10
