 0.2642937219086938 0.9999762345498422
 0.7959883395004692 1.0002370364708866
 1.3339386269863678 1.0009412203919426
 1.8782205641626746 1.0021231017189391
 2.4288941350790885 1.0037319124307338
 2.9860526482573615 1.0056738334080024
 3.5497627526416053 1.0078483759627967
 4.120097762070339 1.010119795135535
 4.697137655276494 1.012368712664175
 5.280962410993003 1.0144965150449798
 5.871658672847206 1.0164469755431744
 6.4692864248888045 1.0181786864013158
 7.073918980956318 1.0196184255298253
 7.685689638937965 1.0207727971395244
 8.304658382883444 1.021687477682215
 8.930891861736866 1.0223706653418534
 9.564456724442337 1.0227816840530493
 10.20555291783219 1.0230074249324237
 10.854113792962314 1.0230883900368077
 11.510272647720928 1.0229627085496882
 12.17416277999625 1.0226798025861867
 12.84585083873239 1.0222592332089888
 13.525470121817568 1.021736419652693
 14.213020629251785 1.021122355472711
 14.908635658923258 1.0203953760354758
 15.612448508720206 1.019586349878095
 16.32452582758674 1.0187199232540878
 17.044934264466967 1.0177925519469688
 17.773807117249113 1.0168055481302858
 18.511277683821387 1.015792387403336
 19.257345964183795 1.0147487432051818
 20.012211905168666 1.0136804135066952
 20.775875506776 1.012582497831501
 21.548603364782235 1.0114646216427352
 22.330328830243257 1.010340057514355
 23.12118520104729 1.009177140387889
 23.92137242402666 1.0079842137192305
 24.73095714812548 1.0067736957807822
 25.550006022287857 1.0055343870559879
 26.37871899334612 1.0042759754665884
 27.21709606130027 1.0030085431089795
 28.065270524038525 1.0017224613766105
 28.923442328393214 1.000428416598118
 29.791678123308447 0.9991382406636005
 30.67004455772833 0.9978441853302221
 31.558741578485193 0.9965451090495098
 32.45783583452315 0.9952412071228409
 33.36746062373042 0.9939250519569615
 34.287749243995215 0.9925957531664608
 35.21883499320577 0.991126959082113
 36.16078452030617 0.9899113091379027
 37.11379777212876 0.9885533462450159
 38.07794139761765 0.9871841295012219
 39.05341534360516 0.9858036551403278
 40.040286259035405 0.9844148566788177
 41.03868744179661 0.9830176115829966
 42.04875218977699 0.9816153293905342
 43.07068044980886 0.9802156528820614
 44.10460551978046 0.9788306756344973
 45.15059404863588 0.9774687936790484
 46.20877933426336 0.9761335997080209
 47.279361323495216 0.9748281734789022
 48.36247331421967 0.9735524290851165
 49.45824860432493 0.9723001494174888
 50.56682049169924 0.9710605754156398
 51.688388923174905 0.9698243181715426
 52.823020547696046 0.9685819412844398
 53.970915312094995 0.9673265297716717
 55.13227316320406 0.9660573218915176
 56.30716074996738 0.9647724499966096
 57.49577801921726 0.9634734845667755
 58.69825826884194 0.9621652955503529
 59.91480144567373 0.9608497439627535
 61.14554084760085 0.9595220712348624
 62.390676421455645 0.9581733298768934
 63.65027481618221 0.956791249944321
 64.92460262755698 0.9553693770904353
 66.2138598024123 0.9539156077916301
 67.51804634074816 0.9524302523217153
 68.83769543411744 0.950916566870566
 70.17267378463193 0.9493833139071264
 71.52298139229158 0.9478235164464685
 72.88928474653757 0.946249861340177
 74.27091735792874 0.9446574388314543
 75.66921220534729 0.9430386317691317
 77.08350279935215 0.9413790425733503
 78.51445562938439 0.9396403807863939
 79.96207069544401 0.9377958424427927
 81.42701448697214 0.9358376136833509
 82.90862051452766 0.9337723269627798
 84.40688877811054 0.931594402073573
 85.92315225660302 0.9293256651309051
 87.45741095000508 0.9270052447679187
 89.00899836887562 0.9246404361806602
 90.57858100265577 0.9222280250105768
 92.16682534078656 0.9197900246347258
 93.77306489382694 0.9173311139396404
 95.39863264065909 0.9148568182035943
 97.04286209184193 0.9123789565999003
 98.70575324737544 0.9099097650898891
 100.38797259670072 0.9074144988447411
 102.09018662925888 0.9049469267505463
 103.81172885560879 0.9024768107988106
 105.55393225463267 0.8999862483078919
 107.31613033688943 0.8974745273001609
 109.09832310237907 0.8949335000377122
 110.90117704054265 0.8923657810807313
 112.72535864082128 0.8897832484179176
 114.57086790321499 0.8871937593471159
 116.43703833828266 0.884581982630526
 118.32586941434758 0.8819572914473084
 120.23536166308645 0.8793138505510727
 122.16818104226367 0.8766427241366523
 124.12232808355596 0.8739379107546862
 126.09980225528659 0.8711877361927775
 128.09993706801447 0.868417743931052
 130.1233990111807 0.8656424061783594
 132.17018808478525 0.8628652398722066
 134.24030428882818 0.8600585351601037
 136.33508060219165 0.857197276036863
 138.45318404599345 0.8542356039853668
 140.59661408855686 0.8511355654992857
 142.76403775099976 0.8478953061774703
 144.95745450164534 0.8445331201866506
 147.1755313616115 0.8410480923572946
 149.41893482033927 0.837413405606153
 151.68899785671087 0.833647820999451
 153.9850539812852 0.8297774710854704
 156.30710319406225 0.8257953893534067
 158.65647847392424 0.8217068660931924
 161.03251333143 0.8175184733057675
 163.43654074546183 0.8132221154604605
 165.86789422657856 0.8088095619284983
 168.3272402642213 0.8042810881730706
 170.81457885839006 0.7996659578207103
 173.33124298796704 0.795021398372654
 175.87589967407 0.7903907900538086
 178.4505483850223 0.785789441957156
 181.05518912082388 0.7812281005030983
 183.68915539203368 0.7766775501320093
 186.35311368809278 0.772096489389632
 189.04839698788334 0.7674838484592865
 191.77433880196432 0.7628361783461893
 194.53160561977683 0.7581279873250564
 197.3201974413208 0.7533473848727056
 200.14144724547845 0.7484941523004862
 202.9946885428087 0.7435565247352577
 205.8805878227526 0.7385223313271764
 208.79914508531022 0.7333862670091624
 211.7516933093637 0.7280768369729681
 214.73823249491306 0.7227150363290957
 217.7580961525172 0.7170717157394506
 220.81328375049944 0.7111562652111453
 223.90312879941862 0.7049756153340331
 227.02829778871583 0.6985468174593191
 230.18945720783225 0.6918987624968831
 233.38660705676782 0.6850643721843221
 236.61974733552256 0.678079818911699
 239.89021102297863 0.6709947291108933
 243.1986646085772 0.6638430494492169
 246.54377511343597 0.6566213866773052
 249.9275420058783 0.6493099413512569
 253.34996528590418 0.6419066911087238
 256.8110449535136 0.6343939840307815
 260.31144749814763 0.6267519337782903
 263.8518394092475 0.6189713709374713
 267.4328871762541 0.6110538809652548
 271.0539243097265 0.602990133895773
 274.7162837885468 0.5947816083840405
 278.42063210215605 0.5864208114540537
 282.1669692505544 0.5778737832617482
 285.95529523374177 0.5690888219384004
 289.7876095200415 0.5600435249148696
 293.66257913057126 0.5507618863834445
 297.58153704421335 0.5412804806868139
 301.54448326096775 0.5316299669294761
 305.5527507597167 0.521845835685451
 309.6063395404601 0.5119634690379794
 313.7059160926391 0.5019859941743782
 317.8521469056948 0.49188744432176135
 322.04436549018607 0.4816053488288183
 326.2845713144362 0.4711017338480311
 330.57209788900417 0.46039495587440116
 334.9082781927721 0.44952550963224497
 339.29311222574006 0.43853419940547556
 343.7272664773491 0.4274596830865411
 348.21140743704024 0.416330145420233
 352.74620159425467 0.40518455131649866
 357.3316489489924 0.3940291062968887
 361.9690824801355 0.38281318727602826
 366.65850218768406 0.3714675872149784
 371.39990807163815 0.3599728087584014
 376.195299600321 0.3483654954587307
 381.04401028429146 0.33669649715313094
 385.94737310243175 0.3250471611891623
 390.9053880547419 0.3135221286275436
 395.91872163066296 0.3021871130436135
 400.988040319636 0.2910240859582825
 406.1140106111023 0.2798875362759587
 411.2972989945027 0.2686963245378824
 416.53857195927844 0.25749583149697414
 421.83849599487064 0.24628312477558512
 427.1970711012792 0.23498899436193527
 432.61496376794526 0.22361747968803558
 438.09350697375106 0.2122147036233744
 443.6333672081377 0.2008175509052788
 449.23387798166397 0.18952937872033226
 454.8970387626532 0.17847283638324093
 460.62351604054663 0.16773378084618956
 466.41264332590293 0.15734470669355782
 472.2664200870455 0.14729911443617658
 478.1848463239744 0.13755423142895365
 484.1685885261307 0.12806039322325452
 490.2183131829554 0.11881594443278803
 496.33468678388965 0.10987921002130963
 502.5190423078157 0.10129390896335856
 508.77137975473346 0.09308360582523824
 515.0923656140841 0.08526827892934495
 521.4833328647497 0.07786446747334462
 527.9442815067305 0.07093031265133196
 534.4758780294674 0.0644638407433256
 541.0794554118424 0.05838115716705414
 547.755680143297 0.052634844415230864
 554.5045522238311 0.04722029763911996
 561.3274046323266 0.042175114591472704
 568.2249038582249 0.03752572912126534
 575.197716390967 0.03325115324948818
 582.2471752094352 0.029321415281155554
 589.3726138241882 0.025731700554282522
 596.5760317035493 0.02244424414876772
 603.8580953369598 0.019402317464333466
 611.2188047244196 0.01658169334181298
 618.6601593342518 0.013989085281856748
 626.1814926770157 0.011679190569825514
 633.7848042210342 0.009660752940035372
 641.4707604557486 0.007893760857444919
 649.2393613811589 0.006384483446774253
 657.0919399761472 0.0051458689400678305
 665.0291627301547 0.004134869876040824
 673.0543620903867 0.003289256588144004
 681.1588736941092 0.0025789884799394948
 689.356693819585 0.002008292558137128
 697.6411575724032 0.0015583489211420498
 706.0189298469749 0.0012087814922139147
 714.476680854478 0.0009527500722456087
 723.0344052781454 0.0007658198028921421
 731.6787733291553 0.000614666596727214
 740.4164499019184 0.00048219904351264926
 749.2474349964351 0.0003695863098481699
 758.1717286127051 0.0003677340883382976
 767.1893307507286 0.00019708606456727984
 776.3069063049163 0.00011995262350922435
 785.5244552752685 0.00005454182494624718
 794.8286478729628 0.000007574366741599685
 804.2394787812327 -0.000010211233130794879
 813.7502831056668 -0.00003355182961513067
 823.3610608462652 -0.00003295882075429159
 833.0651471086172 -0.00002916232709341527
 842.8825365759552 -0.00002675547215066091
 852.7932345650469 -0.000019281504974452113
 862.8172357591245 0.000005111738649092682
 872.9412103693667 0.000054887010298690664
 883.171823290184 0.00012922295965613314
 893.5090745215766 0.00021564905991896467
 903.9529640635446 0.0003039578705384157
 914.5101568104989 0.0003982074880140359
 925.1739878680283 0.0005033661184103039
 935.9511221305441 0.0006087645816094697
 946.8415595980462 0.0006994572258662771
 957.8386353761235 0.000774472306395674
 968.9556792535981 0.0008414841514863031
 980.1793614416479 0.0009146009474472257
 991.5296766235059 0.001013477098017473
 1002.9866301159392 0.0011418998197027983
 1014.5702166021806 0.0012809901432401826
 1026.2671062934082 0.0014093911842191396
 1038.0839640840331 0.0015053332730326219
 1050.0274548684663 0.0015386496021857446
 1062.0842488578855 0.0014971888110785806
 1074.267675841113 0.0014064454543917743
 1086.5777358181488 0.0012724911766143017
 1099.0077638945816 0.0010452627361740407
 1111.5710898592336 0.0006973160756013216
 1124.2543839232826 0.00026981043704255795
 1137.070975875551 -0.00018472982548511753
 1150.0142008216274 -0.000596066415776134
 1163.084058761512 -0.0008872091309211289
 1176.2938794840268 -0.0010638822400433152
 1189.6303332003497 -0.0012147809845543041
 1203.1000848048916 -0.0014099803396825745
 1216.7031342976527 -0.0016512179071334157
 1230.446146573044 -0.0019093421939414075
 1244.3224567366542 -0.002121145206177925
 1258.3387296828944 -0.002233490808262568
 1272.494965411765 -0.002278643809438062
 1286.7911639232655 -0.0023401808896249573
 1301.227325217396 -0.002428587276792328
 1315.8034492941565 -0.0025028014449730096
 1330.5195361535475 -0.0023234212359964546
 1345.3889155843904 -0.002140004679775826
 1360.398257797863 -0.002685353147481599
 1375.5542276883766 -0.0027553945659942063
 1390.8568252559317 -0.0028333397129783173
 1406.3060505005276 -0.0030229652271222328
 1421.9085683165754 -0.0033616233165564727
 1437.6643787040753 -0.0037350283099450298
 1453.5668167686163 -0.0039893408452208075
 1469.6225474046091 -0.004184639584194116
 1485.8382355064648 -0.0044701758426013965
 1502.2005512853618 -0.004591883932933496
 1518.7294894245324 -0.004525843811766861
 1535.4050552407443 -0.0044422872046005115
 1552.24724341723 -0.003923220535657427
 1569.2427241651676 -0.0033395270266916915
 1586.3981623789684 -0.0027647929508708793
 1603.7202229530428 -0.002248614280057701
 1621.2022409929803 -0.0019875037686624005
 1638.8508813931917 -0.0020952574878182538
 1656.659479259266 -0.002328755475017786
 1674.6413643800252 -0.002295468939525128
 1692.7832069666474 -0.002268441964095894
 1711.0983368079542 -0.001957384450045462
 1729.5800890095352 -0.0018012559449360327
 1748.2284635713897 -0.0017730760076157136
 1767.0501253879293 -0.0017465378618386686
 1786.051739353565 -0.0014253832392473764
 1805.2199756794741 -0.001088525729804938
 1824.561499260068 -0.0008446136683330304
 1844.0763100953475 -0.0006607835358054616
 1863.771073079722 -0.0005843946763231961
 1883.6457882131926 -0.0005239084147615503
 1903.6937906013482 -0.00046949638466124054
 1923.9284100330103 -0.0001738487348566258
 1944.3363167193575 0.0001866894040602014
 1964.9308404492117 0.00047583974245638975
 1985.7053163281612 0.0007775035516867579
 2006.6597443562066 0.0014736311750888555
 2027.80745432217 0.002467512535968274
 2049.135116437229 0.0031984576552029497
 2070.649395595795 0.0034883594271892075
 2092.350291797867 0.0035846855877083084
 2114.2378050434468 0.0036771448688623833
 2136.318600226944 0.003551285183585144
 2158.5860124539477 0.0032833770858572355
 2181.046706618869 0.0030230398332218404
 2203.7006827217087 0.0027372870778988654
 2226.5412758680545 0.002494192854145291
 2249.5818158467296 0.0023148653739730697
 2272.815637763322 0.0019714377116719535
 2296.242741617832 0.0015115369309683807
 2319.8697923046707 0.0010401964092272245
 2343.6901249294274 0.0006238985523829937
 2367.7037394921017 0.00032627747318800075
 2391.9239657815156 0.00015540850023090566
 2416.3441389032578 -0.000021053094345079834
 2440.9575939629185 -0.0003120678749050561
 2465.7776607493183 -0.0006086351035360333
 2490.797674368047 -0.0007732994044581911
 2516.0176348191044 -0.0008039239750535495
 2541.4442069969014 -0.0007769970409134627
 2567.0707260070267 -0.000741775053882013
 2592.9038567438924 -0.0006600424143716144
 2618.936934313086 -0.0005987350011369779
 2645.1832885034305 -0.0005233237097780336
 2671.629589526104 -0.0004142926889289042
 2698.2891671699276 -0.00025253265411683717
 2725.155356540491 -0.00008115037401617587
 2752.2214927433834 0.00003202303761713999
 2779.500905567426 0.00007351237187068039
 2806.993595012619 0.00007618997564949175
 2834.692896184552 0.0000682157877212466
 2862.5988090832248 0.00005971383128276122
 2890.7179986030483 0.00005265376538278151
 2919.0504647440216 0.00004699635791079402
 2947.589542611735 0.00004252485689274698
 2976.341897100599 0.00003894153799365701
 3005.3075282106133 0.00003605996939726423
 3034.4797710473676 0.00003372866799239264
 3063.8719553996834 0.0000318745782580372
 3093.4707514787387 0.00003037127446309263
 3123.2894890733555 0.000029110033516420522
 3153.3148383947123 0.000028076837875840338
 3183.5534643372193 0.000027255619241465853
 3214.0120317952883 0.000026619049406476672
 3244.677210980097 0.000026025245950569395
 3275.5623316804663 0.00002555889212135162
 3306.660729001987 0.00002520693388197841
 3337.972402944658 0.000024879187940445748
 3369.4973535084796 0.000024600279842236818
 3401.235580693452 0.000024395936249603445
 3433.1870844995747 0.000024185638992232194
 3465.3585298212593 0.00002400293042277459
 3497.7365868696834 0.000023875908918358798
 3530.334585433669 0.00002376487880214468
 3563.1391957243936 0.00002366720290139983
 3596.1637475306807 0.000023545967196273388
 3629.394911063707 0.00002346736426248379
 3662.846016112295 0.00002339583859765614
 3696.5037328876224 0.000023296502610513374
 3730.381391178512 0.000023264627331964746
 3764.46566119614 0.000023245763420348827
 3798.7632078349193 0.000023160361725282406
 3833.267366200438 0.0000231080628028118
 3867.991466081519 0.000023092452675750578
 3902.9155127949284 0.000023046200340768314
 3938.059501023899 0.000023033017218729478
 3973.403436085198 0.000023023275893325167
 4008.9606477676484 0.000022978073795927098
 4044.7311360712492 0.000022938284123558695
 4080.7015712071784 0.00002293234971119552
 4116.878618069847 0.000022955935052554106
 4153.262276659256 0.000022948535370938497
 4189.852546975404 0.000022910802919532415
 4226.649429018292 0.00002290593134156304
 4263.646257893508 0.00002293180925277312
 4300.849698495464 0.00002292926595738399
 4338.246421035338 0.000022956762880374044
 4375.8497553019515 0.000022952356792904154
 4413.653036400894 0.0000229497498172283
 4451.656264332165 0.000023008425004040103
 4489.852774201353 0.000023037223858740938
 4528.24923090287 0.000023036425121431714
 4566.838969542306 0.000023066652406780975
 4605.621990119657 0.000023125607949847443
 4644.598292634929 0.00002315525521081388
 4683.767877088117 0.000023184479409752094
 4723.1307434792225 0.000023243963400703107
 4762.680226913835 0.00002327848318642161
 4802.409662497544 0.000023338808793170687
 4842.33238001917 0.000023424926171135957
 4882.441714584303 0.00002348606958725043
 4922.731001298531 0.00002354860918291786
 4963.200240161856 0.000023610597258899634
 5003.849431174276 0.000023697665036914657
 5044.6852392302035 0.000023787925407793944
 5085.687669646404 0.000023851927267464367
 5126.870052211701 0.000023967867905865922
 5168.225722031682 0.000024086924060591262
 5209.748014211938 0.000024177805117682984
 5251.443593646879 0.00002426804560125935
 5293.305795442093 0.000024384228895275264
 5335.341284491992 0.000024530209528075477
 5377.530066113343 0.000024676931413501006
 5419.885470094969 0.000024820688611859635
 5462.400831542456 0.0000249388270137797
 5505.076150455807 0.00002508430288354641
 5547.90476194061 0.000025256958970945835
 5590.886665996865 0.000025428387365901635
 5634.021862624571 0.000025600569981052762
 5677.30368692932 0.000025773550138386664
 5720.732138911109 0.000025971193722358788
 5764.307218569938 0.00002619332431947215
 5808.02892590581 0.00002639231890134639
 5851.883931129901 0.000026615557428681933
 5895.885564031031 0.00002683954734203412
 5940.013829925971 0.00002706405311366114
 5984.2820586035405 0.000027338040798456957
 6028.676920274917 0.00002761453469538813
 6073.198414940103 0.000027889466466927412
 6117.846542599097 0.000028190075827751128
 6162.614638357488 0.000028489103442239445
 6207.509367109688 0.000028813545006915266
 6252.517399066874 0.000029163481283055393
 6297.645399123457 0.000029488842141393776
 6342.880037490614 0.00002986441218076358
 6388.227979062759 0.000030263032685421726
 6433.6825589454775 0.00003068885855411075
 6479.237112244362 0.00003111288567101344
 6524.898303853821 0.00003153717093417982
 6570.652803985034 0.00003203567114824931
 6616.507277532411 0.00003253210840983305
 6662.4550596015415 0.0000330580419478212
 6708.482820403603 0.00003363094475936005
 6754.603889727418 0.00003423103857270773
 6800.791607995342 0.00003481396605169218
 6847.112624151486 0.000035466823309172915
 6893.50028925174 0.000036217552196709516
 6939.887954351994 0.00003694105076215404
 6986.408917340466 0.000037707835832762056
 7032.996529273048 0.00003854687116750368
 7079.65079014974 0.00003943168579596398
 7126.371699970541 0.000040415195929386036
 7173.092609791342 0.00004146430988969205
 7219.946817500363 0.000042534226214074094
 7266.801025209382 0.000043696706781297716
 7313.788530806622 0.00004500748956958981
 7360.709387459752 0.000046388707126542695
 7407.7635420011 0.00004787735885988276
 7454.81769654245 0.00004953982505118285
 7501.938500027909 0.000051343256028805395
 7549.059303513367 0.00005334962685468443
 7596.180106998825 0.000055580170219984524
 7643.367559428395 0.00005802793121787967
 7690.621660802071 0.000060795662830032834
 7737.8757621757495 0.00006405541473874146
 7785.063214605318 0.00006775022167074355
 7832.383964923105 0.00007212848116923095
 7879.638066296783 0.00007736290928866389
