 0. 0.
 0.27211586229200235 0.11956786575234166
 0.8195467217809244 0.36012601600119953
 1.3734183964173268 0.6027146010391654
 1.9338091147252676 0.8452426521800264
 2.500780636065847 1.0845478709701621
 3.0744290305563275 1.3168470613578778
 3.6548229197090434 1.5383237404215586
 4.242037787187558 1.7456663601194053
 4.836155978806671 1.936413802348076
 5.43725984038118 2.109074879910756
 6.045438579877117 2.2630738136070523
 6.660753956655581 2.398598160704679
 7.283281454380137 2.5164110327616798
 7.913158316075449 2.617665472453569
 8.550446301102614 2.70374139556151
 9.195214030973968 2.7761154628606306
 9.847530127201837 2.836264939164223
 10.507600454323223 2.8856032253855974
 11.175356390825794 2.9254408415672333
 11.850935179734208 2.9569663228587917
 12.534474064073134 2.9812415485743466
 13.2260416653549 2.999204279991473
 13.925775226604175 3.0116762310018896
 14.633674747820958 3.0193723654388287
 15.349877472029908 3.022912178346559
 16.074520642255695 3.022828886551715
 16.807672880010646 3.0195794326202763
 17.549402806807098 3.0135564752865607
 18.299847665669713 3.0051018261211646
 19.05914469962315 2.9945145701556233
 19.827293908667418 2.9820551135892517
 20.604501157339506 2.9679464301417946
 21.390766445639414 2.9523795931871515
 22.186364259616475 2.935522484754088
 22.991225977758354 2.917528562893364
 23.805488843089716 2.8985407460105783
 24.629358720147557 2.8786912802082045
 25.462904230444206 2.858097770128028
 26.306193995492 2.8368608793032024
 27.159433879827926 2.815067128376199
 28.022623883452 2.7927957922787683
 28.895901249388867 2.770119981946023
 29.779471842175536 2.747100811742958
 30.673404283324334 2.7237856584879414
 31.577767194347594 2.7002121838850615
 32.492766439782315 2.6764157830323785
 33.41847064114082 2.6524345119776163
 34.35501704144779 2.6283179461795125
 35.30254288372786 2.6041247796015754
 36.26118541100573 2.5799049695335867
 37.23101324479371 2.5556913206415155
 38.21223224962879 2.531512562546052
 39.204911047023316 2.507403432666369
 40.209255501514285 2.4833962292053293
 41.22533423461402 2.459511863952837
 42.253284489347195 2.435764732426543
 43.29324350873846 2.4121786648468957
 44.34541715732482 2.388790506466357
 45.40994267813094 2.36563016391803
 46.48688869266915 2.342709947565484
 47.57639244396411 2.3200399858932923
 48.67865979655282 2.2976357609661147
 49.79382799345995 2.2755099926185873
 50.92203427771015 2.2536699200566397
 52.063415892328095 2.2321186402877253
 53.218178701850775 2.21085827789643
 54.38639132779053 2.1898934331139817
 55.56825963468435 2.1692371836318847
 56.763989487069225 2.1489040682827505
 57.973649506457505 2.1288971777979264
 59.19744555738616 2.109205382232011
 60.43551488287988 2.0898088466049014
 61.68806334747564 2.0706943074031448
 62.95522819419812 2.051859887666717
 64.2372152875843 2.0333093545884067
 65.53409324914654 2.0150659609741215
 66.84613656493413 1.9971609369962608
 68.17355109948409 1.979587799909873
 69.51633685279641 1.9622971937244336
 70.87504279696977 1.9452406062298764
 72.24953168897947 1.9284176876216703
 73.63980352882552 1.9118700692986024
 75.04654453163127 1.8956119007879906
 76.46906848227337 1.8796134684217758
 77.90874781099846 1.86385463740059
 79.36489630268323 1.8483468285589804
 80.83820017245101 1.8331033921062927
 82.32865942030176 1.8180953957710302
 83.83696026135885 1.8032802711315186
 85.36241648049894 1.7886643463560346
 86.905028077722 1.774272900200203
 88.46616748327472 1.7600803377571281
 90.04583469715706 1.74601290950767
 91.64334350424572 1.7320090772544392
 93.25938011966403 1.7180729343923071
 94.89463075853529 1.7042540964222037
 96.54840920573618 1.6905874211502596
 98.22208789151334 1.677066313333917
 99.91498060074348 1.6636803468283117
 101.62708733342656 1.6504495688292977
 103.35909430468591 1.6373932507337894
 105.11168772964488 1.6245010789908612
 106.88418139318011 1.6117257777754568
 108.67794772553825 1.5990055982067843
 110.492300511596 1.5863439318795083
 112.32723975135335 1.573821769875899
 114.1834516599336 1.5614991436425465
 116.06162245246009 1.5493968311063466
 117.96175212893282 1.5375404847082195
 119.88315447422848 1.5259257483018946
 121.827888133717 1.5144980623526016
 123.79389446202842 1.503198077457523
 125.78391831965604 1.4919895993975143
 127.79590106122991 1.480865269349485
 129.83190133211997 1.469814408605954
 131.89123291720293 1.4588149204289904
 133.97458203160207 1.4478397025090852
 136.0819486753174 1.43681601603915
 138.21333284834893 1.4256824900929193
 140.37010698094326 1.4144359687886
 142.55089864285384 1.4030591557000724
 144.75776647945054 1.3915572006794195
 146.98933806048677 1.3799739241807365
 149.24767203133246 1.368312807607267
 151.531395961741 1.356564366296272
 153.8411960668357 1.3447826600646247
 156.1784447768632 1.333058391387063
 158.54245587670016 1.3214234660357482
 160.93322936634658 1.3098751512566562
 163.35213767604915 1.2984058303705162
 165.7984945906845 1.2869989880687425
 168.27367254049926 1.275652806220988
 170.77698531037018 1.2644020748902371
 173.3091191154205 1.2532514025842563
 175.87007395565027 1.2420712929096105
 178.46122226130612 1.2307740091261612
 181.0811916021414 1.2193450709797002
 183.73204062352605 1.207800769492309
 186.4137693254601 1.1961341789846873
 189.12569149282027 1.1843140179054525
 191.86849334072977 1.1724002752753426
 194.64354729943534 1.1604896463708052
 197.45016715381362 1.1485519578481136
 200.28903911898794 1.1364721767713526
 203.1601631949583 1.1242241630051355
 206.0649118119713 1.1119018434941559
 209.0025987549037 1.099561665353682
 211.97391023887874 1.0871796843991226
 214.9788462638965 1.0746141326165786
 218.0187792602035 1.0616759345785691
 221.09370922779985 1.048326701724815
 224.20294995156218 1.0346652622364079
 227.3485600768605 1.0208086667359397
 230.52985338857147 1.006896843476053
 233.7475161018183 0.9929842020343395
 237.00223443172447 0.9790179201130307
 240.2940083782899 0.9649691525577758
 243.62283794151463 0.9508557055938763
 246.99009555164523 0.9366510417891782
 250.3964674238051 0.9222043375196436
 253.84058112774753 0.9073647175124478
 257.32449530884253 0.8920092644020658
 260.84820996709004 0.8759295238443907
 264.41172510249015 0.8592011532358652
 268.0157269301661 0.8419398867647315
 271.6609016652413 0.824186291801389
 275.34793552283895 0.8062981855598524
 279.07614228783586 0.788397648331843
 282.84689439047855 0.7702062334491278
 286.6608780458904 0.751624771830735
 290.5180932540714 0.7326840626659606
 294.41854001502156 0.7134765650147963
 298.36427697411085 0.6941733424310902
 302.35393170109256 0.6748487611160787
 306.3888766262134 0.6552351298959173
 310.46911174947337 0.6351549661657763
 314.5960095011191 0.6148226180446136
 318.76956988115063 0.5943619178182311
 322.99047910469113 0.5736756756815516
 327.25942338686406 0.5525793693916046
 331.5757165125461 0.5310333572761705
 335.94141712710706 0.5094326968178505
 340.35583901542384 0.4879755317286314
 344.8203546077429 0.46655211841228944
 349.3349639040644 0.4452774943916664
 353.9003531195115 0.42424287474677336
 358.5172084692076 0.4032849702713804
 363.186216168276 0.3820767076534059
 367.9073762167167 0.3609902729434445
 372.6820610447764 0.34062921337894186
 377.510270652455 0.321095893704817
 382.3920050397526 0.301911827979109
 387.3293228520391 0.2827420778106835
 392.32153787419116 0.2639623593357786
 397.3700225364555 0.24587570507704587
 402.47477683883204 0.2285594086338596
 407.6364869964441 0.21202743803512208
 412.8558392244151 0.19642225779572828
 418.1335197378682 0.18180222685212238
 423.47021475192685 0.16755820709823144
 428.86661048171436 0.15337027412633533
 434.323393142354 0.1400276606706347
 439.8405627338458 0.12798560418740665
 445.41880547131296 0.11691334631034551
 451.05949378500236 0.1065846390558332
 456.7633138900372 0.09726920837068583
 462.52957957129405 0.08927020363603536
 468.360349474143 0.08224944525987843
 474.2563098137074 0.07600253525052958
 480.21677437486375 0.06977520534826674
 486.2438018029822 0.06267086037980803
 492.33739209806265 0.05542609985111293
 498.4982314752285 0.04902125345274501
 504.72700614960297 0.04320840922744031
 511.02440233630944 0.03763396261907268
 517.3917924655946 0.032576353247330554
 523.8291765374584 0.028127617927176923
 530.337240767024 0.02448245733271703
 536.9173575845382 0.021320025420580396
 543.569526990001 0.017908098450786527
 550.2944351985359 0.01386223061482334
 557.0934546403892 0.009306727098303193
 563.9672715306843 0.005348492244847041
 570.9158858694213 0.0031029790680691186
 577.9406700868469 0.002288175741022584
 585.0423103980842 0.0019717705402370767
 592.2214930182568 0.0017732062190233915
 599.4795903776111 0.0016131643131611533
 606.8159162610239 0.0014745461675764514
 614.232529313865 0.0013580581417151657
 621.7301157512579 0.0012649094400325191
 629.3086755732027 0.0011878103623732302
 636.970267425069 0.001127866354438605
 644.7142050917338 0.0010887004905819355
 652.5425472185668 0.0010541521107632105
 660.4559800206916 0.0010085126776198127
 668.4545034981081 0.0009525984255727524
 676.5394900810628 0.0008973587942708817
 684.7116259846792 0.0008522806165785654
 692.9743422845738 0.0008115442672206937
 701.3187181841434 0.0007592349762483618
 709.7591642009778 0.0006917616371073705
 718.2888181838439 0.0006216057855620371
 726.9145422839747 0.0005604604131638137
 735.6226121989039 0.0005120456156959092
 744.433614382331 0.00047315598066242405
 753.3338245317899 0.00043742254701014977
 762.3301047985134 0.0004015957948899912
 771.4224551825017 0.0003664419761364283
 780.6108756837548 0.0003327773990975931
 789.8953663022727 0.00030032182140206934
 799.2827891892886 0.0002730011493704543
 808.7731443448024 0.0002526015440811924
 818.3527074663479 0.0002373258101272549
 828.0420650076244 0.00022748338284362212
 837.834354817399 0.0002229325635203732
 847.7295768956716 0.0002192433002000306
 857.720869091209 0.00021216765517909563
 867.8288178577106 0.00020006754383991885
 878.0328367414772 0.0001835979204953095
 888.3535121962079 0.00016758058133761912
 898.777119919437 0.00015326978793660668
 909.3105220623969 0.00013380713741742854
 919.9537186250881 0.00010481159024126081
 930.7067096075106 0.00007227997132596461
 941.5763571608974 0.00004548059059415257
 952.5557991340153 0.00002768216695382917
 963.6518976780977 0.000017151138590110483
 974.8646527931444 0.000010926487465103505
 986.1872023279224 0.0000073857136439315515
 997.6332705848979 0.000005347149109576441
 1009.1891332616045 0.000003794114701026593
 1020.8753768117421 0.0000025202120833735038
 1032.6714147816106 0.0000015483797314409371
 1044.59783362491 8.988971981750108E-7
 1056.6409090391737 5.381354694159151E-7
 1068.807503175635 3.80430355753746E-7
 1081.1044781855271 3.0289967928737037E-7
 1093.5181097663838 2.2759343325982016E-7
 1106.062122220671 1.4595306975828837E-7
 1118.736515548389 7.730427554672812E-8
 1131.5344275983048 3.361131189032832E-8
 1144.4695826728844 1.2509126280380474E-8
 1157.5282564696615 4.8596186728581165E-9
 1170.7241732911027 2.2151667232137987E-9
 1184.0504709859747 9.781193098754201E-10
 1197.5071495542772 3.736876043983236E-10
 1211.1079332984773 1.2289278469556807E-10
 1224.839097916108 3.565427300096503E-11
 1238.7075055584025 9.303706185523278E-12
 1252.713156225361 2.25772262582975E-12
 1266.862912068217 5.641172602195842E-13
 1281.1499109357367 1.6841254899442771E-13
 1295.5810149791535 5.872997619637028E-14
 1310.1562241984677 2.0666753741103357E-14
 1324.8755385936788 7.238896135378819E-15
 1339.7389581647874 2.724981777724541E-15
 1354.7464829117928 1.0578441058523211E-15
 1369.898112834696 3.9484632123330545E-16
 1385.2075722359623 1.3955687295211047E-16
 1400.6611368131255 4.441813120702888E-17
 1416.2656687174194 1.0857312910481693E-17
 1432.0211679488439 1.8405970598786784E-18
 1447.9276345073986 2.568394995745087E-19
 1463.9919305443168 4.55505350939078E-20
 1480.2140560595985 1.0616954286557349E-20
 1496.5871489020108 2.5132697286804734E-21
 1513.1180712227865 5.640703577148912E-22
 1529.813685173159 1.2213579632933315E-22
 1546.660266450662 2.652028259650144E-23
 1563.6784015089947 5.8866270377609686E-24
 1580.847503894458 1.3552901156277044E-24
 1598.188160060751 3.299339857355439E-25
 1615.6866457054077 8.550994587034112E-26
 1633.3498229796614 2.3417614135565033E-26
 1651.184554034745 6.633152363252573E-27
 1669.1839767194251 1.9052171610952302E-27
 1687.3549531849355 5.514044515848357E-28
 1705.6906212800425 1.6019269044024854E-28
 1724.2047053072126 4.6312913718688855E-29
 1742.8834809639798 1.291317698193844E-29
 1761.7406725528097 3.429722713739595E-30
 1780.7694179224698 8.521354952965582E-31
 1799.9697170729596 1.9806216130511958E-31
 1819.348432155513 4.3441676004941927E-32
 1838.9124253213627 8.606411145501719E-33
 1858.6479722680422 1.546440421268348E-33
 1878.5619351467847 2.604418982045157E-34
 1898.6543139575908 4.1112647799832256E-35
 1918.931970851693 5.4892023253744954E-36
 1939.3949058290916 5.3553526874188745E-37
 1960.0362567385534 3.527890397743242E-38
 1980.8697478825445 1.6462896704698593E-39
 2001.8816549585993 5.693556199919293E-41
 2023.0857022691835 1.3810067451615866E-42
 2044.4750276630639 2.673264845178021E-44
 2066.0496311402403 1.671383326687299E-45
 2087.82323700318 2.4039700131862626E-46
 2109.782120949416 4.363489063297268E-47
 2131.933145130182 1.3911443497080686E-47
 2154.2763095454766 6.995070749544566E-48
 2176.8116141953014 3.355256096612565E-48
 2199.545921230889 1.3872871986393417E-48
 2222.472368501006 4.988420274724841E-49
 2245.5978181568853 1.5741064782509481E-49
 2268.922270198528 4.1350692361280792E-50
 2292.4388624747 9.270641442555198E-51
 2316.161319287868 1.8689549239578076E-51
 2340.082778486799 3.91000672648619E-52
 2364.203240071492 8.425429461656336E-53
 2388.529566193182 1.7200321539632836E-53
 2413.054894700634 3.2967475058808264E-54
 2437.779225593849 6.266046475958812E-55
 2462.716283175293 1.0914541734662498E-55
 2487.8592052937333 1.4386451928150288E-56
 2513.201129797936 1.2659071731119246E-57
 2538.7557809903683 7.36542282900232E-59
 2564.5162967197966 2.9912716513357344E-60
 2590.48267698622 9.02482767169647E-62
 2616.6617839408736 2.1296129350950048E-63
 2643.0467554325223 4.092713554721383E-65
 2669.644453612401 6.616577302348562E-67
 2696.448016329275 9.243438485313398E-69
 2723.4711678856115 1.1442442574938992E-70
 2750.7001839789446 1.305292738342608E-72
 2778.1487889117393 1.5646414948306071E-74
 2805.8101205327634 3.5760382091668026E-76
 2833.6773166907833 3.456817412084246E-77
 2861.764101688266 4.3083238286229116E-78
 2890.0704755252104 5.150418749558037E-79
 2918.5895760503845 5.8481410613637066E-80
 2947.3214032637875 6.307002726212819E-81
 2976.272819316653 6.460510191606089E-82
 3005.4438242089805 6.2847692401498576E-83
 3034.8275557895377 5.805781530345806E-84
 3064.430876209557 5.0940188767977995E-85
 3094.2537854690386 4.247073193997695E-86
 3124.2894214167495 3.3669175290963236E-87
 3154.551508355156 2.539891276661502E-88
 3185.0263219817916 1.8247178491090867E-89
 3215.7275865991223 1.249656103669692E-90
 3246.641577904683 8.168116681285378E-92
 3277.7751580497056 5.103466735095515E-93
 3309.1351891854238 3.0540484650472375E-94
 3340.7079470093713 1.7546380182846623E-95
 3372.507155824014 9.704649193004489E-97
 3404.5259534781194 5.182270451009972E-98
 3436.7643399716867 2.6797080477485896E-99
 3469.222315304717 1.3455283354878159E-100
 3501.8998794772097 6.5766648208945534E-102
 3534.797032489164 3.135442721631493E-103
 3567.9206364918145 1.4602091307974526E-104
 3601.256967182694 6.649010184361165E-106
 3634.819748864269 2.9614228553332485E-107
 3668.595257234073 1.2901210899336737E-108
 3702.5972165945727 5.495648937930934E-110
 3736.8119026433014 2.289263306127442E-111
 3771.2530396827256 9.362236021169911E-113
 3805.9069034103795 3.867269724506162E-114
 3840.787218128729 1.8349269000931244E-115
