 0.21152862247037635 0.
 0.637072707369058 0.
 1.0676235447012705 2.090409626849464
 1.503241945225316 1.8284718521642067
 1.943975917434591 1.657716437459768
 2.389900141207711 1.534049171071385
 2.841067959315118 1.4410362477976848
 3.2975380488042942 1.3696947630869023
 3.7593744209997704 1.3139588970339853
 4.226641087226073 1.2696536969376881
 4.699407393084776 1.2339687666306658
 5.177721347069275 1.2049939690569194
 5.661641626227055 1.181356505235501
 6.151274916098995 1.161987783684788
 6.646669225178492 1.1460087182594774
 7.147877896235989 1.1326911365099661
 7.6549542720419215 1.1214593884137956
 8.168058380907613 1.1118811325929396
 8.687136880062626 1.103639169169998
 9.212296455047838 1.0964763775339004
 9.743643791404129 1.0901366703569964
 10.28123223190194 1.0843548036058206
 10.825168462082154 1.0789028120526087
 11.375452481944768 1.0736404601226235
 11.932190977030665 1.068515788078325
 12.495490632880722 1.0635177765902974
 13.065404792265385 1.0586354650620782
 13.64198679795509 1.0538760874010964
 14.225343335490718 1.049320423556084
 14.815581090413152 1.0451436730563268
 15.412700062722392 1.0415621834073885
 16.016860280729755 1.0387178785802218
 16.628061744435247 1.0365901270455502
 17.246517824920623 1.0350099899356933
 17.872175179415446 1.033741608122366
 18.505140493460598 1.032575601100659
 19.145573795367397 1.0313791404605681
 19.793528427906285 1.0300692456993497
 20.449057733847702 1.0285672969967115
 21.11232174150297 1.0268319790032836
 21.783320450872093 1.0249125549710787
 22.46216054749594 1.0229221337900212
 23.14900205968584 1.0209753285565342
 23.843898330212237 1.0191379930433364
 24.54690270184556 1.0173864026576784
 25.258175202897142 1.0156128161967481
 25.977769176137418 1.0137070508042008
 26.705791307107262 1.0116559157227654
 27.442348281347567 1.0095683588616324
 28.187546784399206 1.0076952820250396
 28.941440159032627 1.006027926174328
 29.70418843355914 1.0048733736622304
 30.475844950749188 1.0041587656152142
 31.256569738914102 1.003794531388493
 32.04641614082431 1.0036238288367036
 32.8454908420207 1.0034916955602144
 33.653900528044154 1.003351353135138
 34.471805227205984 1.0031843943164664
 35.29931162504708 1.0028967970734235
 36.13647306433788 1.0023780261749486
 36.983396230619256 1.0015288326461882
 37.840241152202545 1.0002555204326924
 38.707114514628614 0.9985069829799018
 39.58412300343835 0.9963369482422358
 40.47137330417264 0.9938894605411602
 41.36902544514278 0.9913038290849548
 42.27713276911924 0.9886870425837
 43.195855304413335 0.9862405004003634
 44.125353079336364 0.9842473038379219
 45.0656794366588 0.9827826840070163
 46.016994404691935 0.9815470482446942
 46.97940466897667 0.9800812392034829
 47.953070257824315 0.9780638849017269
 48.93809785677575 0.975408874505648
 49.934647494142304 0.9722340583481272
 50.94277251269441 0.9688713301192886
 51.96268628351383 0.9657370257873334
 52.994548834911896 0.9629426225309883
 54.038360166888594 0.9601633812607397
 55.094547021607454 0.9569482353805644
 56.1630027135276 0.9531197633969495
 57.243727242649015 0.9489447698210034
 58.337254036676114 0.9447858961173091
 59.4430496679045 0.9407964630871899
 60.56218099174297 0.9368480113573345
 61.694114580487124 0.932702507529008
 62.83938386184136 0.9280981046410421
 63.997988835805685 0.9226087317490071
 65.17046293008451 0.9160485258601798
 66.35627271697341 0.9088148308617232
 67.55541819647239 0.9013059106964483
 68.76896622399028 0.8935261752386877
 69.99691679952706 0.8855267506361677
 71.23873649537832 0.8772338527383804
 72.49495873924849 0.8683144419238052
 73.76611695884193 0.8595517509778857
 75.05167772645429 0.8528631787270294
 76.35270789749433 0.8485013489037537
 77.66867404425768 0.8445203011072554
 78.99957616674433 0.8395708619662517
 80.34594769265867 0.8328168715365393
 81.70832204970513 0.8240982692154338
 83.08616581017927 0.8123996885690558
 84.48054582948993 0.8022155212784547
 85.89092867993268 0.7959803994083419
 87.31731436150756 0.788553177404562
 88.76023630191894 0.7782942971521422
 90.22022792887121 0.7693505753804616
 91.6972892423644 0.7626038789091856
 93.19088681469411 0.7555162399887962
 94.70262092897353 0.7504246259384136
 96.23089130208945 0.7509906247585254
 97.77783164485949 0.7543840058195079
 99.34184167417045 0.7578192268497708
 100.92452167313553 0.7640460857160463
 102.52533821405034 0.7761478311248802
 104.14482472461927 0.7917909873017873
 105.78298120484229 0.8062912422215742
 107.43980765471946 0.8207578874825483
 109.11637092965955 0.8381316791343356
 110.81160417425376 0.8545366737628542
 112.5271076716153 0.8634022543805044
 114.26181456633537 0.8626487966555848
 116.01732514152717 0.8559486111978445
 117.79257254178191 0.8491911562361063
 119.58809019480395 0.8457447249382809
 121.40494495600215 0.8454022150998869
 123.2426033976721 0.8475698540742058
 125.10106551981377 0.8509229932621722
 126.981398177836 0.851943573624758
 128.88306794403434 0.8505396241944232
 130.80714167381763 0.8495987208416155
 132.75308593948148 0.8463187144055778
 134.72143416873024 0.8354519422570218
 136.712186361564 0.8171290666733031
 138.72640937339148 0.793644950311595
 140.7630363488039 0.7655121811794755
 142.82366757091447 0.7343884423583777
 144.90830303972322 0.7042587624547252
 147.01640932752574 0.6796531883450971
 149.14851986202638 0.6630346853690463
 151.30570149863397 0.654058258487453
 153.48742080964414 0.6524647133128424
 155.69421122276128 0.6616965879986936
 157.92607273798538 0.6876341859887724
 160.18407221072525 0.7327211055588598
 162.4676762132765 0.7926181078137061
 164.77741817334348 0.8599445730839317
 167.11329809092626 0.9311779003694206
 169.47638282143362 1.0065616135159416
 171.86667236486554 1.1215034096077525
 174.28363329351762 1.2873554539897771
 176.72886589050313 1.5135705966364212
 179.2018367281176 1.7584591342622449
 181.7030792340654 1.9506247492623738
 184.23312683605107 2.035171505721281
 186.79197953407447 1.9889870363841116
 189.37963732813571 1.8057029971427931
 191.99716707364348 1.5080331904030573
 194.64510219830228 1.175569598313488
 197.32237584670327 0.8951263881807758
 200.03058830195968 0.7254363431681558
 202.76973956407147 0.6591466557503212
 205.53982963303866 0.6683833150658146
 208.34139193656563 0.717481476756902
 211.17495990235685 0.7645660233557673
 214.04106695811666 0.772456501683349
 216.9391796761407 0.730082887440347
 219.87036491183775 0.6601843971855685
 222.83515609291217 0.6001442292437879
 225.83355321936406 0.5799096951874676
 228.86555629119334 5.065329352582741
 231.9327655915133 5.013206256142728
 235.03411426491502 4.899182372358791
 238.1706691668074 4.827599114995728
 241.3424302971904 4.987993010198005
 244.55046451147282 5.782323002483502
 247.79477180965472 8.46649098670964
 251.07588561944044 23.21240445044643
 271.55470861919383 0.
 275.1036031365901 0.
 278.6925047318166 0.
 282.3219468325778 0.
 285.9919294388736 0.
 289.7035194061129 0.
 293.4567167342957 0.
 297.25152142342193 0.
 301.0895337566049 0.
 304.9702203061401 0.
 308.8946479274364 0.
 312.86281662049373 0.
 316.8752598130166 0.
 320.93251093270936 0.
 325.03510340727644 0.
 329.1835706644222 0.
 333.37844613185104 0.
 337.6202632372674 0.
 341.90902198067124 0.
 346.24525578976693 0.
 350.63003151996344 0.
 355.06388259896505 0.
 359.54627559906737 0.
 364.0788108033836 0.
 368.6620216396182 0.
 373.2953746800667 0.
 377.9804702078423 0.
 382.71730822294506 0.
 387.5064221530794 0.
 392.3483454259496 0.
 397.2436114692602 0.
 402.19328713842 0.
 407.1973724334289 0.
 412.2564007819914 0.
 417.3714390395162 0.
 422.54248720600333 0.
 427.77007870915736 0.
 433.05528040438685 0.
 438.39862571939636 0.
 443.80011465418585 0.
 449.26081406416415 0.
 454.78125737703556 0.
 460.3619780205046 0.
 466.00404284998007 0.
 471.7069184377575 0.
 477.47220506695015 0.
 483.3004361652624 0.
 489.1916117326943 0.
 495.14733205235893 0.
 501.167063696552 0.
 507.25240694838675 0.
 513.4038952355676 0.
 519.6215285580944 0.
 525.9063737713759 0.
 532.2589643031168 0.
 538.681967291839 0.
 545.168448177385 0.
 551.7296089415477 0.
 558.3601153072827 0.
 565.0653015516343 0.
 571.8344991205142 0.
 578.6837108450547 0.
 585.6022681711677 0.
 592.5955053758971 0.
 599.6634224592431 0.
 606.8060194212054 0.
 614.0232962617843 0.
 621.3205872580237 0.
 628.6978924099236 0.
 636.144543163396 0.
 643.6765423495729 0.
 651.2885556914104 0.
 658.9805831889083 0.
 666.7472905650228 0.
 674.6046806508857 0.
 682.5367506153653 0.
 690.5595032895934 0.
 698.6622701194821 0.
 706.8503853820752 0.
 715.1238490773729 0.
 723.4826612053753 0.
 731.9321560431262 0.
 740.4669993135816 0.
 749.0925252937856 0.
 757.8087339837382 0.
 766.6102911063955 0.
 775.5078652158453 0.
 784.4907877579996 0.
 793.5750615639906 0.
 802.7446838026862 0.
 812.0156573052183 0.
 821.3773135174991 0.
 830.8349867165725 0.
 840.3940111794826 0.
 850.0437183521414 0.
 859.7947767886366 0.
 869.6471864889687 0.
 879.5956131760934 0.
 889.6507254040987 0.
 899.8018546188965 0.
 910.0596693745752 0.
 920.4188353940905 0.
 930.8793526774424 0.
 941.4518897787191 0.
 952.1257781438325 0.
 962.9063520498264 0.
 973.793611496701 0.
 984.7928907615005 0.
 995.8988555671807 0.
 1007.1168401907855 0.
 1018.4468446323152 0.
 1029.8888688917693 0.
 1041.4429129691484 0.
 1053.1089768644522 0.
 1064.8870605776808 0.
 1076.7878326629223 0.
 1088.8006245660881 0.
 1100.930770564223 0.
 1113.1782706573265 0.
 1125.5431248453988 0.
 1138.0306674054839 0.
 1150.6408983375818 0.
 1163.3684833646485 0.
 1176.218756763728 0.
 1189.1970528118643 0.
 1202.2927029549694 0.
 1215.5217100241753 0.
 1228.8680711883499 0.
 1242.3477892786254 0.
 1255.9501957409138 0.
 1269.6806248522591 0.
 1283.544410889705 0.
 1297.536219576208 0.
 1311.6613851888117 0.
 1325.9145734504723 0.
 1340.3064529152778 0.
 1354.8263550291401 0.
 1369.4849483461471 0.
 1384.2768985892553 0.
 1399.2022057584643 0.
 1414.266204130818 0.
 1429.474227983361 0.
 1444.8156087620046 0.
 1460.295680743793 0.
 1475.9144439287265 0.
 1491.6772325938489 0.
 1507.5840467391602 0.
 1523.6295520876165 0.
 1539.8244171933056 0.
 1556.1579735021396 0.
 1572.640889568207 0.
 1589.2678311144628 0.
 1606.0387981409076 0.
 1622.9644592016298 0.
 1640.0341457425407 0.
 1657.2531920406846 0.
 1674.6215980960612 0.
 1692.139363908671 0.
 1709.811823755558 0.
 1727.6336433596775 0.
 1745.6101569980742 0.
 1763.7413646707482 0.
 1782.0219321006548 0.
 1800.4625278418828 0.
 1819.0578176173874 0.
 1837.8078014271691 0.
 1856.717813548272 0.
 1875.7825197036518 0.
 1895.0019198933087 0.
 1914.3866826713304 0.
 1933.9314737606735 0.
 1953.6309588842935 0.
 1973.4958065962785 0.
 1993.5206826195847 0.
 2013.7055869542116 0.
 2034.0558538772038 0.
 2054.566149111517 0.
 2075.2418069341957 0.
 2096.0774930681946 0.
 2117.083876067603 0.
 2138.250287378333 0.
 2159.587395554471 0.
 2181.089866318975 0.
 2202.7523653947997 0.
 2224.5855613360336 0.
 2246.5894541426765 0.
 2268.7587095376844 0.
 2291.0933275210573 0.
 2313.5986423698396 0.
 2336.2746540840308 0.
 2359.116028386587 0.
 2382.128099554553 0.
 2405.310867587927 0.
 2428.658998209667 0.
 2452.18315997386 0.
 2475.8726843264176 0.
 2499.7382398214286 0.
 2523.7691579048046 0.
 2547.97077285359 0.
 2572.348418944828 0.
 2596.891427624432 0.
 2621.610467446488 0.
 2646.500204133954 0.
 2671.5606376868286 0.
 2696.7917681051126 0.
 2722.1935953888055 0.
 2747.766119537908 0.
 2773.514674829463 0.
 2799.4285927093833 0.
 2825.5185417317566 0.
 2851.7738533424954 0.
 2878.2051960956874 0.
 2904.8019014372435 0.
 2931.5746379212533 0.
 2958.5127369936286 0.
 2985.626867208457 0.
 3040.356549680252 0.
 3067.972101937219 0.
 3095.7636853366403 0.
 3123.7152970473817 0.
 3151.8429399005763 0.
 3180.1306110650917 0.
 3208.5889790950173 0.
 3237.218043990351 0.
 3266.007137197006 0.
 3294.961592992026 0.
 3324.0814113754113 0.
 3353.3665923471613 0.
 3382.8171359072767 0.
 3412.427707778713 0.
 3442.203642238514 0.
 3472.1342707325925 0.
 3502.230261815036 0.
 3532.486281208801 0.
 3562.9023289138863 0.
 3593.4730706532487 0.
 3624.203840703932 0.
 3655.089304788893 0.
 3686.1294629081303 0.
 3717.3243150616454 0.
 3748.6738612494373 0.
 3780.1781014715057 0.
 3811.831701450807 0.
 3843.6293269102976 0.
 3875.5816464040654 0.
 3907.683325655066 0.
 3939.929030386255 0.
 3972.318760597633 0.
 4004.852516289201 0.
 4037.5356317380015 0.
 4070.352104112902 0.
 4103.312601967992 0.
 4136.411791026228 0.
 4169.6443370105635 0.
 4203.015574198044 0.
 4236.520168311626 0.
 4270.163453628352 0.
 4303.929427317092 0.
 4337.828757931931 0.
 4371.856111195829 0.
 4406.011487108783 0.
 4440.289551393749 0.
 4474.690304050729 0.
 4509.213745079721 0.
 4543.854540203682 0.
 4578.612689422612 0.
 4613.48819273651 0.
 4648.481050145378 0.
 4683.580593095126 0.
 4718.797490139842 0.
 4754.115738448396 0.
 4789.546006574874 0.
 4825.077625965188 0.
 4860.710596619339 0.
 4896.444918537328 0.
 4932.275257442108 0.
 4968.206947610726 0.
 5004.229320489092 0.
 5040.347710354251 0.
 5076.551448652114 0.
 5112.845869659726 0.
 5149.225639100042 0.
 5185.685422696019 0.
 5222.2305547247 0.
 5258.8503666319975 0.
 5295.550192694956 0.
 5332.324698636531 0.
 5369.163215902635 0.
 5406.076413047354 0.
 5443.0429529625135 0.
 5480.116178418555 0.
 5517.242746645036 0.
 5554.369314871518 0.
 5591.602568638879 0.
 5628.889165176681 0.
 5666.229104484924 0.
 5703.622386563607 0.
 5741.01566864229 0.
 5778.515636261854 0.
 5816.015603881417 0.
 5853.62225704186 0.
 5891.175567431866 0.
 5928.835563362749 0.
 5966.495559293634 0.
 6004.208897994959 0.
 6041.922236696284 0.
 6079.635575397609 0.
 6117.402256869375 0.
 6155.22228111158 0.
 6193.042305353786 0.
 6230.808986825551 0.
 6268.682353838198 0.
 6306.502378080403 0.
