 1.321986911731867 0.9979721564515547
 1.8613922356969679 0.9944491978308674
 2.4071319261599453 0.988178552115675
 2.9592984556244164 0.9785419245099454
 3.517957875878681 0.9651934181003542
 4.083182843889868 0.9480368206353599
 4.655052621803937 0.9272440517587075
 5.233646471766845 0.9031947962930226
 5.819050261103382 0.8764265163589303
 6.411323436423018 0.8475402924379986
 7.01053865469288 0.8170947607940281
 7.616828019489567 0.7856874494215459
 8.230250977422546 0.753888051409228
 8.85087358028012 0.7221416069506811
 9.478761879850586 0.6907526453642701
 10.11411403149884 0.660100405801522
 10.756863983436586 0.630440646861648
 11.407143839240419 0.601838199052624
 12.065085702486938 0.5744425647318366
 12.730755624964441 0.5483217361135779
 13.404285710249528 0.5235321950891991
 14.0856759583422 0.5000747527970626
 14.775058472819051 0.4778872670950374
 15.47256535725668 0.4569690864051177
 16.17826266344339 0.4373005289504274
 16.892216443167474 0.41881064966911247
 17.61455880000554 0.4014292648107957
 18.34542183753417 0.38513622847764956
 19.08480555575338 0.36985357761478754
 19.832908110028058 0.3555234915385676
 20.589729500358207 0.3420777400206929
 21.355533933897025 0.3294820812696537
 22.130255358856207 0.3177164802190466
 22.914025878812357 0.3066818143294882
 23.707043649130366 0.29635384400008263
 24.509374721598537 0.28671916312870793
 25.32108514800517 0.2777189504786684
 26.14237308371516 0.26933231612567643
 26.973238528728512 0.2615311358697173
 27.813813586621812 0.2542387565166177
 28.66429641275997 0.24742162853092542
 29.52475305893128 0.24105610768033672
 30.395249576924037 0.23508361427730556
 31.275984122103143 0.2294725353581654
 32.1670227462569 0.2242037915287225
 33.068497552961894 0.21924162669284952
 33.98054064579473 0.21455836426244473
 34.90328412833202 0.21013407177902652
 35.836794052362045 0.20594337442410604
 36.781268573249704 0.20198125947126697
 37.73677374278329 0.19824682369132673
 38.70350771632772 0.19473371569332074
 39.681536545671285 0.19143372036677486
 40.670992334390576 0.18832133715249041
 41.672007186062196 0.18537775435460735
 42.68477925605104 0.1825960090614961
 43.709440647933704 0.17998072979605423
 44.74605741349849 0.1775184221482109
 45.794761656322 0.17517809392435857
 46.85575153176913 0.17294013419834908
 47.92915914341648 0.17079361685695627
 49.01511659484063 0.16873164021516526
 50.11375598961819 0.16676310683463347
 51.22527548311407 0.1649304475332941
 52.34974112711655 0.1632754863568481
 53.48735107699055 0.16180606799392688
 54.63830348810093 0.16050544194062888
 55.80266441223603 0.15931907263512238
 56.98063200476071 0.15819036218920055
 58.1723383692516 0.1570915480669301
 59.377981661073576 0.15602311445659225
 60.59769398380324 0.15499639563168743
 61.8316734928055 0.15401627590794553
 63.07998623986864 0.15306477642751362
 64.34289643214586 0.15212523818465687
 65.62060222500206 0.15122333562803153
 66.91310361843725 0.15036339154599757
 68.22092902675782 0.1495701418338904
 69.54394634638714 0.14886976803217616
 70.88215557732524 0.14820250895949794
 72.23621723745511 0.14759804157124268
 73.60547080889376 0.1470341952228172
 74.99123732740716 0.14652772371009026
 76.39285627511232 0.14613112543556098
 77.81098816989224 0.1458305790518433
 79.2456330117469 0.14562824943279545
 80.69745131855933 0.1455167744619196
 82.1657825724465 0.14547997758417253
 83.65062677340842 0.145406553116231
 85.15330495721109 0.14530417161990702
 86.67381712385448 0.14525703927610684
 88.21150275545563 0.14520345977406343
 89.7670223698975 0.1450521705959481
 91.3410364850631 0.14484629910830618
 92.93288458306944 0.14456008313844537
 94.54388769968249 0.1442342861942059
 96.17338531701927 0.14398137583332554
 97.82137743507975 0.14375847871645067
 99.48852457174698 0.14352041952275174
 101.1754872449039 0.14333418530859748
 102.88160493666754 0.14323397727611134
 104.60819868280386 0.14326967112568045
 106.3546079654299 0.1434785888239268
 108.12083278454566 0.14374571810110603
 109.9075336580341 0.14399540590725374
 111.71537110377821 0.1442121344554511
 113.54434512177802 0.14439378615814102
 115.39379519415054 0.1444509221879144
 117.2657028745447 0.14451751287960246
 119.15808660931157 0.14465271767271745
 121.07358846998308 0.14480748059584808
 123.01022690291029 0.14491846863246022
 124.96998346174216 0.14497641017000026
 126.9521976285957 0.14517049841811872
 128.95752992135388 0.14551980159217687
 130.9859803400167 0.1459654590512088
 133.03754888458423 0.14641579087258166
 135.11355659082236 0.1469390825079152
 137.21268242296517 0.14747042362747445
 139.33690793466158 0.1479002124441201
 141.48491209014566 0.148188226666271
 143.65867644306633 0.14837428044089188
 145.85687995765764 0.1485242824608984
 148.0801831518026 0.14858019178115692
 150.32990706126716 0.1487099606283043
 152.60539116816832 0.14905467856982846
 154.9066354725061 0.14953272759403485
 157.2349610100465 0.15012831072358634
 159.5897072629065 0.1508315312276582
 161.97219526685208 0.15164076285747305
 164.38176450400027 0.15250841076713226
 166.81907549223402 0.15321070752583518
 169.28412823155338 0.1535545093324111
 171.7782437577243 0.1536075291095532
 174.3001010349808 0.15354649937072012
 176.85168161697186 0.1535774348334816
 179.4329855036975 0.1539035859260568
 182.0433521772747 0.15441283060493163
 184.68344215558645 0.15487353113250482
 187.35457647439873 0.15528544665588737
 190.05609461582856 0.15580156807511653
 192.78865709775897 0.15644558574939965
 195.5522639201899 0.15702194044946352
 198.34823611888729 0.1574568820928994
 201.17591317596828 0.15787000013080857
 204.03595560931575 0.15826644916128255
 206.92836341892976 0.15858273148406676
 209.85445764057624 0.15895539639339723
 212.81423827425525 0.15968078347626508
 215.80704480208374 0.16076326183175396
 218.83485877771076 0.1620442982175897
 221.89701968325323 0.163381096580185
 224.99418803659415 0.1646798721103749
 228.1270243556166 0.16591225941268364
 231.2955286403205 0.16694988373532857
 234.4997008907059 0.16765587842609242
 237.74086214253867 0.16807582317520803
 241.01967291370195 0.16847183679026578
 244.33481216842966 0.16890401782611225
 247.6882614603708 0.1692231972433372
 251.08002078952538 0.16957021333463412
 254.51009015589338 0.1702733336326277
 257.9791300773578 0.17132095843689754
 261.48780107180164 0.1723895348372816
 265.0367636571079 0.1734153862661356
 268.62535731539356 0.17449619928755977
 272.2549030824246 0.17555814948936746
 275.926061476084 0.17653900792485716
 279.63883249637183 0.17744959351131714
 283.393216143288 0.17813714004711698
 287.19119397048155 0.17867352281083262
 291.03144494218645 0.17940012800784996
 294.9152900941687 0.18041099257033946
 298.8427294264283 0.18148945610346187
 302.8150839747313 0.18231450990840226
 306.8323537390776 0.1828962853679999
 310.8951992373502 0.18367292344819797
 315.004280987432 0.1849293206007282
 319.1589384714403 0.18627639179711256
 323.3611532430238 0.1873395574574791
 327.61026478429966 0.18811243264568675
 331.90759413103376 0.18872317381123024
 336.25314128322617 0.1894772933833477
 340.64756675875987 0.19052621275983103
 345.0915310755178 0.1917041791325324
 349.58569475138296 0.19268098786680302
 354.13005778635545 0.19313315446909438
 358.7259412162011 0.1931122956194521
 363.37334504091996 0.19287356152151178
 368.07226926051214 0.19245605220325807
 372.8246954286265 0.19215905997895835
 377.6299630273801 0.1923956423987682
 382.4893930925388 0.19291459340614162
 387.40298562410277 0.19321215377892148
 392.3714011399549 0.19324250269182772
 397.3953001579782 0.19319863009031527
 402.4753431960557 0.1932853369156062
 407.61219077207033 0.1934240231384454
 412.80650340390514 0.19320624153429555
 418.0589416094431 0.19280596011651766
 423.3695053886841 0.19274861052024786
 428.73885525951124 0.19277981139435338
 434.16831225769056 0.19207628881023495
 439.6585369011049 0.19031840417416795
 445.2088686718714 0.18803737792528818
 450.82128912363896 0.18581206983161988
 456.49645877429066 0.18365095095973236
 462.2337171059433 0.18141471781365387
 468.03504567224604 0.1792685585083342
 473.9004444731989 0.1775922773826211
 479.83057402668476 0.17636965387454004
 485.82609485058657 0.174827396523774
 491.8876674627874 0.17247271069392878
 498.01661289905337 0.16976810943854945
 504.21293115938425 0.16709276388519684
 510.47728276166316 0.16422855910842638
 516.8109887416559 0.16095884078686865
 523.2140490993628 0.1571418718916168
 529.6871243526666 0.1528109076877507
 536.2315355373332 0.148242486557462
 542.8479431712459 0.1435297861833728
 549.5363472544045 0.1386669627979136
 556.2980688225749 0.13378418624209149
 563.1337683936403 0.12884392520400936
 570.0441064854836 0.12349306360685837
 577.0304041338708 0.11753051649271497
 584.0920008209188 0.1110227229354151
 591.2308781002766 0.10443432406725851
 598.4476964898273 0.0984079331685512
 605.7424559895709 0.09302303762728129
 613.1171381531562 0.08801043012581941
 620.5710824627005 0.08314270894728058
 628.1062704718524 0.07830594737841122
 635.7233626984952 0.07343993855967174
 643.4223591426288 0.06836670346086468
 651.204580840019 0.06304104280678119
 659.0706883085492 0.05780212006617971
 667.0239841376339 0.05288167404763954
 675.0558815947944 0.048129145500284395
 683.1802515555736 0.043691999107058684
 691.3904888411416 0.039696651022868845
 699.6931986303282 0.035930973726776914
 708.0751705654736 0.03218693235917464
 716.5562201830675 0.028333876682295603
 725.1231371254502 0.024364455287503743
 733.7825265714514 0.020675177314900692
 742.5343885210713 0.01781786634286228
 751.3787229743098 0.015714559633644716
 760.315529931167 0.013834104867563464
 769.3514145704726 0.011956918466835022
 778.4863768922269 0.010295707767089103
 787.7072065387697 0.008973316064279696
 797.033719046591 0.007807471603617273
 806.4593092368609 0.006608882373537166
 815.9839771095793 0.00546257971341638
 825.6011174859165 0.00456176541609189
 835.3305459023617 0.0039303272932596205
 845.1524468224259 0.0034208230958252483
 855.086635782598 0.0029219337296376084
 865.1199024252189 0.002482293305695934
 875.2588519291181 0.002153598965037986
 885.5034842942958 0.0018694238703413097
 895.853799520752 0.0015472469875833159
 906.3164027873165 0.0012137444302256356
 916.8846889151594 0.0009414984670284119
 927.5652630831106 0.000748215435778507
 938.3581252911702 0.0006057014259950232
 949.2566703605081 0.00048647225318278935
 960.2741086487844 0.0003868605127739713
 971.397229798339 0.00031539671322983886
 982.6458493456619 0.00027491391240399464
 994.000151754263 0.0002572356746134681
 1005.4799525606322 0.00024962754276579085
 1017.07204140711 0.000244949898911833
 1028.7830234725259 0.00024421730396527566
 1040.6195039357099 0.00024079333560768183
 1052.5682724390022 0.00021541041870086787
 1064.6425393400627 0.00016398856421297064
 1076.8423046388914 0.00010595413652859477
 1089.1609631566585 0.00006206466252952338
 1101.6117252510232 0.000041858081286910665
 1114.1813805643262 0.000042019052036139244
 1126.8831394542276 0.00004950509579081546
 1139.7103967418968 0.000052409287399976016
 1152.6631524273341 0.000048051241682794306
 1165.7546168681997 0.00003905039051312548
 1178.9715797068332 0.000032618019993184176
 1192.3206461220648 0.000042898545992700936
 1205.8018161138941 0.00007226579847949421
 1219.4216948611518 0.0000984947838416604
 1233.1736771850074 0.00010153262556080206
 1247.0643682642908 0.00008593399031469207
 1261.0937680990023 0.00006624488906391296
 1275.2618766891417 0.00004946109618221265
 1289.5686940347089 0.0000358392088311327
 1304.0142201357041 0.000024537643348946266
 1318.5984549921275 0.00001558673149102118
 1333.3346089616384 0.000009442301306885717
 1348.2094716865772 0.000005920047455494558
 1363.2296483457737 0.000004028688456610856
 1378.3951389392284 0.0000028973918177305065
 1393.7059434669409 0.0000022413515229197384
 1409.168667107741 0.0000018779198490783331
 1424.7833098616288 0.000001570014333251051
 1440.5432665497747 0.0000012381198460628558
 1456.455142351008 9.165997981866133E-7
 1472.525542444159 6.165192040429341E-7
 1488.741256471568 3.535083688097295E-7
 1505.1220999697243 1.9255607361705301E-7
 1521.6482574021388 1.3410574769699703E-7
 1538.3395443053007 1.1110419069720734E-7
 1555.1827503215502 8.926000702060792E-8
 1572.1844806297177 6.518846844545576E-8
 1589.3513404086323 4.528015916534299E-8
 1606.6767244794646 3.62836487562187E-8
 1624.1672380210448 3.559498796387496E-8
 1641.8162758545425 3.5051716727146224E-8
 1659.6370483376174 3.0993248079547363E-8
 1677.6163451126101 2.4738738196170375E-8
 1695.7673765371803 1.8050322012148927E-8
 1714.0835374324981 1.20490376936563E-8
 1732.564827798563 7.433991592441493E-9
 1751.2178528142058 4.336384116138045E-9
 1770.049217658256 2.453201899803919E-9
 1789.0457119730536 1.3942091764429023E-9
 1808.2139409374286 8.052774462471679E-10
 1827.5539045513813 4.6024580522518836E-10
 1847.072207993741 2.5344791263802645E-10
 1866.768851264508 1.283161770924384E-10
 1886.6372291848527 5.914377617535651E-11
 1906.6905521124345 2.791856509895182E-11
 1926.9156096895938 1.5751748666671893E-11
 1947.3256122739908 1.0083063492457743E-11
 1967.9139546867946 5.916507390533471E-12
 1988.6806369280057 2.9633545008631933E-12
 2009.6388693552844 1.3146221525477392E-12
 2030.77544161097 6.797018992000756E-13
 2052.096958873893 4.681187880260628E-13
 2073.6034211440533 2.5579098504136666E-13
 2095.294828421451 1.2812433391220036E-13
 2117.1777858849155 4.278510539978309E-14
 2139.2456883556174 0.
 2161.5051410123865 0.
 2183.9561438552228 0.
 2206.5920917052963 0.
 2229.426194920267 0.
 2252.4518483213046 0.
 2275.6690519084095 0.
 2299.0844108604115 0.
 2322.69131999848 0.
 2346.4897793226164 0.
 2370.4929991904796 0.
 2394.69437442324 0.
 2419.0872998420673 0.
 2443.6849858046216 0.
 2468.480827132073 0.
 2493.474823824421 0.
 2518.673581060497 0.
 2544.070493661469 0.
 2569.6721668061687 0.
 2595.471995315765 0.
 2621.4831895479183 0.
 2647.692539144969 0.
 2674.113254464576 0.
 2700.73873032791 0.
 2727.5623615561412 0.
 2754.5973585069296 0.
 2781.8437211802743 0.
 2809.2948443973464 0.
 2836.950728158145 0.
 2864.817977641501 0.
 2892.896592847413 0.
 2921.1799685970527 0.
 2949.6747100692496 0.
 2978.3808172640024 0.
 3007.291685002483 0.
 3036.4205236423495 0.
 3065.754122825944 0.
 3095.3056929109243 0.
 3125.0620235396323 0.
 3155.0297198908966 0.
 3185.2153871435476 0.
 3215.605814939926 0.
 3246.214213637691 0.
 3277.0339780580125 0.
 3308.0651082008912 0.
 3339.307604066327 0.
 3370.7614656543196 0.
 3402.4266929648684 0.
 3434.3098911768047 0.
 3466.397849932468 0.
 3498.7037795895176 0.
 3531.214469790294 0.
 3563.9431308924577 0.
 3596.876552538348 0.
 3630.027945085625 0.
 3663.384098176629 0.
 3696.9582221690202 0.
 3730.7371067051376 0.
