 0.23242043961256936 0.00012897938289196983
 0.6999937738100791 0.0015906223348271177
 1.173068356907347 0.006004981744071273
 1.6517110056926296 0.014723790011971417
 2.135974470261919 0.0284905819247624
 2.6259408063200893 0.04731536017553786
 3.1216686250849115 0.07059935760859008
 3.6232223988959293 0.0973867950228428
 4.130672461214466 0.12661114443675858
 4.644089145501844 0.1572711147886668
 5.1635486463411615 0.18852533235226493
 5.689103713828411 0.21972201740136954
 6.220818820303137 0.2503905875018581
 6.758811188200878 0.2802178297239042
 7.303133567617624 0.30901913438473044
 7.853844569771145 0.3367054583906963
 8.411002805879209 0.36324665349906343
 8.974784109595122 0.38864038146897634
 9.545129869701116 0.41289925046191045
 10.122157308632726 0.4360540636900314
 10.705983648825493 0.4581553913428205
 11.296667501497181 0.47926122441337066
 11.89432608908333 0.4994191726293517
 12.49895941158394 0.5186627966242182
 13.110684691434546 0.537023259843321
 13.729619151070686 0.5545327343849286
 14.35582140171013 0.571212166171326
 14.989350054570647 0.5870734756460899
 15.630322332087774 0.6021413093087694
 16.278855456697045 0.6164676127846432
 16.93494942839846 0.6301293187826413
 17.59878008084533 0.643208069241876
 18.27034741403765 0.6557529672203117
 18.949885872846497 0.667760194246187
 19.6373368460541 0.6791941920292942
 20.332817556096 0.6900214916318985
 21.0365038366255 0.7002253913336041
 21.748454298860366 0.7098035987414153
 22.468727554018372 0.7187651524334286
 23.19749943575282 0.7271208594051948
 23.934769944063717 0.7348732085405372
 24.680656301386588 0.742021479373086
 25.435334341374748 0.7485681607866649
 26.198862675245962 0.7545099124371946
 26.971299914217994 0.7598219109833806
 27.752821891944162 0.7644784816236733
 28.543487219642227 0.7684872875003715
 29.343413119747723 0.7718840244472633
 30.152716814696188 0.7747081871208141
 30.97151552692317 0.776706303935141
 31.799867867646427 0.77872773449612
 32.63794967051927 0.7799455191522886
 33.48581954675946 0.7806665749947971
 34.3436533300203 0.7809277768024021
 35.211509631519576 0.7807695361887678
 36.08950567369282 0.7802130741633384
 36.97775867897556 0.7792473217427928
 37.8764444810211 0.7778439842478716
 38.78568030226499 0.775977452373968
 39.70552475392499 0.77365224541013
 40.63609505843664 0.770905565619828
 41.57756704945324 0.7677587650063918
 42.53005794941034 0.7641910810389765
 43.49368498074346 0.7601654424479966
 44.46856536588815 0.7556491007620877
 45.45487493849772 0.7506430384353909
 46.45267230978992 0.7452084296124153
 47.46213331341807 0.7394265559990881
 48.48343378303547 0.7333369777488181
 49.516632329859895 0.7269506983479838
 50.56190478754464 0.7202680452812985
 51.61936837852526 0.7132429087010812
 52.689198936455035 0.7058035039581
 53.77151368376952 0.6979113188500301
 54.86648845412203 0.6895521405402993
 55.974181858730304 0.6806824135619927
 57.09482834246543 0.671241094764486
 58.22860373898073 0.6611805678704153
 59.37550804827618 0.6505066359089061
 60.53601016009395 0.6392738054356981
 61.70999285199849 0.6274820437023199
 62.89745612398979 0.615152073941451
 64.09898608824557 0.6024414097506614
 65.3139966325881 0.5895234739349102
 66.54365998137278 0.5765453726275679
 67.78739002242193 0.5636795199806752
 69.04577286791321 0.5509671594190689
 70.31880851784663 0.5385048072375553
 71.60708308439989 0.526324085360084
 72.9100104553953 0.5143371885852319
 74.22759063083284 0.5024266022983538
 75.56099583506789 0.49048215409208473
 76.91022606810046 0.4784430628035716
 78.27469521775286 0.4662841383086406
 79.6549893962028 0.45399211747638907
 81.0516947156279 0.44157812168769256
 82.46422506385053 0.4291246901897786
 83.89375266522605 0.4167295706199768
 85.33969140757678 0.404327829309265
 86.8020412909027 0.39194444305152765
 88.2813884273815 0.3794171216428988
 89.77831892919089 0.36705365019582387
 91.29224668415316 0.3548920992734894
 92.82434391662366 0.3429764893711041
 94.37402451442478 0.3312681707427631
 95.94128847755644 0.3197594605970844
 97.52672191819637 0.30843573346675646
 99.13091094852223 0.29726195503711333
 100.75385556853405 0.28622298896469023
 102.39496966605412 0.2753445231504256
 104.05601157761551 0.26472486850535637
 105.73522296668514 0.25441924550189776
 107.43494828197379 0.24438636486735307
 109.15342918694837 0.23455766440207315
 110.89242401814197 0.22487377112747378
 112.65134666337688 0.21529563576629962
 114.4307832348308 0.2058266838086555
 116.2307337325037 0.1964730392186865
 118.0511981563956 0.18724178876559602
 119.89334873086189 0.1782064855160692
 121.75601323154716 0.16942969869949553
 123.6409499949845 0.16096774913692805
 125.54698679681853 0.1528104193053009
 127.47588197358229 0.14483429331542905
 129.42646330092043 0.13699244260784682
 131.39931689101064 0.12935301675146418
 133.39561496820826 0.12193725640480838
 135.41477142033565 0.11479765736747698
 137.45678624739276 0.10798911262717154
 139.522831673735 0.10150906125343136
 141.61232158718465 0.09534805203742057
 143.72642821209712 0.08949151845907617
 145.8645654362947 0.0839420803961073
 148.02731937195506 0.07876547058023724
 150.21469001907826 0.07406138190799448
 152.42784960201962 0.06986566740582913
 154.66562589642376 0.06612959079865618
 156.92977723882376 0.06277208652045943
 159.22030362921964 0.05969875055283578
 161.5366189554337 0.05680526853497774
 163.8793093296436 0.05401794265195675
 166.24954697620473 0.05133008173610354
 168.6467457829394 0.048749654145470576
 171.0714918620253 0.046269467660776754
 173.52378521346245 0.043917727885439066
 176.00479806160618 0.04175446735225505
 178.51394429427884 0.03981571265457302
 181.05181002365808 0.03808570260809458
 183.61839524974394 0.03650400318376326
 186.21487219689178 0.035031470053419986
 188.84124086510155 0.03354198451006372
 191.49691514219563 0.0320992388146412
 194.1836533647071 0.030658579196844615
 196.9008694204582 0.029207486571040657
 199.6491494216266 0.02774937856770095
 202.4290794803901 0.026302783616954224
 205.24065959674857 0.024906127465160986
 208.08388977070211 0.023595882084880136
 210.95994222660602 0.022373473999524312
 213.86940307663804 0.021211400387872
 216.81110009644277 0.02008588258486527
 219.78679162255327 0.018993067405363353
 222.79647765496955 0.01794023810939776
 225.8401581936916 0.016929338646228705
 228.91841935089707 0.015953352983351005
 232.03184723876373 0.014997808261329737
 235.1810279694692 0.014035165635624881
 238.36537543083585 0.01303787905703271
 241.58606184721899 0.01201281195018185
 244.84367333079632 0.011007327774237663
 248.13820988156786 0.010079803954254908
 251.4696714995336 0.009268851592942015
 254.83981652122662 0.00858207619528873
 258.2474727222915 0.008005902209975522
 261.69381232708366 0.00751869403191057
 265.1788353356031 0.007094399597153814
 268.7037139722051 0.006706069533649796
 272.2684482368898 0.006335754797225167
 275.87362424183476 0.00598122855732407
 279.5198280992177 0.00565364160294925
 283.20647369686105 0.00537236491690071
 286.93531937129774 0.0051586167577511955
 290.70577901035006 0.00502485084518517
 294.5190248383735 0.004964700221399903
 298.37505685536803 0.004970353073416338
 302.2744611735112 0.0049760695082035926
 306.2178239049809 0.005018952321516841
 310.20573116195465 0.005082391219311841
 314.23818294443254 0.005153790157047578
 318.3163514767699 0.00520941107777062
 322.44023675896676 0.0052320642433646815
 326.60983879102315 0.005206217643333961
 330.82691590947206 0.0050916285151327454
 335.0908820021358 0.00482676693485883
 339.4029092933698 0.004369448090117633
 343.762997783174 0.0037311042757717495
 348.17173358372617 0.002973272292902375
 352.6297028072039 0.002173474453917964
 357.1374915657849 0.0013845593904466486
 361.6956859716469 0.00046688338948675504
 366.30487213696756 -0.00012028778794880433
 370.96563617392457 -0.0008615380080727798
 375.67797808251794 -0.0015930319018531913
 380.44248397492527 -0.00227929963270338
 385.26032607550206 -0.0029256637441773116
 390.132090496426 -0.003590582746544838
 395.05719112551924 -0.004324306811225187
 400.03738629931496 -0.005120719964700169
 405.07326212999084 -0.005902957090884675
 410.16423250536917 -0.006590351500143696
 415.312055761983 -0.007178056222224423
 420.5167318998324 -0.007703088884715628
 425.778847031095 -0.00820143743776943
 431.0989872679484 -0.008733019139564152
 436.4777387225704 -0.00941582345757975
 441.9162736193164 -0.010314558096385781
 447.41459195818635 -0.011305148922522717
 452.9732798513579 -0.012183345684997075
 458.59350952318647 -0.012797075617271347
 464.275280973672 -0.012854391703041059
 470.0191803149923 -0.012661021169455989
 475.8263797715026 -0.012465519613664065
 481.69746545538067 -0.011772582918608221
 487.63243736662645 -0.010847260450870604
 493.6324677295954 -0.009746042668585924
 499.69814265646505 -0.008607740517327836
 505.8300482594133 -0.007581761038064751
 512.0293567627954 -0.006800660873309086
 518.2954820544336 -0.006386311035857769
 524.6301824708611 -0.006252825974182166
 531.0340441242555 -0.00625603198403183
 537.5070670146168 -0.006394418181931877
 544.051009478478 -0.006291693687829315
 550.6652854036616 -0.006187865123928963
 557.3516531267005 -0.00549464502360193
 564.1106987597725 -0.00473266826320275
 570.9424223028775 -0.003923107122450375
 577.8479959803709 -0.0030675901173288275
 584.8280059044304 -0.0025445156824313478
 591.8853826359444 -0.0025000371671023815
 599.012506716603 -0.00276276937627122
 606.2216865021376 -0.0031723135720405915
 613.5070608707713 -0.003641363443200174
 620.8744909442811 -0.00403550249605181
 628.3122544791131 -0.0043221060484525346
 635.837934840598 -0.004506438220683401
 643.4398097851821 -0.004452890307530732
 651.1237404346421 -0.004398764390689446
 658.8897267889781 -0.0031552786186399397
 666.7377688481902 -0.001898654128998979
 674.6678666122783 -0.006569377414173446
 682.6858812030191 -0.0074705151358082185
 690.791812620413 -0.0072012817421503094
 698.9739386209059 -0.006929517593526713
 707.2498425698285 -0.005755483519665632
 715.613663345404 -0.004542369974458659
 724.0654009476324 -0.003333537636913197
 732.5991942547369 -0.0022198483197756348
 741.2326266320478 -0.0008296111303576559
 749.9481147142347 0.0012833428385394471
 758.7632418666282 0.0034831961861416945
 767.6662858456747 0.005432400855539258
 776.6631077731506 0.007230489144757052
 785.7537076490564 0.008844405860247553
 794.9380854733921 0.00999058336389943
 804.2221023679342 0.010521319500163516
 813.599897210906 0.010187055852943798
 823.0773311240845 0.009077228497537336
 832.6544041074694 0.007737243575440751
 842.3252550392842 0.00653290603108704
 852.1016061630824 0.00515791469602208
 861.9717352353101 0.0033240639626259815
 871.9532256212983 0.001151538952389824
 882.0284939557162 -0.0011408700898916822
 892.2151236038943 -0.003498075388609313
 902.5013923222791 -0.005783756126455052
 912.8931612326472 -0.007612182403054297
 923.3962914567757 -0.0096347921815434
 933.9990607511107 -0.01257955175586431
 944.713191359206 -0.016062181393451395
 955.5386832810617 -0.019129504741732483
 966.4696753949007 -0.021506652091093776
 977.5178899442769 -0.021903866763180034
 988.6716046856365 -0.021737842207877927
 999.9425418625333 -0.021570072780738695
 1011.3248403531904 -0.02077524249187866
 1022.8185001576077 -0.020472860136501923
 1034.435243519339 -0.020306570603575567
 1046.1633481948309 -0.01915020570545155
 1058.0086753058595 -0.017690897143151613
 1069.9712248524254 -0.01745732849568414
 1082.0568579563055 -0.019004495966900212
 1094.2597134957225 -0.019677208288736186
 1106.5856525924537 -0.019157525575604434
 1119.0346752464989 -0.018632653448789477
 1131.6067814578578 -0.01541959809299652
 1144.301971226531 -0.011055920611018065
 1157.120244552518 -0.008697445785059509
 1170.0616014358193 -0.007650412313556045
 1183.137764119988 -0.00476958509099666
 1196.337010361471 -0.005377585535547947
 1209.6652012820446 -0.0053496992713317655
 1223.1223368817093 -0.005321543219159225
 1236.7084171604647 -0.0029450549655326186
 1250.4293032400878 -0.0007129201397673104
 1264.284995120579 0.0022173067764099615
 1278.2696316801605 0.005892566131914535
 1292.38907404061 0.006737056137255096
 1306.649183323704 0.003678830772797724
 1321.038237285889 0.003028415215941979
 1335.5738192924953 0.00307019696198747
 1350.2383459781925 0.003112349352554332
 1365.0494007083112 0.0017780248727392548
 1379.9952612392974 0.001001894354010128
 1395.0817886929285 -0.00048548289034804315
 1410.314844190981 -0.0029595246811142933
 1425.6885666116777 -0.006197260660363502
 1441.2088170767963 -0.007629034766418583
 1456.8697344645593 -0.007785038004489281
 1472.6830410185205 -0.009214267750810152
 1488.6370144951263 -0.011456617807248257
 1504.7433771379303 -0.014295629292685342
 1520.996267825156 -0.014948971087328611
 1537.395686556803 -0.015608203089280227
 1553.9474944546482 -0.01597791275467615
 1570.6575526404688 -0.015890077219729765
 1587.5141388707107 -0.01580147146788627
 1604.5231142671505 -0.01339702106297878
 1621.6844788297892 -0.007731851212145836
 1639.0040936804028 -0.003920633302923484
 1656.4819588189914 -0.002498410354038867
 1674.1122131237787 -0.00043608645847790535
 1691.9065788383175 0.0003887124739538386
 1709.853333719055 0.0004220766231299116
 1727.9642000095446 0.0019551439976612122
 1746.233316588009 0.001342148875587422
 1764.6606834544484 0.0009710189621108823
 1783.2580228524173 0.0005964657765316578
 1802.0136125383608 0.0002536968463158727
 1820.9333136340565 0.00008300070169286202
 1840.0171261395042 -0.00008917607863319689
 1859.2650500547038 -0.00016366714668427363
 1878.6829465014325 -0.0007402427134024398
 1898.264954357913 -0.0022235927799914767
 1918.0169347459223 -0.0031764275660073134
 1937.938887665461 -0.004395093680031117
 1958.0249519947508 -0.004444873148214132
 1978.2868499773472 -0.0037149256215604585
 1998.718720491472 -0.002978854728325091
 2019.3205635371257 -0.0004759695904104769
 2040.0982402360853 -0.0008209890388187337
 2061.0458894665735 -0.0009013132801926778
 2082.163511228591 -0.0008203962017586299
 2103.4628277656902 -0.000738782917542886
 2124.937977956096 -0.00046924532713607574
 2146.5831006780304 -0.00027238519443616394
 2168.409918175047 -0.00018071787408930994
 2190.41256932537 -0.00013989396372045545
 2212.591054128998 -0.00011319067677822151
 2234.9512337077094 -0.00009190980967792123
 2257.487246939726 -0.00007446697827554083
 2280.2049549468256 -0.000060189443823223354
 2303.09849660723 -0.00004854472469118098
 2326.1795941644946 -0.00003907774026169641
 2349.4365253750652 -0.000031402395226951544
 2372.8810124824945 -0.00002519450329933503
 2396.507194365007 -0.00002018409001073265
 2420.3092099008245 -0.00001614779179232362
 2444.298781333502 -0.0000129017757550715
 2468.475908663039 -0.00001029539696579028
 2492.834730767658 -0.000008205658060758915
 2517.37524764736 -0.000006532437989934294
 2542.1033204239216 -0.00000519445432692281
 2567.018949097342 -0.000004125870068868363
 2592.1162725458453 -0.000003273466722907231
 2617.4011518912084 -0.00000259430403490739
 2642.8735871334306 -0.0000020537924799409355
 2668.5277171507355 -0.000001624111511117167
 2694.3752641866763 -0.0000012829169119208776
 2720.4045059977 -0.0000010122866884160662
 2746.62716482736 -7.978643692350381E-7
 2773.031518432103 -6.281637162331652E-7
 2799.6234279337045 -4.940057717164319E-7
 2826.408754453943 -3.8806411316806556E-7
 2853.375775749264 -3.044975594930976E-7
 2880.536214063221 -2.3865437372560873E-7
 2907.884208274038 -1.8683423403946204E-7
 2935.4197583817136 -1.4609694337736725E-7
 2963.142864386249 -1.141088784183456E-7
 2991.0535262876447 -8.901996667020126E-8
 3019.151744085899 -6.936510702101935E-8
 3047.4433789027894 -5.398540573571704E-8
 3075.916708494763 -4.196520704033416E-8
 3104.583455105372 -3.258187858095077E-8
 3133.4318964910644 -2.5265780347260343E-8
 3162.473754895393 -1.956839975496249E-8
 3191.6973080748035 -1.5137010878620905E-8
 3221.1142782728507 -1.1694545931223799E-8
 3250.7129432459806 -9.023632349301831E-9
 3280.5050252377473 -3.8143641203633045E-9
 3310.4788020045958 -3.963732090541337E-9
 3340.6401346683037 -3.562210045822323E-9
 3370.9831621070944 -3.158269193605002E-9
 3401.519606564522 -2.421404616017719E-9
 3432.2318846752546 -1.8540402969863337E-9
 3463.1375798046233 -1.4177547474516138E-9
 3494.219108587298 -1.0827040889680595E-9
 3525.4881932668327 -8.257369206982667E-10
 3556.944833843226 -6.289172127114075E-10
 3588.577308072926 -4.783674269341076E-10
 3620.391477077708 -3.633645348965879E-10
 3652.387340857572 -2.756339410409585E-10
 3684.564899412519 -2.0879900056666037E-10
 3716.924152742549 -1.5795228954274727E-10
 3749.4592397258843 -1.1932222546939258E-10
 3782.176021484302 -9.001412511480867E-11
 3815.062775774249 -6.780936469006114E-11
 3848.1312248392787 -5.100984425916933E-11
 3881.375507557614 -3.831766920034289E-11
 3914.795623929255 -2.8742204804493244E-11
 3948.385712832424 -2.1528406245651933E-11
 3982.1516353888996 -1.6101600073463682E-11
 4016.0875304769042 -1.2025018615398337E-11
 4050.1933980964372 -8.967179224424468E-12
 4084.4692382474996 -6.676866411795018E-12
 4118.915050930091 -4.963969013531271E-12
 4153.53083614421 -3.684828262346516E-12
 4188.310732768082 -2.7310450151030155E-12
 4223.248879679929 -2.020946352634604E-12
 4258.356999123305 -1.493086907592139E-12
 4293.629229976433 -1.1013082990595299E-12
 4329.059711117536 -8.10987926152794E-13
 4364.648442546613 -5.961951890121596E-13
 4400.395424263667 -4.3753902347498184E-13
 4436.306517390472 -3.205409570183436E-13
 4472.364138561698 -2.344073030706492E-13
 4508.580010020901 -1.7110401014587686E-13
 4544.948270646301 -1.246605537865559E-13
 4581.463059316123 -9.064704172148611E-14
 4618.130237152142 -6.578198542420248E-14
 4654.943943032584 -4.763858169318283E-14
 4691.910038079223 -3.442509354324278E-14
 4729.010938926731 -2.482089694855659E-14
 4766.258367818659 -1.7854275336973647E-14
 4803.646463633233 -1.2811496734121516E-14
 4841.17522637045 -9.169248427225068E-15
 4878.838794908536 -6.5445321314031724E-15
 4916.6371692474895 -4.657570123638598E-15
 4954.570349387311 -3.304370865861635E-15
 4992.6324742062225 -9.118686752346218E-16
 5030.823543704226 -1.033325878277147E-15
 5069.143557881319 -9.204297185470323E-16
 5107.5925167375035 -8.071536696284696E-16
 5146.158698029226 -5.612609340255879E-16
 5184.853824000038 -3.881792764424668E-16
 5223.6603112846105 -2.668371056102153E-16
 5262.589882126498 -1.8214351329323038E-16
 5301.6308142821445 -1.2331961522897318E-16
 5340.783107751552 -8.268943171732386E-17
 5380.04676253472 -5.4802525289157334E-17
 5419.415917509871 -3.5793765471285434E-17
 5458.896433798783 -2.295221939480908E-17
 5498.476589157901 -1.4361298492374164E-17
 5538.162244709002 -8.6831916854133E-18
 5577.941678208533 -4.984389191856858E-18
 5617.820750778271 -2.6253067507606013E-18
 5657.793601296438 -1.1571848543500449E-18
 5697.854368641259 -2.7673882206725E-19
 5738.008913934508 2.2237428334872703E-19
 5778.245514932634 4.796694472083205E-19
 5818.570032757413 5.867468423926981E-19
 5858.9766062870685 6.049453578712081E-19
 5899.453513278046 5.730992902840239E-19
 5940.012475973899 5.161405552075673E-19
 5980.63004988752 4.521872640734537E-19
 6021.364846236679 3.842633910784187E-19
 6062.158253803607 3.2047824369568016E-19
 6102.951661370535 2.6355840070381636E-19
 6143.862291373 2.1319011864776473E-19
 6184.831532593232 1.7558246185041668E-19
 6225.8593850312345 1.3886587130981992E-19
 6266.945848687004 1.1252974057944442E-19
 6308.032312342774 8.750712483673083E-20
 6349.235998434083 6.779598366466152E-20
 6390.43968452539 5.679580553669219E-20
 6431.760593052234 4.2896302408603956E-20
 6473.022890361311 3.5887707736242284E-20
 6514.402410105923 2.555949549220569E-20
 6555.7819298505365 2.0928940892534706E-20
 6597.22006081292 1.8121946277612058E-20
 6638.658191775301 1.0807494637061847E-20
 6680.096322737682 7.765651564410792E-21
 6721.5930649178335 7.751304459105908E-21
 6763.148418315752 6.045723265835895E-21
 6804.703771713671 4.340142072565827E-21
 6846.200513893821 3.849309555678E-21
 6887.814478509509 -1.8982058679229388E-22
 6929.369831907428 3.5228966608651043E-22
