 0. 0.
 0.23242043961256936 0.000028924814753809175
 0.6999937738100791 0.0006009944690814094
 1.173068356907347 0.002817647435148264
 1.6517110056926296 0.00785616960618585
 2.135974470261919 0.016687985538028815
 2.6259408063200893 0.029862259784158202
 3.1216686250849115 0.047410762053018016
 3.6232223988959293 0.06890778204860895
 4.130672461214466 0.09362963924059246
 4.644089145501844 0.12072698706661016
 5.1635486463411615 0.1493578271046704
 5.689103713828411 0.17877129253818477
 6.220818820303137 0.20835080473232007
 6.758811188200878 0.23762796556637353
 7.303133567617624 0.2662760760911474
 7.853844569771145 0.29409062703296446
 8.411002805879209 0.32096300025495356
 8.974784109595122 0.34685262517100246
 9.545129869701116 0.3717621663330794
 10.122157308632726 0.3957177651564412
 10.705983648825493 0.4187525288629647
 11.296667501497181 0.440891145475924
 11.89432608908333 0.4621402010869164
 12.49895941158394 0.4824913877931218
 13.110684691434546 0.5019359983362652
 13.729619151070686 0.5204809330548594
 14.35582140171013 0.5381584284449535
 14.989350054570647 0.5550276676755739
 15.630322332087774 0.5711660733304487
 16.278855456697045 0.5866522595128599
 16.93494942839846 0.6015497957550249
 17.59878008084533 0.6158976617680476
 18.27034741403765 0.6297079429645415
 18.949885872846497 0.642969614515232
 19.6373368460541 0.6556585776098112
 20.332817556096 0.667751388119044
 21.0365038366255 0.6792347560171423
 21.748454298860366 0.6901088122403213
 22.468727554018372 0.7003808892166014
 23.19749943575282 0.7100458149655038
 23.934769944063717 0.7190753727327693
 24.680656301386588 0.7274336859955811
 25.435334341374748 0.7351020308752427
 26.198862675245962 0.74208688871438
 26.971299914217994 0.7484124827127048
 27.752821891944162 0.7541073569650132
 28.543487219642227 0.7591901044137866
 29.343413119747723 0.7636678610827243
 30.152716814696188 0.7675467155058079
 30.97151552692317 0.7705437753390989
 31.799867867646427 0.7735758044460355
 32.63794967051927 0.7757625701670697
 33.48581954675946 0.7774002548719279
 34.3436533300203 0.7784806750471935
 35.211509631519576 0.7789918500292257
 36.08950567369282 0.7789292625186183
 36.97775867897556 0.7783115054578531
 37.8764444810211 0.7771795618821187
 38.78568030226499 0.7755830566167711
 39.70552475392499 0.7735687993585512
 40.63609505843664 0.7711862839966005
 41.57756704945324 0.7685088348111285
 42.53005794941034 0.7656159300844337
 43.49368498074346 0.7625092065191994
 44.46856536588815 0.7590788740994332
 45.45487493849772 0.7551721957307345
 46.45267230978992 0.7506801015462915
 47.46213331341807 0.7455992526726305
 48.48343378303547 0.7399964265792282
 49.516632329859895 0.733911296939126
 50.56190478754464 0.7273673013347486
 51.61936837852526 0.7204433288354282
 52.689198936455035 0.7132601026310813
 53.77151368376952 0.7058620755665849
 54.86648845412203 0.6981454152237138
 55.974181858730304 0.6899890710720148
 57.09482834246543 0.6814017503697629
 58.22860373898073 0.6724914100259454
 59.37550804827618 0.6633074784615958
 60.53601016009395 0.6537907790544991
 61.70999285199849 0.6438559544863183
 62.89745612398979 0.6334311273220159
 64.09898608824557 0.6224826273139922
 65.3139966325881 0.6110992226689758
 66.54365998137278 0.5995098226242458
 67.78739002242193 0.5879297845188639
 69.04577286791321 0.5764448912138647
 70.31880851784663 0.5650603408769699
 71.60708308439989 0.5537375858865841
 72.9100104553953 0.5424121532506082
 74.22759063083284 0.5310522058284481
 75.56099583506789 0.5196324729306743
 76.91022606810046 0.5080626609436574
 78.27469521775286 0.49625689535101275
 79.6549893962028 0.48420828236103836
 81.0516947156279 0.47195104870024646
 82.46422506385053 0.4594950735060332
 83.89375266522605 0.4468516500269128
 85.33969140757678 0.43416969856662874
 86.8020412909027 0.4219915378702435
 88.2813884273815 0.4096718274102531
 89.77831892919089 0.39787956134133984
 91.29224668415316 0.3862468345031788
 92.82434391662366 0.37474576402885834
 94.37402451442478 0.36336183563898333
 95.94128847755644 0.3521624487500499
 97.52672191819637 0.3412695769928244
 99.13091094852223 0.3306976168041087
 100.75385556853405 0.3203162342758305
 102.39496966605412 0.3099183014100193
 104.05601157761551 0.2994783707533559
 105.73522296668514 0.28929311103420596
 107.43494828197379 0.2795118811926319
 109.15342918694837 0.26997708640066914
 110.89242401814197 0.2605638593372074
 112.65134666337688 0.25118250214839377
 114.4307832348308 0.24169997709332325
 116.2307337325037 0.23217068162237622
 118.0511981563956 0.2228785312766104
 119.89334873086189 0.213867311126208
 121.75601323154716 0.20494193275813663
 123.6409499949845 0.1961194964420308
 125.54698679681853 0.18755167868895256
 127.47588197358229 0.17923963828440162
 129.42646330092043 0.17108244304730738
 131.39931689101064 0.16298350787892607
 133.39561496820826 0.15493790957758644
 135.41477142033565 0.1470860968739434
 137.45678624739276 0.13953025238991748
 139.522831673735 0.13219912718430155
 141.61232158718465 0.1250532178011327
 143.72642821209712 0.1181244399427343
 145.8645654362947 0.11141757278094143
 148.02731937195506 0.10499125609948946
 150.21469001907826 0.09887817812436829
 152.42784960201962 0.09299659537676573
 154.66562589642376 0.08744361015347354
 156.92977723882376 0.08232903865772694
 159.22030362921964 0.07749396360579326
 161.5366189554337 0.07277781137082438
 163.8793093296436 0.06815428996091663
 166.24954697620473 0.06375905715063047
 168.6467457829394 0.05969894052410153
 171.0714918620253 0.05583697032589841
 173.52378521346245 0.05211139900123076
 176.00479806160618 0.04868830997285958
 178.51394429427884 0.04566306343124054
 181.05181002365808 0.04298521554499489
 183.61839524974394 0.04056145593010741
 186.21487219689178 0.038287999373495765
 188.84124086510155 0.03598836984072448
 191.49691514219563 0.03367422020453413
 194.1836533647071 0.03129083869952346
 196.9008694204582 0.028826760550736852
 199.6491494216266 0.026349574377500642
 202.4290794803901 0.023944560900466014
 205.24065959674857 0.021646477792495504
 208.08388977070211 0.019479349230254902
 210.95994222660602 0.01747159622849827
 213.86940307663804 0.015621553933256217
 216.81110009644277 0.013920680065884325
 219.78679162255327 0.012361829437148612
 222.79647765496955 0.010905552274934206
 225.8401581936916 0.009528448313638176
 228.91841935089707 0.008268663855358446
 232.03184723876373 0.007175805394381051
 235.1810279694692 0.006243583082294267
 238.36537543083585 0.005406002382717129
 241.58606184721899 0.004620473607639118
 244.84367333079632 0.003921162925573039
 248.13820988156786 0.0033524672061641457
 251.4696714995336 0.002906475414258904
 254.83981652122662 0.002544753319023349
 258.2474727222915 0.00223755961038289
 261.69381232708366 0.0019737249709502903
 265.1788353356031 0.0017481371926284775
 268.7037139722051 0.0015521857790052056
 272.2684482368898 0.0013769182937436435
 275.87362424183476 0.0012180895228920893
 279.5198280992177 0.0010763608907388973
 283.20647369686105 0.0009544277847309479
 286.93531937129774 0.0008535955079921851
 290.70577901035006 0.0007720424759042612
 294.5190248383735 0.0007055964714551473
 298.37505685536803 0.0006497874501189493
 302.2744611735112 0.0006016849546626074
 306.2178239049809 0.0005605104187133224
 310.20573116195465 0.0005267237950059515
 314.23818294443254 0.0005003707279049248
 318.3163514767699 0.00047978220621602694
 322.44023675896676 0.0004611936500975188
 326.60983879102315 0.00043969826418588685
 330.82691590947206 0.00041202393938315977
 335.0908820021358 0.00037964537754099783
 339.4029092933698 0.00034785335101921556
 343.762997783174 0.0003204863204186736
 348.17173358372617 0.0002971441119333181
 352.6297028072039 0.0002758310481537892
 357.1374915657849 0.0002558922581492765
 361.6956859716469 0.00023910732279524904
 366.30487213696756 0.00022213461717302042
 370.96563617392457 0.00020799496592854968
 375.67797808251794 0.00019470325761021618
 380.44248397492527 0.00018218751658082133
 385.26032607550206 0.0001703061942455072
 390.132090496426 0.00015848269988939754
 395.05719112551924 0.00014616490168251474
 400.03738629931496 0.00013308246216926133
 405.07326212999084 0.00011930593632890677
 410.16423250536917 0.00010526704704842751
 415.312055761983 0.00009154316411317695
 420.5167318998324 0.00007871015808885057
 425.778847031095 0.00006730541738765533
 431.0989872679484 0.00005763443060137629
 436.4777387225704 0.00004964223987263427
 441.9162736193164 0.00004294535332380384
 447.41459195818635 0.0000372935223880217
 452.9732798513579 0.00003274698361616106
 458.59350952318647 0.000029037997981804374
 464.275280973672 0.00002562986645191485
 470.0191803149923 0.000022020975661535957
 475.8263797715026 0.000018044832357554818
 481.69746545538067 0.000014068927357484357
 487.63243736662645 0.000010625306875973427
 493.6324677295954 0.000007913366472835714
 499.69814265646505 0.000005860725721565071
 505.8300482594133 0.000004322831499453774
 512.0293567627954 0.000003184717292731064
 518.2954820544336 0.000002421215786109065
 524.6301824708611 0.000001959721735601063
 531.0340441242555 0.0000016485847519199077
 537.5070670146168 0.000001381052932062065
 544.051009478478 0.0000011519596639332715
 550.6652854036616 9.952273782827434E-7
 557.3516531267005 9.033392888992881E-7
 564.1106987597725 8.231697288554603E-7
 570.9424223028775 7.263086820392235E-7
 577.8479959803709 6.214010876340911E-7
 584.8280059044304 5.188831642550404E-7
 591.8853826359444 4.084020996558321E-7
 599.012506716603 2.689438359967346E-7
 606.2216865021376 1.2942204208628412E-7
 613.5070608707713 6.238364553990892E-8
 620.8744909442811 6.566310507662837E-8
 628.3122544791131 6.897387210295851E-8
 635.837934840598 1.3335467855953915E-7
 643.4398097851821 2.618741773181729E-7
 651.1237404346421 4.3804609138887663E-7
 658.8897267889781 6.278055117804518E-7
 666.7377688481902 7.13512267093408E-7
 674.6678666122783 8.001151348592265E-7
 682.6858812030191 6.629320188660586E-7
 690.791812620413 4.471321481327679E-7
 698.9739386209059 2.7403750352581077E-7
 707.2498425698285 1.51608528979323E-7
 715.613663345404 5.563011205653019E-8
 724.0654009476324 -1.2620215035071927E-8
 732.5991942547369 -1.0604825178595262E-7
 741.2326266320478 -2.7248501246902103E-7
 749.9481147142347 -4.409522730477379E-7
 758.7632418666282 -5.618230149844231E-7
 767.6662858456747 -5.619736005382887E-7
 776.6631077731506 -3.7104145563328434E-7
 785.7537076490564 -1.7811913853382844E-7
 794.9380854733921 5.476690327712579E-7
 804.2221023679342 0.0000014394913358993334
 813.599897210906 0.000002255241105874342
 823.0773311240845 0.0000028017719428656157
 832.6544041074694 0.0000028701185519386242
 842.3252550392842 0.000002469851126490965
 852.1016061630824 0.0000018754944622649262
 861.9717352353101 0.0000013898217303578353
 871.9532256212983 0.000001149976045749282
 882.0284939557162 0.0000011886574984167177
 892.2151236038943 0.0000012277664947727402
 902.5013923222791 0.000001495467746092353
 912.8931612326472 0.000001855504364904699
 923.3962914567757 0.000002228910160446782
 933.9990607511107 0.000002631694638216955
 944.713191359206 0.000003157704693369985
 955.5386832810617 0.0000036451726262481695
 966.4696753949007 0.000003915536792833427
 977.5178899442769 0.000004047648487360389
 988.6716046856365 0.000004351233070179964
 999.9425418625333 0.000005127087688505939
 1011.3248403531904 0.00000600423181283227
 1022.8185001576077 0.0000063968467366822414
 1034.435243519339 0.000006426635052857895
 1046.1633481948309 0.000006341855294164001
 1058.0086753058595 0.00000610777695700257
 1069.9712248524254 0.000005707811012189166
 1082.0568579563055 0.000005149900508781804
 1094.2597134957225 0.000004371009086829222
 1106.5856525924537 0.000004180942617822178
 1119.0346752464989 0.000004181528533280609
 1131.6067814578578 0.000004182120241688488
 1144.301971226531 0.000003997284199732013
 1157.120244552518 0.000003649079239148761
 1170.0616014358193 0.000003326782627360254
 1183.137764119988 0.0000032850972309518605
 1196.337010361471 0.000003243019457436979
 1209.6652012820446 0.000002986402873241826
 1223.1223368817093 0.000002194014611750214
 1236.7084171604647 0.0000012546265534437408
 1250.4293032400878 5.667061960016229E-7
 1264.284995120579 9.495827519798892E-8
 1278.2696316801605 -4.262435861079769E-7
 1292.38907404061 -5.55807059514403E-7
 1306.649183323704 -5.103555468007666E-7
 1321.038237285889 -4.644930463026251E-7
 1335.5738192924953 -4.814707269062268E-7
 1350.2383459781925 -7.427890996336007E-7
 1365.0494007083112 -0.0000010658903799293
 1379.9952612392974 -0.0000010832866340201978
 1395.0817886929285 -0.0000011008466175613632
 1410.314844190981 -0.0000012140594128694813
 1425.6885666116777 -0.00000107735315139791
 1441.2088170767963 -9.393439328021326E-7
 1456.8697344645593 -4.7436168916110615E-7
 1472.6830410185205 -2.418234106628831E-7
 1488.6370144951263 -5.626571703271566E-7
 1504.7433771379303 -0.0000014716990259813643
 1520.996267825156 -0.0000018206790154585514
 1537.395686556803 -0.0000018656978938496641
 1553.9474944546482 -0.0000017284890050197887
 1570.6575526404688 -0.0000015899682748307017
 1587.5141388707107 -9.645163546023822E-7
 1604.5231142671505 -4.460228303349266E-7
 1621.6844788297892 -1.9975537907838075E-7
 1639.0040936804028 1.2649830188103693E-7
 1656.4819588189914 1.397554954131861E-7
 1674.1122131237787 2.1918687635962606E-7
 1691.9065788383175 3.450268244065425E-7
 1709.853333719055 2.456238604806283E-7
 1727.9642000095446 -4.144781946971226E-7
 1746.233316588009 -7.230743030365241E-7
 1764.6606834544484 -8.114709626790778E-7
 1783.2580228524173 -9.006829859124836E-7
 1802.0136125383608 -0.0000012923878376024619
 1820.9333136340565 -0.0000017385815331507088
 1840.0171261395042 -0.000001607651316330487
 1859.2650500547038 -0.000001475595163984783
 1878.6829465014325 -0.000002013072089072864
 1898.264954357913 -0.0000018570002997531915
 1918.0169347459223 -0.0000016995738016965333
 1937.938887665461 -0.000001260873651181377
 1958.0249519947508 -7.732755022377131E-7
 1978.2868499773472 -5.128761053329293E-7
 1998.718720491472 -4.2301535373553823E-7
 2019.3205635371257 -9.426191712756342E-8
 2040.0982402360853 -8.452848673378868E-8
 2061.0458894665735 -7.471543166260384E-8
 2082.163511228591 8.103551979310225E-9
 2103.4628277656902 -6.959959008557503E-9
 2124.937977956096 -3.689652902262161E-8
 2146.5831006780304 -3.879149518004291E-8
 2168.409918175047 -3.572138995662339E-8
 2190.41256932537 -3.262655241400337E-8
 2212.591054128998 -2.578434237924625E-8
 2234.9512337077094 -2.09129168153987E-8
 2257.487246939726 -1.7527240846323345E-8
 2280.2049549468256 -1.500891909720852E-8
 2303.09849660723 -1.292854559739617E-8
 2326.1795941644946 -1.105904618065566E-8
 2349.4365253750652 -9.30866991328839E-9
 2372.8810124824945 -7.657409741694338E-9
 2396.507194365007 -6.115343957252085E-9
 2420.3092099008245 -4.699992218291764E-9
 2444.298781333502 -3.4259204585451035E-9
 2468.475908663039 -2.3011466880530133E-9
 2492.834730767658 -1.3268839653762103E-9
 2517.37524764736 -4.986769566725172E-10
 2542.1033204239216 1.920651678508709E-10
 2567.018949097342 7.566011026413173E-10
 2592.1162725458453 1.2076346589601438E-9
 2617.4011518912084 1.5583774252559336E-9
 2642.8735871334306 1.8218745765952474E-9
 2668.5277171507355 2.010550781323374E-9
 2694.3752641866763 2.1359280335217366E-9
 2720.4045059977 2.2084715410832374E-9
 2746.62716482736 2.2375286439681227E-9
 2773.031518432103 2.2313313019920573E-9
 2799.6234279337045 2.1970414642245057E-9
 2826.408754453943 2.1408216436084335E-9
 2853.375775749264 2.0679207456490183E-9
 2880.536214063221 1.9827655273595873E-9
 2907.884208274038 1.889052907292954E-9
 2935.4197583817136 1.7898391331036019E-9
 2963.142864386249 1.6876233188526357E-9
 2991.0535262876447 1.5844243700338962E-9
 3019.151744085899 1.4818507725763722E-9
 3047.4433789027894 1.38116265660995E-9
 3075.916708494763 1.2833267242074633E-9
 3104.583455105372 1.1890643029754737E-9
 3133.4318964910644 1.0988933765791748E-9
 3162.473754895393 1.0131644612652115E-9
 3191.6973080748035 9.320915722764453E-10
 3221.1142782728507 8.557784110948869E-10
 3250.7129432459806 7.842410174068319E-10
 3280.5050252377473 7.199301230002191E-10
