 0. 0.
 0.27733945814849353 0.27733945814849353
 0.8352789206466484 0.8350849990240309
 1.3997828375944303 1.3983502239308985
 1.9709309392078262 1.9654545846811766
 2.5487861703941954 2.5338549644967534
 3.133446445453872 3.100339561843809
 3.724981703172811 3.661318844868507
 4.323468876215561 4.213135829874148
 4.928991891125267 4.752333422250032
 5.541634674445073 5.275855377923792
 6.16148814659672 5.781171555750042
 6.788615252487565 6.266337326605684
 7.42309292478216 6.729996147069123
 8.06506104105241 7.171342884491401
 8.714582546205671 7.590060547382064
 9.371727379027904 7.986242646086063
 10.036565478305056 8.360312979781432
 10.709306660394992 8.712948855049264
 11.38988098651176 9.045011167588257
 12.078428334227262 9.357485636539225
 12.77508858111341 9.651431759847258
 13.479931665956157 9.927944638019968
 14.193097466327409 10.188123017610533
 14.91458598222717 10.433045484684909
 15.644537091227342 10.663753092487118
 16.383090670899836 10.881237565409487
 17.13031666003061 11.086433792428252
 17.886284997405607 11.280219183683775
 18.651135560596746 11.463414313900321
 19.425008227175926 11.63678442369896
 20.20790299714315 11.80104199327678
 21.000029686856283 11.956849530559351
 21.801388296315324 12.104823431719593
 22.612258580664083 12.24553784169657
 23.432570601116613 12.379526369981658
 24.262464235244813 12.507283591931404
 25.102149299406555 12.629267836920036
 25.951695732387783 12.745903976491926
 26.81117347297446 12.857587499353702
 27.680792337524437 12.964684940320783
 28.56055232603773 13.067535167156977
 29.45059331608623 13.166447664788354
 30.351125124027806 13.261705323455713
 31.262217688648413 13.353565940027478
 32.183940948734 13.442264791678904
 33.11650472064243 13.52801592273169
 34.05997894315966 13.611015576226272
 35.014503493857596 13.691444338654506
 35.98021825030815 13.769471000478491
 36.957263090083224 13.84525598770287
 37.94570795196877 13.918949217142142
 38.94576265232265 13.990688166161243
 39.95749712993082 14.060594870049803
 40.98112120115115 14.128777637808277
 42.01670480476958 14.195338129765812
 43.06438781835803 14.260378864144624
 44.12431011948839 14.324004503899614
 45.19668152451854 14.38631971198568
 46.28164191102038 14.447422931632943
 47.379261217779856 14.50740381266752
 48.48967932236889 14.566343425984817
 49.61310604114534 14.624313191183147
 50.74968125168111 14.681378522609322
 51.899544831548106 14.737603547770549
 53.06283665831824 14.793053895486905
 54.23976654834937 14.847790905113108
 55.43040444042745 14.901870554172167
 56.63496015091035 14.955342600462311
 57.85364349615592 15.008249509690655
 59.08652441495013 15.060624954160307
 60.33381272365081 15.112498745655556
 61.5956482998299 15.163902411746829
 62.87224095984524 15.214872841836264
 64.16373058126875 15.265450571371561
 65.4703269804583 15.315674205540999
 66.79210009619982 15.365576344281349
 68.12932968363714 15.415186155957096
 69.48222555912811 15.46453345235252
 70.85078772267275 15.513646972885565
 72.23557568455868 15.562550738562276
 73.636449567214 15.61126319408372
 75.05340937063868 15.659801711784626
 76.48715448269229 15.708193100823522
 77.93698551551529 15.756472963762933
 79.40430124482674 15.804676045272316
 80.88840228276712 15.852827438724056
 82.38998801719596 15.900939583567704
 83.90905844811324 15.949012908749804
 85.44631296337853 15.997045484010942
 87.00105217513227 16.045042027763014
 88.57327608337448 16.093012620249628
 90.16438346382422 16.14097120223322
 91.7743743164815 16.188933430262374
 93.40254925348677 16.23691603325201
 95.04960766269959 16.284937884849736
 96.71624893197945 16.333017215283345
 98.40177367346688 16.381166035055863
 100.1075806628809 16.429391636258412
 101.83297051236201 16.47770517150094
 103.57794322191019 16.526119294706266
 105.34319817938497 16.57464901900317
 107.12943477264592 16.623319223290775
 108.93595361383348 16.67216315092565
 110.7641534786667 16.721203321600957
 112.6133349792861 16.770441880049386
 114.48349811569165 16.81987775390459
 116.37534227574288 16.869515018158673
 118.28956684729933 16.919353672811624
 120.22617183036101 16.9693913586575
 122.1844578370684 17.019637083573567
 124.16652303100007 17.070104788322258
 126.17026924857743 17.12079876236894
 128.19849404123863 17.17170613731751
 130.24909924540506 17.222793669811406
 132.32418302465535 17.274021682295995
 134.42304599112992 17.32536937086426
 136.54638753268836 17.376840810508295
 138.69420764933062 17.428452944616296
 140.86650634105672 17.480228078408153
 143.06468238358576 17.532187873683963
 145.2873370011986 17.584346056732894
 147.53656835747393 17.63670520123416
 149.81097767669266 17.689250508532258
 152.11266312243333 17.741959673407283
 154.44022591897698 17.794829049813686
 156.79436545418304 17.847873865353506
 159.17648050377065 17.90111342262088
 161.58587167988028 17.954562305798056
 164.02253898251186 18.008217726732543
 166.48788118738455 18.06204601312123
 168.98119890663875 18.11599633479954
 171.50389091599357 18.17003244578515
 174.0552578275895 18.224139976369077
 176.63599902928595 18.278312492353283
 179.2461145210831 18.33255535556947
 181.8870030786999 18.38687542916222
 184.5572659264173 18.441254911850272
 187.2590012278139 18.495663991849344
 189.9922089828898 18.550100953373285
 192.75618980378533 18.60460611739652
 195.55164307836012 18.659227954877682
 198.3799675823332 18.713971827648468
 201.240463927845 18.768803634459232
 204.13383150275519 18.82368477012169
 207.06007030706363 18.878572983401998
 210.02057911648944 18.933444896713922
 213.0146585431731 18.98831530871297
 216.04300797497416 19.043190224650647
 219.10562741189258 19.0980524866655
 222.20391562964747 19.152893086880262
 225.33787262823878 19.207695725326545
 228.50679901980703 19.26244731913499
 231.71279296793085 19.317145938046178
 234.95515508475063 19.371791367586845
 238.23458475812592 19.426375243299525
 241.55178137591633 19.48087118497223
 244.90674493812176 19.53523565453151
 248.2994754447423 19.58943412178117
 251.73137167149696 19.64345479069146
 255.2031330062453 19.697277286301908
 258.7133606732683 19.75084563108949
 262.2641528361445 19.804107493576762
 265.8555094948739 19.857051721153777
 269.48743064945654 19.909662228325416
 273.1606156877519 19.961874244164676
 276.87576399761963 20.013628145102977
 280.6335749669191 20.064909990377892
 284.433349207791 20.115711201058694
 288.27648549595426 20.16598330618675
 292.16368321926836 20.215657245369698
 296.09494237773345 20.26465945427653
 300.07026297134934 20.312902642287074
 304.0917431636949 20.36026734779092
 308.1579841790508 20.40665512755795
 312.2703847931363 20.45205675923763
 316.42894500595133 20.496501625667708
 320.63506359321497 20.54000624128984
 324.8887405549272 20.582523636458276
 329.1906752789476 20.623973383697436
 333.5415671531356 20.664308942308107
 337.94071678963184 20.703508864963464
 342.3902223520148 20.74153561884157
 346.88938445242496 20.778331081686733
 351.4396018665815 20.813845924647254
 356.04087459448425 20.848081863509282
 360.6939020239929 20.881094232376025
 365.3993835429669 20.912946515334873
 370.1580185392658 20.943699837267282
 374.96980701288965 20.973435269068638
 379.8361477395574 21.00219377513318
 384.75704071926924 21.029925597662672
 389.73248595202506 21.056537869731972
 394.7645816014035 21.081960244109098
 399.852628279545 21.10614639456811
 404.9980247621686 21.12910211188725
 410.20077104927435 21.15085978153002
 415.4615665287218 21.17140996667262
 420.7811105883705 21.19072821736247
 426.16010261607994 21.20882568620952
 431.59924199970965 21.22573154157825
 437.0992281271192 21.241454362399384
 442.6607603861682 21.256010448641316
 448.2838387768565 21.269446984423055
 453.96916268704365 21.281828526198336
 459.71813089244887 21.293224348832805
 465.5314427809316 21.303698794306932
 471.4083989646324 21.31331084276948
 477.3510976071297 21.322118187529604
 483.36023809628324 21.33016415218749
 489.4351210442333 21.337476403794742
 495.57784461455856 21.34408561202871
 501.7884088072591 21.350038961008416
 508.06751301019443 21.355392428256863
 514.415856611224 21.360184190015797
 520.8341389982073 21.364416391017905
 527.3237589468638 21.368080237859186
 533.884716457193 21.37119417524071
 540.5177109170546 21.373796808350757
 547.2241411021679 21.37593660814795
 554.0040070125326 21.37767598635335
 560.8580080360084 21.379089150717757
 567.7875429483144 21.380253097144475
 574.79331113731 21.381263695184405
 581.8753126029953 21.382241478814297
 589.0349461210894 21.383299475446506
 596.2729110794517 21.384493877077315
 603.5899068659419 21.38581095741755
 610.987332256279 21.387205462607625
 618.4644878626035 21.388640503245394
 626.023471848494 21.39009913594267
 633.6649836018099 21.391589725156912
 641.3890231225514 21.393116345880216
 649.197688574297 21.39461808770441
 657.0902805691874 21.395973558759664
 665.0688972708008 21.39707959740396
 673.134238066997 21.39788237084697
 681.286302957776 21.39833919890831
 689.5264907188567 21.398412548766046
 697.8555007380991 21.398100275687494
 706.2768299548003 21.3974587861422
 714.7813863267866 21.39661697856437
 723.3838569991082 21.395729917126946
 732.0772480931699 21.39487953061839
 740.8685534875668 21.394064103252553
 749.7437854251085 21.3932555390313
 758.7239255415809 21.392440326138736
 767.7949860797933 21.39163004613134
 776.963960918341 21.390843143710182
 786.2308500572242 21.39007382809702
 795.5956534964425 21.389312662468047
 805.0583712359964 21.388596536225407
 814.625997154481 21.38794089144441
 824.2985312518964 21.3873157018675
 834.0619857710517 21.386705096472827
 843.9373423477332 21.38608955819299
 853.9176071033454 21.385417827916875
 864.0027800378883 21.384623633404598
 874.1858672727667 21.383719843052248
 884.4878504437665 21.382914710403288
 894.8877479151018 21.38250227830847
 905.4065413225585 21.382613160988146
 916.0302429089461 21.38304596804345
 926.7658465528596 21.383429660720324
 937.6133522542993 21.383634268218223
 948.5727600132653 21.383822790221004
 959.6510637083528 21.384210557889972
 970.8412694609663 21.384880143433406
 982.1503711497014 21.385733318094452
 993.5783687745579 21.386676786001424
 1005.1182684569408 21.38770926031471
 1016.7840579540405 21.388807148974816
 1028.5617495086663 21.389943213876663
 1040.4723247566044 21.391031022293156
 1052.4948020620684 21.391976849406078
 1064.650163060845 21.39300331846786
 1076.924419995743 21.394548169418965
 1089.3245667453577 21.396867912288208
 1101.857597188285 21.399985495715292
 1114.5095235673336 21.40367357803588
 1127.2943336396945 21.40729152759776
 1140.212027405368 21.410088687962098
 1153.2556109857583 21.41188575947665
 1166.439072138056 21.412961557390126
 1179.7484231050707 21.413385142094892
 1193.1976516439931 21.412897215409654
 1206.779763876228 21.411507428631484
 1220.4947598017748 21.4099793065953
 1234.356627177825 21.408752519500986
 1248.3513782471873 21.40758985991388
 1262.4860068884573 21.406180985014835
 1276.7605131016348 21.404543267138582
 1291.1818907653158 21.40332741818095
 1305.743146000904 21.402740619319054
 1320.4512726869955 21.402015699672415
 1335.30627082359 21.401041776561357
 1350.3081404106874 21.400869340053692
 1365.4568814482882 21.401732380485075
 1380.7524939363916 21.403006995118204
 1396.1949778749986 21.404298124192987
 1411.7983210212992 21.405289634112044
 1427.5485356181025 21.4061535324365
 1443.4526155440046 21.407027296531297
 1459.5105607990051 21.40755232709194
 1475.722371383104 21.407108581899955
 1492.0950411748968 21.405530273119005
 1508.6285701743834 21.403327203707683
 1525.3159645029682 21.401061079155497
 1542.164218039247 21.39934700879575
 1559.180324661815 21.39882347954799
 1576.3502966134815 21.39934593642941
 1593.6951155300324 21.400258734659026
 1611.1937997756818 21.40144348499276
 1628.8673309862158 21.402695579932725
 1646.7017214044438 21.403183077671425
 1664.7039649089609 21.403243988079605
 1682.8810553783626 21.403208814463618
 1701.2259989340532 21.402992625409233
 1719.745789454629 21.40287252037902
 1738.4334330614936 21.40218406118798
 1757.3029175118381 21.400548488044414
 1776.340255048472 21.398969964790194
 1795.5594334285856 21.397438411181717
 1814.953458773584 21.395766163109275
 1834.522331083467 21.39414131362912
 1854.2730442368297 21.392564291687776
 1874.2125921122683 21.390737837335475
 1894.3269869525911 21.38910912733649
 1914.6232226363938 21.3880996016629
 1935.101299163677 21.38800630579122
 1955.768210413035 21.38949367790644
 1976.6239563844683 21.39149278323967
 1997.6615431993819 21.393324384950407
 2018.894958614966 21.395529599094413
 2040.3102148740304 21.398397750110536
 2061.9212997337654 21.402482822450636
 2083.7212193155756 21.4076248190566
 2105.7099736194614 21.412097015645863
 2127.9015504026133 21.41445450581032
 2150.28196190784 21.416531893886457
 2172.8582020137383 21.418984824655272
 2195.6302707203067 21.421615553763463
 2218.598168027546 21.42571864185809
 2241.7688878140516 21.43035104997873
 2265.1354362012275 21.43462314300873
 2288.7048070676697 21.43888622816146
 2312.4770004133784 21.442863849394172
 2336.4450223597573 21.446433971417232
 2360.6228606639984 21.44969675324691
 2385.003521447505 21.451732104562474
 2409.587004710278 21.45189295951365
 2434.3803043309126 21.450709067072985
 2459.376426430813 21.449855463465408
 2484.57537100998 21.449628121801076
 2509.991125825603 21.449257083047026
 2535.616696999088 21.448429216231638
 2561.445090651839 21.44692082573613
 2587.490294541047 21.445272813143
 2613.745314788117 21.444044095789273
 2640.210151393048 21.443121860735857
 2666.891798234436 21.442419675255653
 2693.7832614336853 21.442008530000447
 2720.8915348693918 21.44189464469501
 2748.2096246629594 21.442047135188727
 2775.7515185715797 21.44241881736258
 2803.5032288380617 21.442938486091517
 2831.4787432195953 21.443538582296043
 2859.671067837586 21.444175567902704
 2888.073208813438 21.444829282424287
 2916.699153904343 21.445492648242944
 2945.5489031102998 21.44616287720618
 2974.6154625527133 21.446838682474393
 3003.898832231584 21.447519849574313
 3033.406006025507 21.448204019299986
 3063.136983934482 21.448892478491025
 3093.084772079914 21.44958522714743
 3123.2563643403987 21.450280120536515
 3153.651760715935 21.45097715865828
 3184.2639673279286 21.451678486245413
 3215.1069719335696 21.45238195856523
 3246.166786775668 21.45308757561773
 3277.457399611413 21.45379533740291
 3308.964822683616 21.45450524392077
 3340.6960498708704 21.455217295171316
 3372.6580750517733 21.455933635887227
 3404.836910469133 21.456649976603135
 3437.2465438801396 21.45737060678441
 3469.879981406199 21.458093381698365
 3502.73722304731 21.458818301345
 3535.818268803474 21.459545365724324
 3569.1231186746904 21.46027671956901
 3602.6517726609586 21.461008073413698
 3636.411224640875 21.461743716723745
 3670.387486857248 21.462483649499163
 3704.5945470672686 21.463223582274576
 3739.0184175137456 21.46396780451536
 3773.673085953871 21.4647163162215
 3808.544564630453 21.46546697266033
 3843.6468413006824 21.466219773831842
 3878.965928207369 21.466976864468712
 3914.5158131077037 21.46773609983827
