 1.173068356907347 1.1523562628293236
 1.6517110056926296 1.6224011825492939
 2.135974470261919 2.079633324795816
 2.6259408063200893 2.5179622567062485
 3.1216686250849115 2.932055638659737
 3.6232223988959293 3.3184099667563234
 4.130672461214466 3.6756177042503193
 4.644089145501844 4.004033401086223
 5.1635486463411615 4.305342987145549
 5.689103713828411 4.5819351728661335
 6.220818820303137 4.836163416513788
 6.758811188200878 5.070703368069326
 7.303133567617624 5.288307340916054
 7.853844569771145 5.491203294718963
 8.411002805879209 5.68082239784143
 8.974784109595122 5.859531067922664
 9.545129869701116 6.029241107015805
 10.122157308632726 6.1903683838107915
 10.705983648825493 6.344284278606778
 11.296667501497181 6.491831636231349
 11.89432608908333 6.6340419129890975
 12.49895941158394 6.7715899391548255
 13.110684691434546 6.904428670629498
 13.729619151070686 7.033407099171134
 14.35582140171013 7.15936883115629
 14.989350054570647 7.282560323003618
 15.630322332087774 7.403130525557074
 16.278855456697045 7.521947824629141
 16.93494942839846 7.638501893947115
 17.59878008084533 7.752336390469265
 18.27034741403765 7.862780216969991
 18.949885872846497 7.970142499377499
 19.6373368460541 8.075337554574123
 20.332817556096 8.177209183340857
 21.0365038366255 8.276160375652594
 21.748454298860366 8.37268169138576
 22.468727554018372 8.465646430740595
 23.19749943575282 8.554850520610048
 23.934769944063717 8.640083716945433
 24.680656301386588 8.719712296379074
 25.435334341374748 8.793488535432836
 26.198862675245962 8.861760304800946
 26.971299914217994 8.923884267591843
 27.752821891944162 8.979949689932013
 28.543487219642227 9.030030186800646
 29.343413119747723 9.073159769404667
 30.152716814696188 9.108559725126169
 30.97151552692317 9.135666253454215
 31.799867867646427 9.153445370802896
 32.63794967051927 9.16186204840265
 33.48581954675946 9.16159748404407
 34.3436533300203 9.153253851051915
 35.211509631519576 9.136729859682488
 36.08950567369282 9.110336284423068
 36.97775867897556 9.072622339745337
 37.8764444810211 9.023747501907266
 38.78568030226499 8.965369023206598
 39.70552475392499 8.898329254465985
 40.63609505843664 8.822603727541862
 41.57756704945324 8.73902088571999
 42.53005794941034 8.648985489958914
 43.49368498074346 8.553290245655234
 44.46856536588815 8.451560366303967
 45.45487493849772 8.343011918653145
 46.45267230978992 8.226362522368586
 47.46213331341807 8.100933823182498
 48.48343378303547 7.968717244581058
 49.516632329859895 7.8318697788900735
 50.56190478754464 7.691903853625476
 51.61936837852526 7.549647881003053
 52.689198936455035 7.404368456657164
 53.77151368376952 7.254492034151397
 54.86648845412203 7.100040351960627
 55.974181858730304 6.942460426355761
 57.09482834246543 6.782711981989814
 58.22860373898073 6.620986902344371
 59.37550804827618 6.455953737753996
 60.53601016009395 6.290509587433557
 61.70999285199849 6.127430930982441
 62.89745612398979 5.96143983287426
 64.09898608824557 5.791054224797805
 65.3139966325881 5.61553045146642
 66.54365998137278 5.435173199106348
 67.78739002242193 5.250795700912756
 69.04577286791321 5.060906353334105
 70.31880851784663 4.865958797924539
 71.60708308439989 4.670479764434427
 72.9100104553953 4.480354140525446
 74.22759063083284 4.295673148504415
 75.56099583506789 4.1178352835926
 76.91022606810046 3.9505448842489783
 78.27469521775286 3.7935438504621573
 79.6549893962028 3.6448523999495253
 81.0516947156279 3.505294726968555
 82.46422506385053 3.3727175554359174
 83.89375266522605 3.2466092930942696
 85.33969140757678 3.1299174026579397
 86.8020412909027 3.0208012556163806
 88.2813884273815 2.9154613964693397
 89.77831892919089 2.8127223218142534
 91.29224668415316 2.7118041750240773
 92.82434391662366 2.6139385098188663
 94.37402451442478 2.520057223584391
 95.94128847755644 2.427796596558494
 97.52672191819637 2.337138690000856
 99.13091094852223 2.2497895967537866
 100.75385556853405 2.1658972652086144
 102.39496966605412 2.0831919515070276
 104.05601157761551 2.0036195796595186
 105.73522296668514 1.9301229259062784
 107.43494828197379 1.8655202305442686
 109.15342918694837 1.8107045566180118
 110.89242401814197 1.7642409304471347
 112.65134666337688 1.7261241770564442
 114.4307832348308 1.6942664736689614
 116.2307337325037 1.6654056867036362
 118.0511981563956 1.6360520759533637
 119.89334873086189 1.6053328975998602
 121.75601323154716 1.5715688076854057
 123.6409499949845 1.532940330041911
 125.54698679681853 1.4904077575031769
 127.47588197358229 1.446670702066234
 129.42646330092043 1.4030305044567326
 131.39931689101064 1.3595938648195909
 133.39561496820826 1.3166368478399066
 135.41477142033565 1.2722466510135164
 137.45678624739276 1.2262113724532069
 139.522831673735 1.180593633264103
 141.61232158718465 1.1355698063398905
 143.72642821209712 1.090642972409712
 145.8645654362947 1.0452174055632422
 148.02731937195506 0.9978551950451932
 150.21469001907826 0.9485432943865075
 152.42784960201962 0.9001566445671363
 154.66562589642376 0.8549989964450727
 156.92977723882376 0.8131744313207282
 159.22030362921964 0.7746867477692863
 161.5366189554337 0.7385786796238217
 163.8793093296436 0.7025060950419139
 166.24954697620473 0.6653227890275837
 168.6467457829394 0.6286586059552962
 171.0714918620253 0.5946989387867485
 173.52378521346245 0.5633733982624421
 176.00479806160618 0.533152285543945
 178.51394429427884 0.5034845197692118
 181.05181002365808 0.4757099615472619
 183.61839524974394 0.45151505984124496
 186.21487219689178 0.4308321958608537
 188.84124086510155 0.4120260807697358
 191.49691514219563 0.3933857118794875
 194.1836533647071 0.374679859938864
 196.9008694204582 0.3563182709878692
 199.6491494216266 0.3379689374152165
 202.4290794803901 0.3183625189242202
 205.24065959674857 0.29578255777706575
 208.08388977070211 0.26954198230590404
 210.95994222660602 0.24069208916591667
 213.86940307663804 0.21090141868107024
 216.81110009644277 0.18125083987361856
 219.78679162255327 0.15287829630458688
 222.79647765496955 0.12732693710034662
 225.8401581936916 0.10576979540440742
 228.91841935089707 0.08846730920143639
 232.03184723876373 0.0750565777756681
 235.1810279694692 0.06491370479725633
 238.36537543083585 0.056711466646427795
 241.58606184721899 0.04896340774989344
 244.84367333079632 0.0414881423688084
 248.13820988156786 0.03525651860544414
 251.4696714995336 0.030922888350800884
 254.83981652122662 0.0281718740378087
 258.2474727222915 0.02599423599544213
 261.69381232708366 0.023161432242546437
 265.1788353356031 0.018989433853273868
 268.7037139722051 0.013760150255297808
 272.2684482368898 0.008149951857991094
 275.87362424183476 0.002692295822488061
 279.5198280992177 -0.0022793583352761575
 283.20647369686105 -0.006421214764025246
 286.93531937129774 -0.009286849187948925
 290.70577901035006 -0.010867115468758912
 294.5190248383735 -0.011928501362798395
 298.37505685536803 -0.013307571126597357
 302.2744611735112 -0.015135695604043133
 306.2178239049809 -0.01708906354259363
 310.20573116195465 -0.01845875447632354
 314.23818294443254 -0.017784933728250032
 318.3163514767699 -0.01393087752071324
 322.44023675896676 -0.00830445423245913
 326.60983879102315 -0.004351628108337795
 330.82691590947206 -0.003969312983154022
 335.0908820021358 -0.005445751670727403
 339.4029092933698 -0.004805798955619767
 343.762997783174 0.0011879005892054951
 348.17173358372617 0.01174464567683865
 352.6297028072039 0.02142972569089234
 357.1374915657849 0.024512615524090533
 361.6956859716469 0.018688944343683407
 366.30487213696756 0.005123312811219729
 370.96563617392457 -0.012266453741897821
 375.67797808251794 -0.029447182066231047
 380.44248397492527 -0.04522545559745714
 385.26032607550206 -0.05821666309800501
 390.132090496426 -0.06230882696261898
 395.05719112551924 -0.05092867807056503
 400.03738629931496 -0.02631854327013567
 405.07326212999084 0.0012892968175746316
 410.16423250536917 0.025559084812345742
 415.312055761983 0.044424426927465885
 420.5167318998324 0.04989193436673153
 425.778847031095 0.0343542406178945
 431.0989872679484 0.006781506031957002
 436.4777387225704 -0.010681176557712016
 441.9162736193164 -0.006987232807694931
 447.41459195818635 0.0076932233643840124
 452.9732798513579 0.020443672029042587
 458.59350952318647 0.0277556974283167
 464.275280973672 0.03231972507145444
 470.0191803149923 0.04284898669834869
 475.8263797715026 0.06588482891141353
 481.69746545538067 0.09560920847020221
 487.63243736662645 0.12177891793365489
 493.6324677295954 0.13659003246118326
 499.69814265646505 0.13387094076130765
 505.8300482594133 0.11255982669902116
 512.0293567627954 0.07428235713642739
 518.2954820544336 0.02341320284007089
 524.6301824708611 -0.027039304790444623
 531.0340441242555 -0.06456686483555424
 537.5070670146168 -0.0844632754756949
 544.051009478478 -0.08533466276562872
 550.6652854036616 -0.07420660380666032
 557.3516531267005 -0.06769473766008825
 564.1106987597725 -0.07152515356690547
 570.9424223028775 -0.07567786301174392
 577.8479959803709 -0.0694670154961431
 584.8280059044304 -0.054488313971749684
 591.8853826359444 -0.04986282803208554
 599.012506716603 -0.07269201615574443
 606.2216865021376 -0.12269667374489311
 613.5070608707713 -0.182548804395427
 620.8744909442811 -0.23122505735179896
 628.3122544791131 -0.25304618050794253
 635.837934840598 -0.23067734010287433
 643.4398097851821 -0.17598959083903182
 651.1237404346421 -0.13364807548452887
 658.8897267889781 -0.11550323036921803
 666.7377688481902 -0.08390127823410426
 674.6678666122783 -0.01411416873527056
 682.6858812030191 0.05773352959843536
 690.791812620413 0.08067263537438027
 698.9739386209059 0.06418809535565445
 707.2498425698285 0.05066782476455413
 715.613663345404 0.05746994430504016
 724.0654009476324 0.09744873356399489
 732.5991942547369 0.16953280830660283
 741.2326266320478 0.22416363868572844
 749.9481147142347 0.22321640105341042
 758.7632418666282 0.19172972060386737
 767.6662858456747 0.1819010698107649
 776.6631077731506 0.20467360142464075
 785.7537076490564 0.23865294346145643
 794.9380854733921 0.29556027058475015
 804.2221023679342 0.34955056432447457
 813.599897210906 0.3267260523697267
 823.0773311240845 0.23617502891019795
 832.6544041074694 0.1401941714388678
 842.3252550392842 0.05031729387467479
 852.1016061630824 -0.03960386007618928
 861.9717352353101 -0.08396350019508196
 871.9532256212983 -0.0604389039682807
 882.0284939557162 -0.019391238551083826
 892.2151236038943 -0.009833924264935946
 902.5013923222791 -0.019646058081401956
 912.8931612326472 0.03115664730435254
 923.3962914567757 0.14132419267782012
 933.9990607511107 0.22296731621159757
 944.713191359206 0.2602889886979049
 955.5386832810617 0.22968224683076668
 966.4696753949007 0.08980700649831859
 977.5178899442769 -0.06884425517877542
 988.6716046856365 -0.13585094675973317
 999.9425418625333 -0.1515290159373797
 1011.3248403531904 -0.14372807431131673
 1022.8185001576077 -0.04790111411158754
 1034.435243519339 0.037454074055739306
 1046.1633481948309 -0.039089287107245345
 1058.0086753058595 -0.16994674411255106
 1069.9712248524254 -0.15765207628284603
 1082.0568579563055 0.011222218509899419
 1094.2597134957225 0.13004011487531672
 1106.5856525924537 0.06279160194491834
 1119.0346752464989 -0.06381359859813818
 1131.6067814578578 -0.15443831601151103
 1144.301971226531 -0.1762009352294664
 1157.120244552518 -0.12421496694502084
 1170.0616014358193 -0.049656257503298495
 1183.137764119988 0.04756324836385371
 1196.337010361471 0.07388713568219624
 1209.6652012820446 0.10054030084565464
 1223.1223368817093 0.1017698584540713
 1236.7084171604647 -0.08079671439338824
 1250.4293032400878 -0.1766048755068601
 1264.284995120579 0.022572123262416734
 1278.2696316801605 0.23192683006014594
 1292.38907404061 0.06674463643801189
 1306.649183323704 -0.2632406097943533
 1321.038237285889 -0.237248121717651
 1335.5738192924953 -0.0008763769056784476
 1350.2383459781925 0.011245874783992669
 1365.0494007083112 -0.07775284551853703
 1379.9952612392974 0.02516286105180184
 1395.0817886929285 0.2728368412064918
 1410.314844190981 0.29381942159629465
 1425.6885666116777 -0.04140039079266521
 1441.2088170767963 -0.4245993540126717
 1456.8697344645593 -0.6120555975603572
 1472.6830410185205 -0.5980426662806855
 1488.6370144951263 -0.4476241253981066
 1504.7433771379303 -0.22956209380907236
 1520.996267825156 -0.1512990224888268
 1537.395686556803 -0.1948594980437846
 1553.9474944546482 -0.11849670489448942
 1570.6575526404688 0.05795085975829261
 1587.5141388707107 0.1052728944877552
 1604.5231142671505 0.03384289942104943
 1621.6844788297892 0.13975528799757914
 1639.0040936804028 0.22519469006933482
 1656.4819588189914 0.1545845437170478
 1674.1122131237787 -0.01607729974241403
 1691.9065788383175 -0.04329897372862253
 1709.853333719055 0.15466415830937127
 1727.9642000095446 0.27385573786739126
 1746.233316588009 0.3973465094325922
 1764.6606834544484 0.7274639745709393
 1783.2580228524173 0.9484210496929703
 1802.0136125383608 0.9805657879709206
 1820.9333136340565 1.0364896903291811
 1840.0171261395042 1.1625466467894092
 1859.2650500547038 1.1923480143489475
 1878.6829465014325 0.9886715417616628
 1898.264954357913 0.692151962929621
 1918.0169347459223 0.3041042241513281
 1937.938887665461 -0.05575621153383958
 1958.0249519947508 -0.41245932301877464
 1978.2868499773472 -0.7056302307467469
 1998.718720491472 -0.7634163122017862
 2019.3205635371257 -0.5840500771883858
 2040.0982402360853 -0.35665910296080905
 2061.0458894665735 -0.19850494216651923
 2082.163511228591 -0.11125101322273084
 2103.4628277656902 -0.06379269040791961
 2124.937977956096 -0.03056004802346904
 2146.5831006780304 -0.00028926715372030315
 2168.409918175047 0.02474930319975792
 2190.41256932537 0.040136650041812154
 2212.591054128998 0.048427398200756415
 2234.9512337077094 0.05363973528732804
 2257.487246939726 0.05748261377336168
 2280.2049549468256 0.06051175705832238
 2303.09849660723 0.06289411075931872
 2326.1795941644946 0.06479978583135122
 2349.4365253750652 0.066355469852391
 2372.8810124824945 0.06761461479302787
 2396.507194365007 0.0686785751020722
 2420.3092099008245 0.0695596150747983
 2444.298781333502 0.07028667303457242
 2468.475908663039 0.07092349176719204
 2492.834730767658 0.07149567662158421
 2517.37524764736 0.07198554105195056
 2542.1033204239216 0.0724316775119906
 2567.018949097342 0.07286429682097188
 2592.1162725458453 0.07327450863914789
 2617.4011518912084 0.07364056208735777
 2642.8735871334306 0.07400523328369189
 2668.5277171507355 0.07436523834392426
 2694.3752641866763 0.07471521405415822
 2720.4045059977 0.07506884348791189
 2746.62716482736 0.0754123456407538
 2773.031518432103 0.07578094075930385
 2799.6234279337045 0.07613620043490202
 2826.408754453943 0.07651639124513025
 2853.375775749264 0.07688676882665013
 2880.536214063221 0.07725173505551444
 2907.884208274038 0.07765557749239772
 2935.4197583817136 0.07806264190131589
 2963.142864386249 0.07847308808350822
 2991.0535262876447 0.07890032222965898
 3019.151744085899 0.07932284615361147
 3047.4433789027894 0.07975665542824657
 3075.916708494763 0.08022147649361842
 3104.583455105372 0.08068956785285558
 3133.4318964910644 0.0811749341424975
 3162.473754895393 0.08166369556321877
 3191.6973080748035 0.08215586349595178
 3221.1142782728507 0.08267923384862136
 3250.7129432459806 0.08320629703696555
 3280.5050252377473 0.08375065629047546
 3310.4788020045958 0.08432106059970812
