 0. 0.
 0.27733945814849353 0.11980824615382267
 0.8352789206466484 0.3590034781261093
 1.3997828375944303 0.5989916970473793
 1.9709309392078262 0.8374285561602782
 2.5487861703941954 1.070599792581075
 3.133446445453872 1.2943524107520432
 3.724981703172811 1.5049190508921446
 4.323468876215561 1.699379370574939
 4.928991891125267 1.875799817875078
 5.541634674445073 2.0331895810518157
 6.16148814659672 2.171371473591537
 6.788615252487565 2.2908184852354765
 7.42309292478216 2.392483770696139
 8.06506104105241 2.4776407363983934
 8.714582546205671 2.547743471454329
 9.371727379027904 2.604314993194649
 10.036565478305056 2.6488645135237343
 10.709306660394992 2.682832387347024
 11.38988098651176 2.7075585666177977
 12.078428334227262 2.724268630261365
 12.77508858111341 2.734067503647391
 13.479931665956157 2.7379388112114595
 14.193097466327409 2.7367496645126383
 14.91458598222717 2.731259094384856
 15.644537091227342 2.722128060604152
 16.383090670899836 2.7099308942436857
 17.13031666003061 2.6951649937479623
 17.886284997405607 2.678262706844324
 18.651135560596746 2.659601011962309
 19.425008227175926 2.6395094506656687
 20.20790299714315 2.618274690432278
 21.000029686856283 2.596143144808524
 21.801388296315324 2.5733256711152834
 22.612258580664083 2.550003370877655
 23.432570601116613 2.5263363336386226
 24.262464235244813 2.5024665206652528
 25.102149299406555 2.4785151127211686
 25.951695732387783 2.4545816686819943
 26.81117347297446 2.4307450647279545
 27.680792337524437 2.4070677059054386
 28.56055232603773 2.3836040307277826
 29.45059331608623 2.3604064030206
 30.351125124027806 2.337522297706789
 31.262217688648413 2.3149919105870627
 32.183940948734 2.2928492418782223
 33.11650472064243 2.271124974466519
 34.05997894315966 2.2498503449783898
 35.014503493857596 2.2290500936594593
 35.98021825030815 2.208731166559618
 36.957263090083224 2.18888217040975
 37.94570795196877 2.169487168150972
 38.94576265232265 2.150543256566194
 39.95749712993082 2.1320628050483332
 40.98112120115115 2.114057902637422
 42.01670480476958 2.0965280319801765
 43.06438781835803 2.079465906505661
 44.12431011948839 2.0628628966160574
 45.19668152451854 2.0467108923135062
 46.28164191102038 2.031003033393123
 47.379261217779856 2.015728914131289
 48.48967932236889 2.000874041547803
 49.61310604114534 1.986420369197537
 50.74968125168111 1.9723465971978869
 51.899544831548106 1.958625276253651
 53.06283665831824 1.9452283471932552
 54.23976654834937 1.9321384887664828
 55.43040444042745 1.9193503481927097
 56.63496015091035 1.9068677885346157
 57.85364349615592 1.8946971407784086
 59.08652441495013 1.8828429998864125
 60.33381272365081 1.8713074232164537
 61.5956482998299 1.860084875561717
 62.87224095984524 1.8491583947202466
 64.16373058126875 1.8385140068737649
 65.4703269804583 1.8281528023621816
 66.79210009619982 1.8180798757703225
 68.12932968363714 1.8082902637840144
 69.48222555912811 1.7987716377138623
 70.85078772267275 1.7895239391355875
 72.23557568455868 1.78056199425444
 73.636449567214 1.7718986279637297
 75.05340937063868 1.7635370929004197
 76.48715448269229 1.7554623641501692
 77.93698551551529 1.7476440297430238
 79.40430124482674 1.7400532817282004
 80.88840228276712 1.7326659926553647
 82.38998801719596 1.7254611294983522
 83.90905844811324 1.7184242301285841
 85.44631296337853 1.7115312834759615
 87.00105217513227 1.704750145721927
 88.57327608337448 1.698059943510659
 90.16438346382422 1.691441087775896
 91.7743743164815 1.6848800591148
 93.40254925348677 1.6783686696019784
 95.04960766269959 1.6718867819760093
 96.71624893197945 1.6654171468695653
 98.40177367346688 1.658955512818404
 100.1075806628809 1.6524873876347634
 101.83297051236201 1.6459914420441915
 103.57794322191019 1.6394708104087057
 105.34319817938497 1.632951535323128
 107.12943477264592 1.6264545192168287
 108.93595361383348 1.619996782665299
 110.7641534786667 1.6136122359953164
 112.6133349792861 1.6073284666588736
 114.48349811569165 1.601132469155194
 116.37534227574288 1.594990024822036
 118.28956684729933 1.5888803749893063
 120.22617183036101 1.582777380504757
 122.1844578370684 1.5766461089404726
 124.16652303100007 1.570472316528186
 126.17026924857743 1.5642674533725778
 128.19849404123863 1.558034897756122
 130.24909924540506 1.5517603690526456
 132.32418302465535 1.545424946801313
 134.42304599112992 1.5390080480431167
 136.54638753268836 1.5324992394655612
 138.69420764933062 1.5259082123054946
 140.86650634105672 1.5192406635072242
 143.06468238358576 1.5124979532515737
 145.2873370011986 1.505683394623805
 147.53656835747393 1.4987973426434176
 149.81097767669266 1.491856983615528
 152.11266312243333 1.4848595734088879
 154.44022591897698 1.477761019666185
 156.79436545418304 1.4705053516756956
 159.17648050377065 1.4630523154918271
 161.58587167988028 1.4553833763363977
 164.02253898251186 1.4475145348386727
 166.48788118738455 1.4394964213633121
 168.98119890663875 1.431385256775098
 171.50389091599357 1.423191360379245
 174.0552578275895 1.4149148228209367
 176.63599902928595 1.4065684764667878
 179.2461145210831 1.3981628327354838
 181.8870030786999 1.3897025915540457
 184.5572659264173 1.381184668148908
 187.2590012278139 1.3725809274798488
 189.9922089828898 1.3638349393469398
 192.75618980378533 1.3548862688697458
 195.55164307836012 1.345680437339551
 198.3799675823332 1.3362283435987319
 201.240463927845 1.3266007314298673
 204.13383150275519 1.3168373109779292
 207.06007030706363 1.306979419894122
 210.02057911648944 1.2970115338259767
 213.0146585431731 1.286821843759622
 216.04300797497416 1.2763545297199053
 219.10562741189258 1.2656340326721476
 222.20391562964747 1.2546828623264166
 225.33787262823878 1.2435485608047425
 228.50679901980703 1.2322296168428144
 231.71279296793085 1.2206674228081886
 234.95515508475063 1.2087928592181332
 238.23458475812592 1.1965691599480062
 241.55178137591633 1.1839664743664988
 244.90674493812176 1.170962097081286
 248.2994754447423 1.1575441190599876
 251.73137167149696 1.143691085542517
 255.2031330062453 1.129399898515342
 258.7133606732683 1.1147473986935938
 262.2641528361445 1.0998091954021454
 265.8555094948739 1.084537305505887
 269.48743064945654 1.0689165014981477
 273.1606156877519 1.0530488735854748
 276.87576399761963 1.0369996103125503
 280.6335749669191 1.0207394374569299
 284.433349207791 1.0042392390945223
 288.27648549595426 0.9874961598814277
 292.16368321926836 0.9704466523866088
 296.09494237773345 0.9530370838830445
 300.07026297134934 0.935312758881513
 304.0917431636949 0.917415590865762
 308.1579841790508 0.8993944622631023
 312.2703847931363 0.8811790243818816
 316.42894500595133 0.862705571729758
 320.63506359321497 0.8439505118758012
 324.8887405549272 0.8250273705890204
 329.1906752789476 0.8060790544788061
 333.5415671531356 0.7871206053320766
 337.94071678963184 0.768147440393771
 342.3902223520148 0.7492576583999118
 346.88938445242496 0.730491354843165
 351.4396018665815 0.7117974227024014
 356.04087459448425 0.693089903572747
 360.6939020239929 0.6742781007144584
 365.3993835429669 0.6553188893629263
 370.1580185392658 0.636175162041429
 374.96980701288965 0.6166915364604451
 379.8361477395574 0.5968376042906908
 384.75704071926924 0.5768323999276023
 389.73248595202506 0.5568548226623948
 394.7645816014035 0.5369713210621394
 399.852628279545 0.5172377156954302
 404.9980247621686 0.4975646099052079
 410.20077104927435 0.4777734881968406
 415.4615665287218 0.45791624920970364
 420.7811105883705 0.43820103582174835
 426.16010261607994 0.4187905834389061
 431.59924199970965 0.39973629343316747
 437.0992281271192 0.38118970572137967
 442.6607603861682 0.3633621086339562
 448.2838387768565 0.3463168937402936
 453.96916268704365 0.3300271486293395
 459.71813089244887 0.31451513572755674
 465.5314427809316 0.2998078926317967
 471.4083989646324 0.285852036492785
 477.3510976071297 0.27259272276822843
 483.36023809628324 0.2600861622509079
 489.4351210442333 0.24839134314841343
 495.57784461455856 0.2375442540476068
 501.7884088072591 0.22760453549069748
 508.06751301019443 0.21853305303863962
 514.415856611224 0.2102100501345828
 520.8341389982073 0.20256095948165537
 527.3237589468638 0.19554030813389894
 533.884716457193 0.1891864006516342
 540.5177109170546 0.1835651418920966
 547.2241411021679 0.1785729855742209
 554.0040070125326 0.17404059982567646
 560.8580080360084 0.1700627639675538
 567.7875429483144 0.16692916309599704
 574.79331113731 0.16477742381454638
 581.8753126029953 0.163467456141234
 589.0349461210894 0.16270397587937335
 596.2729110794517 0.16214102339041675
 603.5899068659419 0.16149455143276825
 610.987332256279 0.16062979397877478
 618.4644878626035 0.15969948290287223
 626.023471848494 0.1591382545290278
 633.6649836018099 0.15921509704549985
 641.3890231225514 0.15970681174421103
 649.197688574297 0.1602248901745915
 657.0902805691874 0.1605942779041537
 665.0688972708008 0.16079339701040848
 673.134238066997 0.16079412077556737
 681.286302957776 0.16052374227796937
 689.5264907188567 0.15985407336765647
 697.8555007380991 0.1586851231384533
 706.2768299548003 0.15715835143546658
 714.7813863267866 0.15570685862479805
 723.3838569991082 0.15484457242300592
 732.0772480931699 0.154848906529382
 740.8685534875668 0.15542111817674115
 749.7437854251085 0.15581337395985873
 758.7239255415809 0.15566902265561763
 767.7949860797933 0.15535609350796037
 776.963960918341 0.15530706427303795
 786.2308500572242 0.1555001540354136
 795.5956534964425 0.15561984815446586
 805.0583712359964 0.15543339568547182
 814.625997154481 0.1550473538180954
 824.2985312518964 0.15478200696941555
 834.0619857710517 0.15483522055882246
 843.9373423477332 0.1549505079063358
 853.9176071033454 0.15464388540261215
 864.0027800378883 0.15407182645010264
 874.1858672727667 0.15379399672634866
 884.4878504437665 0.15389989768288775
 894.8877479151018 0.15418595427185464
 905.4065413225585 0.15476098718234788
 916.0302429089461 0.1558465144667727
 926.7658465528596 0.1572411713161868
 937.6133522542993 0.15875273212625812
 948.5727600132653 0.16029247960588083
 959.6510637083528 0.1615620196881287
 970.8412694609663 0.1621325165384411
 982.1503711497014 0.16166290750447776
 993.5783687745579 0.15998922791342157
 1005.1182684569408 0.15705281272051805
 1016.7840579540405 0.15301510962202022
 1028.5617495086663 0.14855318878767848
 1040.4723247566044 0.14445005327879987
 1052.4948020620684 0.14135826051388703
 1064.650163060845 0.14038846429055682
 1076.924419995743 0.1418029211394679
 1089.3245667453577 0.14445053730792348
 1101.857597188285 0.14762857028941234
 1114.5095235673336 0.1510172181778598
 1127.2943336396945 0.15379175949079207
 1140.212027405368 0.15525977940762534
 1153.2556109857583 0.15618802352165137
 1166.439072138056 0.15748277443826694
 1179.7484231050707 0.15923453225802517
 1193.1976516439931 0.16051199884957706
 1206.779763876228 0.16128295653838662
 1220.4947598017748 0.162334893234576
 1234.356627177825 0.16382908937435167
 1248.3513782471873 0.16563698996134102
 1262.4860068884573 0.1671187349048764
 1276.7605131016348 0.167942236482584
 1291.1818907653158 0.1693563972592245
 1305.743146000904 0.17104027994895887
 1320.4512726869955 0.17146771617712037
 1335.30627082359 0.17082420045108127
 1350.3081404106874 0.16961407123627906
 1365.4568814482882 0.16836906567491233
 1380.7524939363916 0.16756317698138706
 1396.1949778749986 0.16677062502692094
 1411.7983210212992 0.1662934981802384
 1427.5485356181025 0.16574509572073765
 1443.4526155440046 0.16490254475723407
 1459.5105607990051 0.1651629173067677
 1475.722371383104 0.16792542798564072
 1492.0950411748968 0.17272765874459797
 1508.6285701743834 0.17707928341405751
 1525.3159645029682 0.17924572309276993
 1542.164218039247 0.18014256731266098
 1559.180324661815 0.18051918514009116
 1576.3502966134815 0.18016409940024572
 1593.6951155300324 0.178039803213591
 1611.1937997756818 0.17592557423925692
 1628.8673309862158 0.17450672396364814
 1646.7017214044438 0.17342645188821335
 1664.7039649089609 0.17486935979727586
 1682.8810553783626 0.1791518292329882
 1701.2259989340532 0.18224301571249804
 1719.745789454629 0.18248158913558013
 1738.4334330614936 0.18026092624086626
 1757.3029175118381 0.17621793020897034
 1776.340255048472 0.1717931159717706
 1795.5594334285856 0.1687655614721937
 1814.953458773584 0.1661054325758922
 1834.522331083467 0.1637781042973185
 1854.2730442368297 0.16359865134475343
 1874.2125921122683 0.16286478361381157
 1894.3269869525911 0.15930836588538452
 1914.6232226363938 0.15610569685932746
 1935.101299163677 0.15394453606144454
 1955.768210413035 0.14980802419039896
 1976.6239563844683 0.14699825386674853
 1997.6615431993819 0.14401582922313097
 2018.894958614966 0.13984736486045266
 2040.3102148740304 0.1371595855933278
 2061.9212997337654 0.13718331074842124
 2083.7212193155756 0.13979723813203807
 2105.7099736194614 0.1418948318780404
 2127.9015504026133 0.14194635503143124
 2150.28196190784 0.14206213730815387
 2172.8582020137383 0.14092228813100335
 2195.6302707203067 0.1378381635185257
 2218.598168027546 0.13657133652809186
 2241.7688878140516 0.13628806223001175
 2265.1354362012275 0.136038862323283
 2288.7048070676697 0.13079317941417726
 2312.4770004133784 0.12121751729080868
 2336.4450223597573 0.11179219907209914
 2360.6228606639984 0.10316663810229713
 2385.003521447505 0.09575397034148184
 2409.587004710278 0.08957465456453019
 2434.3803043309126 0.08173097598968154
 2459.376426430813 0.0738254935481964
 2484.57537100998 0.0699659927606364
 2509.991125825603 0.0671624400699336
 2535.616696999088 0.06313427888875606
 2561.445090651839 0.059888681840239974
 2587.490294541047 0.057087535130225915
 2613.745314788117 0.053643691821367356
 2640.210151393048 0.04666209533766711
 2666.891798234436 0.037416203230287756
 2693.7832614336853 0.02931473322291167
 2720.8915348693918 0.023329649537695476
 2748.2096246629594 0.01890681514563288
 2775.7515185715797 0.015578939457639183
 2803.5032288380617 0.01304913334603192
 2831.4787432195953 0.011045533230945337
 2859.671067837586 0.009413649294369164
 2888.073208813438 0.008067775395105557
 2916.699153904343 0.0069446878101593786
 2945.5489031102998 0.005997498275807336
 2974.6154625527133 0.00519222369997137
 3003.898832231584 0.00450364836978667
 3033.406006025507 0.003912387239874364
 3063.136983934482 0.0034030835114834813
 3093.084772079914 0.002963296825373847
 3123.2563643403987 0.0025827848379241757
 3153.651760715935 0.002253015294595833
 3184.2639673279286 0.0019668188126212073
 3215.1069719335696 0.0017181327821785464
 3246.166786775668 0.0015018050590865548
 3277.457399611413 0.0013134405460488534
 3308.964822683616 0.001149278357115968
 3340.6960498708704 0.0010060922039082107
 3372.6580750517733 0.0008811082886395117
 3404.836910469133 0.0007719374415895476
 3437.2465438801396 0.0006765183746399779
 3469.879981406199 0.0005930699571954869
 3502.73722304731 0.0005200510597197
 3535.818268803474 0.0004561265223365627
 3569.1231186746904 0.0004001382593299705
 3602.6517726609586 0.00035108067986864584
 3636.411224640875 0.00030807967804754926
 3670.387486857248 0.0002703747454439904
 3704.5945470672686 0.0002373035500273066
 3739.0184175137456 0.00020828882143251006
 3773.673085953871 0.00018282696982322832
 3808.544564630453 0.00016047837000770468
 3843.6468413006824 0.00014085895642204334
 3878.965928207369 0.00012363296804646304
 3914.5158131077037 0.00010850669392377579
 3950.2825082444942 0.00009522304437081227
 3986.2730074963374 0.00008355687230913813
 4022.4803169846377 0.00007331088787656981
 4058.9184244665857 0.00006431213924687685
 4095.5663483063954 0.000056408941642981585
 4132.445070139853 0.00004946820282940304
 4169.53360833117 0.00004337310513795911
 4206.845950637542 0.00003802108095133589
 4244.382097058965 0.000033322044323196945
 4282.12805983825 0.00002919685500947185
 4320.090832853991 0.000025575967362340536
 4358.270416106189 0.000022398260882782396
 4396.666809594844 0.00001961000460077584
 4435.280013319957 0.000017163960798821784
 4474.10303340293 0.00001501859516456038
 4513.142863722361 0.000013137384584818423
 4552.385516521058 0.00001148821251515069
 4591.844979556212 0.000010042835082705851
 4631.514258949227 0.000008776416214190458
 4671.393354700103 0.000007667116071249544
 4711.475272930245 0.000006695730541308702
 4751.76700751825 0.000005845376206965348
 4792.26156458552 0.0000051012100075508145
 4832.958944132056 0.000004450185324898269
 4873.859146157859 0.000003880835977122257
 4914.962170662928 0.000003383086811926047
 4956.268017647263 0.000002948086697254802
 4997.769693232268 0.000002568061394481931
 5039.460203539349 0.0000022361843209081012
 5081.353536325696 0.000001946462411052098
 5123.442697712714 0.000001693635988283064
 5165.720693821807 0.0000014730901540533891
 5208.187524652975 0.0000012807770392544096
 5250.843190206219 0.0000011131472962851094
 5293.694684360134 9.670896231714039E-7
 5336.7210254789325 8.398777839451995E-7
 5379.936201319808 7.291236015442251E-7
 5423.333218004162 6.327359339249251E-7
 5466.905081653401 5.488844028900179E-7
 5510.65878614612 4.759674056121935E-7
 5554.587337603723 4.1258412756339766E-7
 5598.697729904807 3.5750982619595793E-7
 5642.9689814135845 3.0967414125392405E-7
 5687.415079887247 2.6814200750857657E-7
 5732.029031447198 2.3209689254376468E-7
 5776.8108360934375 2.0082606082144917E-7
 5821.753499947373 1.737076569165575E-7
 5866.857023009001 1.5019932624810386E-7
 5912.121405278322 1.2982826578143916E-7
 5957.539652876742 1.1218247305309251E-7
 6003.111765804261 9.690308838156967E-8
 6048.837744060878 8.367766569123914E-8
 6094.7175876465935 7.223429426273282E-8
 6140.737308804218 6.233643717590257E-8
 6186.910895290939 5.377842166933386E-8
 6233.217365470973 4.638148240623194E-8
 6279.67070710151 3.999031314673684E-8
 6326.256932425359 3.447004265271112E-8
 6372.976041442521 2.9703595281240838E-8
 6419.828034152994 2.558938796354784E-8
 6466.805916678185 2.2039315203909452E-8
 6513.916682896689 1.8976992907193855E-8
 6561.146345051314 1.6336225123066913E-8
 6608.501897020655 1.405967089852463E-8
 6655.969351047523 1.209767738908959E-8
 6703.555701010512 1.0407267551419546E-8
 6751.253953031027 8.951257104210127E-9
 6799.057113230473 7.697485037512962E-9
 6846.9721754874445 6.618148053260075E-9
 6894.985152044753 5.689216449129373E-9
 6943.103036780991 4.889932193762299E-9
 6991.318835817565 4.202368661438897E-9
 7039.618561397283 3.611050374345553E-9
 7088.016201277337 3.1026231081560206E-9
 7136.4837799433435 2.665566585587381E-9
 7185.091236181259 2.289946662692149E-9
 7233.768631205128 1.9672005749131743E-9
 7282.446026228998 1.6899489184388071E-9
 7331.263298824774 1.4518353918622997E-9
 7380.150510206504 1.247387388121386E-9
 7429.1076603741885 1.0718937738942567E-9
 7478.134749327826 9.213023712381261E-10
 7527.161838281465 7.921280616653328E-10
 7576.328804807011 6.813759699905767E-10
 7625.495771332556 5.864736048783677E-10
 7674.80261543001 5.052131550874398E-10
 7724.03952074151 4.357018875197086E-10
 7773.4163036249165 3.763200977355773E-10
 7822.793086508324 3.256828095130042E-10
 7872.239808177686 2.8260926160796826E-10
 7921.686529847047 2.4609855698973135E-10
 7971.133251516408 2.1530349589836817E-10
 8020.649911971724 1.8951893789034977E-10
 8070.236511212991 1.6816355921047043E-10
 8119.82311045426 1.5077290604493997E-10
 8169.339770909575 1.369955417165602E-10
 8218.9963089368 1.2659088941330637E-10
 8268.582908178068 1.1943276277281848E-10
 8318.239446205289 1.1558032878202322E-10
 8367.826045446558 1.1502657067194562E-10
