 0.21152862247037635 0.999987539869001
 0.637072707369058 0.9994652075940953
 1.0676235447012705 0.9975083160032191
 1.503241945225316 0.9933993361089416
 1.943975917434591 0.9867319055180134
 2.389900141207711 0.9774640534090977
 2.841067959315118 0.9658383094329381
 3.2975380488042942 0.9522226760347542
 3.7593744209997704 0.937067928578098
 4.226641087226073 0.9208388457591661
 4.699407393084776 0.9039829592278993
 5.177721347069275 0.8868713798845624
 5.661641626227055 0.8697326340403629
 6.151274916098995 0.8527849314520257
 6.646669225178492 0.8362143756063428
 7.147877896235989 0.8200983211201235
 7.6549542720419215 0.8043913000739699
 8.168058380907613 0.789186033664378
 8.687136880062626 0.7745086735315276
 9.212296455047838 0.7602220814810982
 9.743643791404129 0.7463602846299505
 10.28123223190194 0.73292475105137
 10.825168462082154 0.7199492114295487
 11.375452481944768 0.7074171694428639
 11.932190977030665 0.6952287067750924
 12.495490632880722 0.6833777563404051
 13.065404792265385 0.6718542999917259
 13.64198679795509 0.6605883386290416
 14.225343335490718 0.6495143621283497
 14.815581090413152 0.6386535076046825
 15.412700062722392 0.6279393918459663
 16.016860280729755 0.6173481824367919
 16.628061744435247 0.6068494673865814
 17.246517824920623 0.5964698482012736
 17.872175179415446 0.5862489050983039
 18.505140493460598 0.5760562594991987
 19.145573795367397 0.5658811147525518
 19.793528427906285 0.5557443394146594
 20.449057733847702 0.545595765448773
 21.11232174150297 0.5354655144846298
 21.783320450872093 0.5253784657607645
 22.46216054749594 0.5152688667485464
 23.14900205968584 0.5051509319326536
 23.843898330212237 0.4950505326006512
 24.54690270184556 0.48490816727987723
 25.258175202897142 0.47469519045791403
 25.977769176137418 0.4644030820294431
 26.705791307107262 0.45400161206758116
 27.442348281347567 0.44348380417380573
 28.187546784399206 0.4328462351580248
 28.941440159032627 0.42204223522368095
 29.70418843355914 0.4110441463592849
 30.475844950749188 0.3998435696295911
 31.256569738914102 0.3884579330084813
 32.04641614082431 0.3769451606173645
 32.8454908420207 0.36534389575085563
 33.653900528044154 0.35367639403700546
 34.471805227205984 0.34195855014979853
 35.29931162504708 0.33021702753743837
 36.13647306433788 0.31845465239421217
 36.983396230619256 0.3066640635278264
 37.840241152202545 0.2948705856360678
 38.707114514628614 0.2831139976821011
 39.58412300343835 0.2714168183785303
 40.47137330417264 0.2597931845242069
 41.36902544514278 0.24829226396768336
 42.27713276911924 0.2369607226934642
 43.195855304413335 0.22580392405500394
 44.125353079336364 0.2148304732665039
 45.0656794366588 0.20404982546833766
 46.016994404691935 0.19349291527930293
 46.97940466897667 0.1831954253449797
 47.953070257824315 0.17317511464652346
 48.93809785677575 0.1634467525656845
 49.934647494142304 0.15403031817504556
 50.94277251269441 0.14491540465185604
 51.96268628351383 0.13606737960360607
 52.994548834911896 0.12749450137706167
 54.038360166888594 0.11921307978413984
 55.094547021607454 0.11127150660333338
 56.1630027135276 0.10370387697897415
 57.243727242649015 0.09645891784116606
 58.337254036676114 0.08954516634332689
 59.4430496679045 0.08294967876670374
 60.56218099174297 0.07669389895769248
 61.694114580487124 0.07080611891685493
 62.83938386184136 0.06527279391357137
 63.997988835805685 0.060093750230286055
 65.17046293008451 0.05524765308452916
 66.35627271697341 0.05069319779383316
 67.55541819647239 0.04638827712990716
 68.76896622399028 0.04238321375052143
 69.99691679952706 0.03874477802563626
 71.23873649537832 0.03546650269889983
 72.49495873924849 0.03251642267058293
 73.76611695884193 0.029872231575046232
 75.05167772645429 0.027499666854406506
 76.35270789749433 0.02539315840099436
 77.66867404425768 0.023534110580798427
 78.99957616674433 0.021861972563027365
 80.34594769265867 0.020343435556161617
 81.70832204970513 0.01898950296499523
 83.08616581017927 0.017800691482528285
 84.48054582948993 0.01674790191129516
 85.89092867993268 0.015818494300251458
 87.31731436150756 0.014996292218609935
 88.76023630191894 0.01423022102861975
 90.22022792887121 0.013493088691726069
 91.6972892423644 0.01282299441272737
 93.19088681469411 0.012247122392359191
 94.70262092897353 0.011744974912419711
 96.23089130208945 0.011277184363095086
 97.77783164485949 0.010832445968355428
 99.34184167417045 0.010391440288291968
 100.92452167313553 0.009920377994340163
 102.52533821405034 0.009411402381561674
 104.14482472461927 0.00887674145490637
 105.78298120484229 0.008337753960236194
 107.43980765471946 0.007806704547957161
 109.11637092965955 0.007313480663024438
 110.81160417425376 0.006874103347763873
 112.5271076716153 0.006477252009386895
 114.26181456633537 0.006114341313956691
 116.01732514152717 0.00578712113252556
 117.79257254178191 0.0054918747791960956
 119.58809019480395 0.005212027023060143
 121.40494495600215 0.00493527346169114
 123.2426033976721 0.004645102290054777
 125.10106551981377 0.004329667511124025
 126.981398177836 0.004007376766146242
 128.88306794403434 0.0037033613512456667
 130.80714167381763 0.0034263844659720055
 132.75308593948148 0.003173079633472803
 134.72143416873024 0.002935133274293836
 136.712186361564 0.0027111899420048306
 138.72640937339148 0.002511295298585506
 140.7630363488039 0.0023415880940106607
 142.82366757091447 0.0021945612512309738
 144.90830303972322 0.0020611815729247736
 147.01640932752574 0.0019395208826494537
 149.14851986202638 0.0018292537652261022
 151.30570149863397 0.0017251231774874274
 153.48742080964414 0.0016212454157648593
 155.69421122276128 0.0015146926111290848
 157.92607273798538 0.0014035528710686248
 160.18407221072525 0.0012863570873973837
 162.4676762132765 0.0011620097915443603
 164.77741817334348 0.0010316386538281271
 167.11329809092626 0.0009012421556983554
 169.47638282143362 0.0007806176252181945
 171.86667236486554 0.0006778140118834566
 174.28363329351762 0.000594569147556436
 176.72886589050313 0.000528350906711188
 179.2018367281176 0.00047679963452766964
 181.7030792340654 0.00044004968236243855
 184.23312683605107 0.0004196595497703891
 186.79197953407447 0.00041752986773840146
 189.37963732813571 0.0004356705093197583
 191.99716707364348 0.000475161180975923
 194.64510219830228 0.0005334628903615384
 197.32237584670327 0.0006007938776557629
 200.03058830195968 0.0006617361545739104
 202.76973956407147 0.0007025065529264485
 205.53982963303866 0.0007180753281707453
 208.34139193656563 0.0007146646023973824
 211.17495990235685 0.0007045987577239448
 214.04106695811666 0.0006974245279344706
 216.9391796761407 0.0006943113566450472
 219.87036491183775 0.0006872979123663423
 222.83515609291217 0.0006636311068336144
 225.83355321936406 0.0006131875799652974
 228.86555629119334 0.00053437669454438
 231.9327655915133 0.0004342875446593804
 235.03411426491502 0.0003213021871384441
 238.1706691668074 0.00020014154691006482
 241.3424302971904 0.0000743115987031208
 244.55046451147282 -0.000047489829556261797
 247.79477180965472 -0.00014835100738669793
 251.07588561944044 -0.00020940487882830936
 254.39433936853436 -0.00022183543035288896
 257.7495996292322 -0.00019221388173583826
 261.143266684647 -0.0001366780268510442
 264.5748071070745 -0.00007335046373015453
 268.0452877519234 -0.00001878442501258869
 271.55470861919383 0.000018168937126287855
 275.1036031365901 0.000040412353301293554
 278.6925047318166 0.00005559247664283048
 282.3219468325778 0.00006926535351001767
 285.9919294388736 0.0000827442129788686
 289.7035194061129 0.00009036464712840225
 293.4567167342957 0.00008112466079974686
 297.25152142342193 0.00004754315192169643
 301.0895337566049 -0.0000063505679979436325
 304.9702203061401 -0.00006451565614746105
 308.8946479274364 -0.00011165511579770538
 312.86281662049373 -0.00015115317891880616
 316.8752598130166 -0.00019542079392961733
 320.93251093270936 -0.0002369651279919194
 325.03510340727644 -0.0002459018790138521
 329.1835706644222 -0.0002051640495445463
 333.37844613185104 -0.00012929638247717002
 337.6202632372674 -0.00003938940061132516
 341.90902198067124 0.000042447716344620376
 346.24525578976693 0.000086815092956676
 350.63003151996344 0.00007739626396367977
 355.06388259896505 0.000026826525680565687
 359.54627559906737 -0.00001873521979699743
 364.0788108033836 -0.000024566034968029308
 368.6620216396182 -0.00003019261880547074
 373.2953746800667 -0.0000967238181551369
 377.9804702078423 -0.00021233116385714734
 382.71730822294506 -0.0003122826886038163
 387.5064221530794 -0.0003616594303745683
 392.3483454259496 -0.0003681499958946845
 397.2436114692602 -0.00033025126387841553
 402.19328713842 -0.0002199063285135478
 407.1973724334289 -0.000023065921242650544
 412.2564007819914 0.0001992060186955757
 417.3714390395162 0.0003293004584565507
 422.54248720600333 0.00032306514242284314
 427.77007870915736 0.00024611176769946344
 433.05528040438685 0.00017589906836078077
 438.39862571939636 0.00014839423229014262
 443.80011465418585 0.0001583994798863665
 449.26081406416415 0.000163613200111701
 454.78125737703556 0.00013070047082872763
 460.3619780205046 0.00008997596150921232
 466.00404284998007 0.00006500161518196358
 471.7069184377575 0.000023774839690064062
 477.47220506695015 -0.000039284909144530294
 483.3004361652624 -0.00009129304296719291
 489.1916117326943 -0.00010954612820390776
 495.14733205235893 -0.00008776928057975894
 501.167063696552 -0.00003707048230015964
 507.25240694838675 0.000007640243813340492
 513.4038952355676 0.000002089611862939453
 519.6215285580944 -0.00007821750413463732
 525.9063737713759 -0.00019873213749237677
 532.2589643031168 -0.00028568758996140776
 538.681967291839 -0.0002946147476983779
 545.168448177385 -0.00025758097803073803
 551.7296089415477 -0.000257299709338951
 558.3601153072827 -0.0003279806005714472
 565.0653015516343 -0.0004217231931635712
 571.8344991205142 -0.00044990467750365387
 578.6837108450547 -0.00035587049020044116
 585.6022681711677 -0.0001940050216196759
 592.5955053758971 -0.00008877498099245119
 599.6634224592431 -0.00008487008050718102
 606.8060194212054 -0.0001458141600157453
 614.0232962617843 -0.00023510370470523144
 621.3205872580237 -0.0002651044039328912
 628.6978924099236 -0.00015642072369066807
 636.144543163396 -0.000017399966191624626
 643.6765423495729 -0.000007608245957308334
 651.2885556914104 -0.00009061153339041962
 658.9805831889083 -0.00013284341459391077
 666.7472905650228 -0.00006779454559218974
 674.6046806508857 0.00007936811448786736
 682.5367506153653 0.00024360011088108314
 690.5595032895934 0.00036545717758619604
 698.6622701194821 0.00042553822579243156
 706.8503853820752 0.0004794459059304139
 715.1238490773729 0.0005545286412405928
 723.4826612053753 0.0006265379385290396
 731.9321560431262 0.0006745898759500298
 740.4669993135816 0.0006553665854289251
 749.0925252937856 0.0005263521212890703
 757.8087339837382 0.0003033124804048791
 766.6102911063955 0.00011828627295853841
 775.5078652158453 0.00004288435886863545
 784.4907877579996 0.00008836575859667372
 793.5750615639906 0.0002671228929165669
 802.7446838026862 0.00042861453451192676
 812.0156573052183 0.0004423405860317139
 821.3773135174991 0.0003309389713088228
 830.8349867165725 0.0001905624450022315
 840.3940111794826 0.00009747360600969252
 850.0437183521414 0.00008772390548716774
 859.7947767886366 0.00014115435693146255
 869.6471864889687 0.00016061904003828928
 879.5956131760934 0.000015470476964313693
 889.6507254040987 -0.00027201971900360456
 899.8018546188965 -0.0003990184614224151
 910.0596693745752 -0.0002096650089719446
 920.4188353940905 -0.000055243778749402806
 930.8793526774424 -0.0002782501262019266
 941.4518897787191 -0.0005820255425826509
 952.1257781438325 -0.0005493142948582008
 962.9063520498264 -0.0002532154173505968
 973.793611496701 -0.000019634977914391797
 984.7928907615005 -0.000051507222941342064
 995.8988555671807 -0.00013443906189412693
 1007.1168401907855 -0.00007336813338610445
 1018.4468446323152 -0.00006792867304084456
 1029.8888688917693 -0.00023207825860780754
 1041.4429129691484 -0.0002927418958254481
 1053.1089768644522 -0.00006796293504795783
 1064.8870605776808 0.00012944811380049396
 1076.7878326629223 0.00009191099771187332
 1088.8006245660881 -0.00009044813381233006
 1100.930770564223 -0.00017407056207794863
 1113.1782706573265 -0.00002944872359938724
 1125.5431248453988 0.00008279940319073379
 1138.0306674054839 0.00002946012087204173
 1150.6408983375818 -0.000012884423086965499
 1163.3684833646485 0.000020521753581146254
 1176.218756763728 0.00014298374866164967
 1189.1970528118643 0.00024209111724377938
 1202.2927029549694 0.00019110069105176942
 1215.5217100241753 0.00028520200278429376
 1228.8680711883499 0.0005046118049618769
 1242.3477892786254 0.00039612555617264526
 1255.9501957409138 0.000019849290207031145
 1269.6806248522591 -0.00023681491417548245
 1283.544410889705 -0.00035240844641315917
 1297.536219576208 -0.00039567799934472794
 1311.6613851888117 -0.00038376332128508525
 1325.9145734504723 -0.0004045420252454053
 1340.3064529152778 -0.0003264648474220937
 1354.8263550291401 -0.00015799774710061585
 1369.4849483461471 -0.000002438401606512059
 1384.2768985892553 0.0000700861388450527
 1399.2022057584643 -0.00010892477974867821
 1414.266204130818 -0.00044947723949029223
 1429.474227983361 -0.0004969035555992378
 1444.8156087620046 -0.00023030294231376396
 1460.295680743793 -0.0000711824421599166
 1475.9144439287265 -0.00006572569863030291
 1491.6772325938489 -0.000058925508057755726
 1507.5840467391602 0.000036256290366401184
 1523.6295520876165 0.00008427849270868255
 1539.8244171933056 0.00024791980561835765
 1556.1579735021396 0.0003760912505341404
 1572.640889568207 0.000406196583250006
 1589.2678311144628 0.00044062273882113464
 1606.0387981409076 0.0004286939023539616
 1622.9644592016298 0.0004095254453491937
 1640.0341457425407 0.0005851093988347442
 1657.2531920406846 0.0008659897332448038
 1674.6215980960612 0.0009466808244887795
 1692.139363908671 0.0008977019092063457
 1709.811823755558 0.0007229148089689063
 1727.6336433596775 0.00041817403973922954
 1745.6101569980742 -0.000013409918758888404
 1763.7413646707482 -0.0003488774843608992
 1782.0219321006548 -0.0005098195479113937
 1800.4625278418828 -0.0005075879918953396
 1819.0578176173874 -0.00038787226897056006
 1837.8078014271691 -0.0002496167751988394
 1856.717813548272 -0.0001468178388276331
 1875.7825197036518 -0.00008557440014510964
 1895.0019198933087 -0.00004800073309413677
 1914.3866826713304 -0.00002008722409700709
 1933.9314737606735 -7.466032217204857E-7
 1953.6309588842935 0.000010126912426365354
 1973.4958065962785 0.000016028310757499977
 1993.5206826195847 0.000019742809840180456
 2013.7055869542116 0.000022360924161004982
 2034.0558538772038 0.00002426928468190199
 2054.566149111517 0.000025655652182660752
 2075.2418069341957 0.000026654249003724723
 2096.0774930681946 0.000027364810582312386
 2117.083876067603 0.00002786399222378798
 2138.250287378333 0.000028196612347536558
 2159.587395554471 0.000028402239648833256
 2181.089866318975 0.000028520540885412513
 2202.7523653947997 0.00002855597144086385
 2224.5855613360336 0.000028532508551115035
 2246.5894541426765 0.000028474647281096048
 2268.7587095376844 0.000028389460902148484
 2291.0933275210573 0.000028283332906851683
 2313.5986423698396 0.00002815059980582766
 2336.2746540840308 0.00002801068429681875
 2359.116028386587 0.000027866775442041
 2382.128099554553 0.00002770952600154882
 2405.310867587927 0.000027557729399046127
 2428.658998209667 0.00002740502216414317
 2452.18315997386 0.000027248547516879705
 2475.8726843264176 0.000027094323466877197
 2499.7382398214286 0.000026942297889964334
 2523.7691579048046 0.000026795369511070352
 2547.97077285359 0.000026650429722469733
 2572.348418944828 0.000026510410917944194
 2596.891427624432 0.000026372369730736584
 2621.610467446488 0.000026239032587743706
 2646.500204133954 0.00002611599628825072
 2671.5606376868286 0.000025994627303699517
 2696.7917681051126 0.0000258748919194816
 2722.1935953888055 0.000025762255421305385
 2747.766119537908 0.000025653961536865022
 2773.514674829463 0.000025549735398381526
 2799.4285927093833 0.000025452300111330297
 2825.5185417317566 0.000025361489655528296
 2851.7738533424954 0.000025271889413558135
 2878.2051960956874 0.000025188694898460887
 2904.8019014372435 0.000025111883676952644
 2931.5746379212533 0.000025041237252447363
 2958.5127369936286 0.000024971547825006697
 2985.626867208457 0.000024902672212819676
 3012.9063600116497 0.00002484737413365158
 3040.356549680252 0.000024797856186954027
 3067.972101937219 0.000024746578766001345
 3095.7636853366403 0.000024708316937340302
 3123.7152970473817 0.000024670615826752697
 3151.8429399005763 0.000024638232919677913
 3180.1306110650917 0.000024613608413038103
 3208.5889790950173 0.000024589516241860906
 3237.218043990351 0.000024575230628760428
 3266.007137197006 0.000024568194930956738
 3294.961592992026 0.000024563888188569718
 3324.0814113754113 0.000024564377332473448
 3353.3665923471613 0.000024564940155232437
 3382.8171359072767 0.000024577126887813894
 3412.427707778713 0.00002462237667744882
 3442.203642238514 0.00002463179850619547
 3472.1342707325925 0.000024640887545447308
 3502.230261815036 0.000024694404927781743
 3532.486281208801 0.000024749527011542702
 3562.9023289138863 0.000024806234972185493
 3593.4730706532487 0.00002486237330113494
 3624.203840703932 0.000024917926770333055
 3655.089304788893 0.00002497507280933528
 3686.1294629081303 0.000025076726432784215
 3717.3243150616454 0.000025177591167044475
 3748.6738612494373 0.000025232613266518397
 3780.1781014715057 0.00002533363902744493
 3811.831701450807 0.00002548240454444932
 3843.6293269102976 0.00002558367096797152
 3875.5816464040654 0.00002572543413985038
 3907.683325655066 0.000025870532873195667
 3939.929030386255 0.0000259726706433534
 3972.318760597633 0.00002611731930796185
 4004.852516289201 0.000026301567115092542
 4037.5356317380015 0.000026445798796539014
 4070.352104112902 0.0000266332657125198
 4103.312601967992 0.000026860005539135547
 4136.411791026228 0.00002700420024821127
 4169.6443370105635 0.000027231503642478173
 4203.015574198044 0.000027457281588634203
 4236.520168311626 0.000027680904763603548
 4270.163453628352 0.000027949072562030152
 4303.929427317092 0.000028217268180456284
 4337.828757931931 0.000028481351660131777
 4371.856111195829 0.0000287043338991358
 4406.011487108783 0.000029009926599496363
 4440.289551393749 0.000029356746331390513
 4474.690304050729 0.000029660225418699532
 4509.213745079721 0.00003000444321668211
 4543.854540203682 0.00003034876592680102
 4578.612689422612 0.000030690636987705623
 4613.48819273651 0.000031070509889700624
 4648.481050145378 0.000031492668615550745
 4683.580593095126 0.00003191227744463593
 4718.797490139842 0.00003233151973690942
 4754.115738448396 0.000032790470812872984
 4789.546006574874 0.00003328620868554476
 4825.077625965188 0.00003378417493548089
 4860.710596619339 0.00003427920728648176
 4896.444918537328 0.00003485262318901169
 4932.275257442108 0.000035422994207659796
 4968.206947610726 0.00003599277603989429
 5004.229320489092 0.000036601259068059185
 5040.347710354251 0.0000372481678554212
 5076.551448652114 0.000037933485216262186
 5112.845869659726 0.00003865411617517575
 5149.225639100042 0.00003941568791221824
 5185.685422696019 0.000040173829297406045
 5222.2305547247 0.0000409699030572296
 5258.8503666319975 0.00004184226147577002
 5295.550192694956 0.00004274923349929062
 5332.324698636531 0.00004370006304670467
 5369.163215902635 0.000044723661003614466
 5406.076413047354 0.00004575014662048335
 5443.0429529625135 0.00004682863597350375
 5480.116178418555 0.000048015693197212766
 5517.242746645036 0.000049268590101195864
 5554.369314871518 0.000050597601807854456
 5591.602568638879 0.00005196083127208075
 5628.889165176681 0.00005339354434865371
 5666.229104484924 0.00005497260125221998
 5703.622386563607 0.00005670072822928784
 5741.01566864229 0.000058497856264780826
 5778.515636261854 0.00006036447182567239
 5816.015603881417 0.0000624124092258959
 5853.62225704186 0.00006464986795273744
 5891.175567431866 0.00006707175590468765
 5928.835563362749 0.0000696646775942437
 5966.495559293634 0.00007248730898313122
 6004.208897994959 0.0000756415494113129
 6041.922236696284 0.00007914662593474481
 6079.635575397609 0.00008296717283791169
 6117.402256869375 0.00008720305833023265
 6155.22228111158 0.00009204641091386619
 6193.042305353786 0.00009772841344949653
 6230.808986825551 0.00010420461530009636
 6268.682353838198 0.00011193223750274892
 6306.502378080403 0.0001211809583381828
