 1.3632066160638645 1.3401634955318211
 1.9194306602232667 1.8901670278360516
 2.482186577158297 2.42894376369205
 3.051569722675898 2.9484933383716654
 3.627648208066745 3.439273440998759
 4.210496955750577 3.891823112131128
 4.800197699276206 4.298091031205091
 5.396832172192438 4.6522212172628405
 6.00048891917715 4.951017859121422
 6.611229240391948 5.193784790171274
 7.229128058256575 5.381664957821649
 7.854321595352376 5.517926419264191
 8.48687115184096 5.607326989718888
 9.126844839013 5.655038646712
 9.774310768159168 5.666003161247625
 10.429473273151489 5.646339530989575
 11.092264242699288 5.601573419042521
 11.762819899383913 5.535655258269332
 12.44127646578671 5.453218708092644
 13.127702053198355 5.358061767757004
 13.822232884200195 5.2536980139146525
 14.524868958792231 5.142881818010477
 15.235746499555809 5.027464053000948
 15.955001729072277 4.909680442001686
 16.68270275863231 4.791353161026515
 17.41891769952658 4.673513790578727
 18.16378277433644 4.556962636432049
 18.917434205643232 4.442896122805798
 19.67987199344696 4.331715598235533
 20.45130047161964 4.223910044354403
 21.231719640161277 4.119687034210734
 22.02140194423457 4.01947567796424
 22.820279272548834 3.9237568776414653
 23.628487847685427 3.831924738322396
 24.446232003516368 3.7441952918344223
 25.273579851332325 3.6608315425869686
 26.110599502423984 3.5814135414108885
 26.957495290663353 3.50593963952005
 27.814267216050446 3.4343706891046812
 28.681051501166596 3.3660937171613994
 29.558052479883838 3.3010262832267516
 30.44533826349284 3.239229711141585
 31.34297696328427 3.1803813401625805
 32.25117291313016 3.1245704783860853
 33.16999422432118 3.072068974102067
 34.09957711943868 3.022870520813841
 35.040057821063996 2.9769394970133556
 35.99157255177849 2.9341433591975674
 36.95418942287284 2.8939541705904204
 37.928112768219044 2.8558984282035973
 38.91341069910779 2.8196661864205157
 39.91028754941111 2.7852051559071622
 40.918811430419666 2.752679024091423
 41.93911856471481 2.721931567447198
 42.97134517487789 2.692786237690138
 44.015695594780915 2.6653841747841605
 45.072306047005256 2.640314552563902
 46.14124464284156 2.618007843774131
 47.222647604871206 2.598363135122383
 48.31671926696619 2.581053411835495
 49.423595851707866 2.56571451062227
 50.543413581677584 2.5519711593759986
 51.676308679456696 2.539473511086953
 52.82248547891722 2.528086032587994
 53.98201209134984 2.5176275659798297
 55.15509285062656 2.507698085300979
 56.341932090619395 2.498124390978172
 57.54259792261905 2.4887658708567133
 58.75729468049752 2.4798126379262677
 59.986158586836176 2.471798513058244
 61.229393975507016 2.4650956372761383
 62.4871370690914 2.4597404787510473
 63.75959220146136 2.4554368440326546
 65.04682748390755 2.451297414532292
 66.34911536159265 2.4463956735869337
 67.66666016838873 2.4409247804045657
 68.99946190429577 2.435227161036844
 70.34806545963914 2.430176347059422
 71.71233461183752 2.4268591343021386
 73.0922693608909 2.424982378497568
 74.488550819706 2.4251851201698775
 75.90049787537613 2.426637528256816
 77.32947275371471 2.429218551927491
 78.77479434181505 2.433711628670898
 80.23714375258385 2.4396901246435734
 81.71652098602112 2.4467248541731252
 83.21360715503363 2.4542515827987903
 84.7277211467146 2.461883724562312
 86.25886296106405 2.467836773675519
 87.80839482389545 2.472515834438319
 89.37631673520882 2.4776681227000736
 90.9619475820974 2.482631460084926
 92.56596847746795 2.4866222054683367
 94.18906053422717 2.491225588576681
 95.83054263946835 2.4963492995491228
 97.49177701900496 2.502098326267788
 99.17208255993027 2.509110946987428
 100.87145926224427 2.5155885617288063
 102.59058823885371 2.5205510005574667
 104.33015060266533 2.525416497518755
 106.08946524077237 2.530872310660634
 107.86989437898832 2.5381052435514113
 109.67075690440646 2.548799789653871
 111.49205281702676 2.561816077276414
 113.33446322975597 2.575500619320746
 115.19866925550082 2.5890148974857823
 117.08467089426134 2.6026205762927517
 118.99178703313078 2.61518669426249
 120.92206101082932 2.6285161027986046
 122.87344948863678 2.64212066333293
 124.8486769181801 2.6546650938504084
 126.8456999607391 2.666202808896549
 128.86656195503394 2.6771988620078915
 130.91058178815794 2.6904709554081596
 132.9784405730178 2.7063591303828494
 135.0701383096135 2.724249078184727
 137.18567499794509 2.7411791486972907
 139.326412863826 2.756425330640184
 141.4909896814428 2.7695232735211803
 143.68144878951568 2.78121887202328
 145.89642796223117 2.7909633797651296
 148.13797053830947 2.7976657179371798
 150.40471429193713 2.8032290129437327
 152.6973403360209 2.808102229684184
 155.0172108963742 2.813829094175648
 157.36364486009032 2.821011895635665
 159.73664222716926 2.8286086796471754
 162.13756522342453 2.837501791656337
 164.56573273594935 2.8481036467828167
 167.02250699055722 2.8609638325113815
 169.5072068743414 2.877492518368706
 172.02051350020858 2.8980640724782805
 174.56242686815884 2.9216098674698117
 177.1343092040056 2.946446658053983
 179.7347982819354 2.969548985879887
 182.36593744066846 2.990017206708677
 185.02772668020478 3.01188852906722
 187.71948488763763 3.0363192045934055
 190.44189317587373 3.0619218560838077
 193.1963137707266 3.089633426775784
 195.98206555928942 3.119480737352128
 198.799829654469 3.1481899058781533
 201.64960605626533 3.1719440502909335
 204.53275699049183 3.190441088530491
 207.44860134424184 3.2065884822602815
 210.39782023042204 3.2217024143932362
 213.38041364903248 3.2338762417416427
 216.3977438258866 3.242514251976119
 219.44981076098443 3.252223902446725
 222.53593334141917 3.2659950601823473
 225.65815490591115 3.2847919222095228
 228.81579434155353 3.3075994614538593
 232.00953276125304 3.329926555225238
 235.24005127791654 3.349359361655318
 238.5073498915439 3.369576575924485
 241.81142860213518 3.394136929509599
 245.15364963550383 3.4187673650871053
 248.53469410455662 3.439842296537611
 251.95319978348007 3.459318379277365
 255.41121001099438 3.4794544215265826
 258.9087247870996 3.500725612569397
 262.4457441117956 3.521515831611773
 266.0229490979892 3.5372259932480365
 269.64102085858724 3.5452965871995934
 273.3006405064963 3.5527551162691657
 277.00112692880975 3.5657351515836946
 280.743842351341 3.5807633868989766
 284.52946788699677 3.5939006728909795
 288.3580035357772 3.6044972198418797
 292.2294492976821 3.6107989210950646
 296.14584851143184 3.6132590446348862
 300.1058389512128 3.615570170930083
 304.1107828428386 3.620868762004164
 308.16068018630915 3.625986631992456
 312.256893207438 3.6254604912669337
 316.3994219062251 3.623034975763291
 320.5889473955772 3.6265328975606024
 324.826150788401 3.636987153050116
 329.1103509717898 3.647806493741645
 333.4435912844638 3.655822547637522
 337.8251906135163 3.661918839400116
 342.25651118476077 3.664928654922752
 346.7375529981972 3.6613144066372283
 351.2689971667323 3.6489388769122453
 355.85152480327287 3.630315780288426
 360.4858170207255 3.6097537735025687
 365.1718738190904 3.589119311050402
 369.9110574241809 3.5658761727310275
 374.7033678359971 3.5341201805919082
 379.5488050545389 3.491208911437916
 384.4494124185266 3.4429340659590344
 389.4045088150534 3.393742508861752
 394.4154564699328 3.3481677707026285
 399.4822553831648 3.3092169652211227
 404.60558666765615 3.267873875421484
 409.7861314363136 3.2119415594906435
 415.0245708020439 3.1384266001372345
 420.3215858777537 3.058776341529894
 425.67785777634987 2.9851145854034224
 431.09406761073905 2.915163624734439
 436.57021538092124 2.8422016446958307
 442.10698219980316 2.764082198340509
 447.7057302931984 2.681702147070362
 453.36714077401365 2.598663114025444
 459.09053252934217 2.5166250583615604
 464.8779488979041 2.432812225992947
 470.73007099260633 2.343429583518562
 476.6462177005419 2.2492504105475946
 482.62843236043125 2.154319474197306
 488.6767149722743 2.055562563068779
 494.7917466489778 1.9517558967388695
 500.9742085034484 1.8504863786691954
 507.2247816485929 1.7536481760925502
 513.5448283102248 1.6605921451474563
 519.9343484883442 1.5716614507640523
 526.3940232958577 1.4826873669318144
 532.9252149585786 1.3891353628393253
 539.5279234765072 1.288543179397662
 546.2028299625503 1.1831544577581772
 552.9512966425211 1.08031706970249
 559.7740046293264 0.9849874928892156
 566.6709539229664 0.8946450595596925
 573.6435067492544 0.8056916455156817
 580.6923442210971 0.7186188882237164
 587.8181474514013 0.6388797745513692
 595.0222786659806 0.5717112012362358
 602.3040567519281 0.5108945349365231
 609.665525047964 0.44783904989096307
 617.1073646669952 0.38631886081061645
 624.6295756090217 0.3334198759472318
 632.2342012127634 0.28911759468820275
 639.920560365314 0.2510525680291723
 647.6906964053934 0.21785496056865886
 655.5452904459086 0.18817675313672433
 663.4843424868593 0.16218579757097473
 671.509214754059 0.14040084430799246
 679.6205883604148 0.1217631328707951
 687.8218688704601 0.10579663571507548
 696.1042018164072 0.09265465112729379
 704.4818905692979 0.08152369783418337
 712.9481240000647 0.0712128781594624
 721.5097132377749 0.06080148422019641
 730.1530360242939 0.04980004630716455
 738.8985257468236 0.03885070834820677
 747.7325601472295 0.02924718208895528
 756.6619503545788 0.02192153227001776
 765.6866963688717 0.016885849278601893
 774.8067981901079 0.01334490997608757
 784.0222558182877 0.010707652930807159
 793.3398803824783 0.008970807068850891
 802.7596718826799 0.007940474023297648
 812.2680080607573 0.006957530914797608
 821.8853223039131 0.005629589227525755
 831.6048034830798 0.004043701988988966
 841.4264515982574 0.002417396768363699
 851.3434555203784 0.0009928051737119181
 861.376248636645 -0.0003222963772760839
 871.5043975598552 -0.0015822171752603123
 881.7483356772108 -0.0014209226135596183
 892.0944407305776 0.0011336632918450607
 902.5495238490223 0.004082393912374149
 913.1135850325454 0.005365353586336613
 923.7866242811469 0.00537650341651799
 934.5754527238939 0.004998022798514663
 945.4732592317191 0.004523942300533108
 956.4868549336901 0.00423161397364351
 967.6162398298067 0.004299769757794108
 978.8546027910016 0.004421634892066792
 990.2155660754095 0.0041798557866855966
 1001.6855074248955 0.0035693877567129825
 1013.2848602266621 0.0028471588770898845
 1024.993191093507 0.002196326029604212
 1036.830933412632 0.0016541077442184084
 1048.784464925903 0.0011912244075675926
 1060.8605967623869 0.0008242892866956491
 1073.066140051151 0.000562912224802963
 1085.387472534061 0.00038720995111483095
 1097.8382164692514 0.0003738123722953527
 1110.4183718567224 0.00044974575840827383
 1123.1211275674061 0.0003734635680259628
 1135.9601058594378 0.00019051029854860022
 1148.9216844746825 0.000079869469761813
 1162.019485671275 0.00004302066780430183
 1175.246698320148 0.00002743778140182394
 1188.6033224213013 0.000013337911907107714
 1202.1029802328699 -6.130852576314694E-7
 1215.732049496719 -0.0000013127306934951378
 1229.4973413419157 0.00001755731057391016
 1243.3988557684602 0.00004122516213000973
 1257.4434039054202 0.00005792108156094034
 1271.6241746237276 0.00006674792246899812
 1285.9479790524506 0.00006563463106899809
 1300.4148171915888 0.000054393126823514566
 1315.0246890411418 0.000037747633190180995
 1329.7775946011104 0.000022191164309554218
 1344.6735338714939 0.000011541773799351158
 1359.712506852293 0.000005645789817448611
 1374.908135801642 0.0000030353925002306027
 1390.246798461406 0.0000024984849115383728
 1405.7353059606526 0.0000027504552951867054
 1421.373658299382 0.0000027512008010703637
 1437.1618554775937 0.0000023310980781518713
 1453.1067086243556 0.0000017863883529423882
 1469.2082177396676 0.0000012777160637548698
 1485.459571694462 8.516849352501863E-7
 1501.8675816178063 5.44343123723152E-7
 1518.439058638768 3.4455676026270516E-7
 1535.1603804992126 2.148898689364886E-7
 1552.0519805863416 1.310001206715958E-7
 1569.0934255129534 7.869003178970179E-8
 1586.30514866625 4.774473805032127E-8
 1603.6735277880966 2.8984054889021162E-8
 1621.2053740075607 1.6433487991851767E-8
 1638.9074984537092 8.387841598174587E-9
 1656.7730899974752 4.033001245390171E-9
 1674.8089597679261 1.982281799634239E-9
 1693.0082966359944 1.0363973562440982E-9
 1711.384722859815 5.484765398799456E-10
 1729.9246161812525 2.6723850118142793E-10
 1748.6415988584424 1.133398556111087E-10
 1767.5288597623173 4.3024003630495475E-11
 1786.5863988928766 1.5910803782813664E-11
 1805.821027379188 5.644009912765914E-12
 1825.2395563503196 2.3277132175910816E-12
 1844.8283635481355 6.661295635179257E-13
 1864.5942601017032 3.3360362332232114E-13
 1884.5372460110239 0.
 1904.6641324051636 0.
 1924.9749192841227 0.
 1945.4627955188344 0.
 1966.1413833674328 0.
 1986.9970605717833 0.
 2008.0434493900214 0.
 2029.2737386930783 0.
 2050.6879284809547 0.
 2072.299641011786 0.
 2094.0952540274366 0.
 2116.081578656974 0.
 2138.2586149003982 0.
 2160.62636275771 0.
 2183.1916333579757 0.
 2205.947615572128 0.
 2228.901120529235 0.
 2252.0521482292966 0.
 2275.3938875432445 0.
 2298.939960729215 0.
 2322.6835566581394 0.
 2346.624675330018 0.
 2370.770127873918 0.
 2395.113103160773 0.
 2419.653601190582 0.
 2444.40524422148 0.
 2469.3612211244 0.
 2494.514720770274 0.
 2519.8793654172373 0.
 2545.448343936223 0.
 2571.221656327229 0.
 2597.2061137193255 0.
 2623.3949049834428 0.
 2649.79484124865 0.
 2676.3991113858783 0.
 2703.221337653263 0.
 2730.24789779267 0.
 2757.4924140622334 0.
 2784.9480753328858 0.
 2812.6080704755595 0.
 2840.48602174839 0.
 2868.581929151377 0.
 2896.888981555453 0.
 2925.4071789606182 0.
 2954.1433324959403 0.
 2983.0974421614183 0.
 3012.262696827986 0.
 3041.64590762471 0.
 3071.2470745515902 0.
 3101.05938647956 0.
 3131.096465666753 0.
 3161.344689855036 0.
 3191.817681302542 0.
 3222.501817751138 0.
 3253.4039103298896 0.
 3284.5307701678657 0.
 3315.868775006931 0.
 3347.4315471052196 0.
 3379.2122753336653 0.
 3411.2109596922674 0.
 3443.427600181026 0.
 3475.862196799941 0.
 3508.5147495490123 0.
 3541.392069557308 0.
 3574.4805345666923 0.
 3607.7937668353006 0.
 3641.3181441049983 0.
 3675.06728863392 0.
 3709.02757816393 0.
 3743.2126349531645 0.
 3777.6088367434877 0.
 3812.2298057930357 0.
 3847.061919843672 0.
