 0. 0.
 0.2558821659990199 0.25588216599902
 0.7706547811669504 0.770509847995562
 1.2914839698725455 1.2904206068178063
 1.8184432937377204 1.8143829488194507
 2.351590827727145 2.340510197002529
 2.891016910674749 2.8663803232039595
 3.4367860703190556 3.389221519452519
 3.9889692871724374 3.90612131733842
 4.547643994521122 4.414218156791068
 5.112887625651336 4.910861084841735
 5.6847840666231555 5.393722730294092
 6.263391392401252 5.860870435924182
 6.848780583498001 6.310796478042494
 7.4410806953904425 6.742416439286777
 8.040349803043249 7.155044103139694
 8.646652434194943 7.548350308832769
 9.260053116584043 7.922314600047056
 9.880745433426116 8.277172921824931
 10.508664856982644 8.61336531748188
 11.143940442730665 8.931488972056197
 11.786701246147226 9.232254975089386
 12.437011794970848 9.516452289609846
 13.095001144678577 9.784917300112623
 13.76066929527041 10.038509636909742
 14.434145302223392 10.278094509309309
 15.115558221014567 10.504526898459954
 15.804972579382454 10.718640399358684
 16.50245290506558 10.921238154982257
 17.208128253540988 11.11308565008392
 17.922127680285715 11.294907689237201
 18.64445118529977 11.467387467003226
 19.375292351798713 11.631167497763402
 20.114651179782545 11.786848453428567
 20.862785780205357 11.93498846606448
 21.619631625328623 12.076103127891827
 22.38531777062939 12.2106678158679
 23.160037799323216 12.339123735599037
 23.94385623914863 12.46188001346414
 24.736837617844156 12.579319275610747
 25.539175518625353 12.69179881024588
 26.35086994149223 12.79965358959227
 27.17204994192182 12.903196037430158
 28.0029091031297 13.002716261555499
 28.843511952854378 13.09848205377993
 29.693923018834386 13.190742841719684
 30.554335884285287 13.279731316002755
 31.424815076945606 13.365664592559762
 32.30548965229238 13.448741655584081
 33.196488665802654 13.529141265408311
 34.09794117295348 13.607022888336953
 35.009911701483375 13.682533902849679
 35.9325938346079 13.755815178597409
 36.86605210006558 13.827003168525826
 37.81048008107199 13.89622781675187
 38.765942305365634 13.963613255938224
 39.73256782842357 14.029276877460658
 40.71048570572284 14.093328401575327
 41.699889520479 14.155869180044279
 42.700908328169106 14.216996147924329
 43.71360665653167 14.27680368323243
 44.73811356104374 14.335379190240438
 45.77462262492088 14.392797985395378
 46.82326290364014 14.449123762235784
 47.88416345267856 14.504417657260317
 48.95745332751318 14.558740806967643
 50.04332611135957 14.612149466234865
 51.14184633195625 14.664688731946924
 52.2532075725188 14.71639277545479
 53.37760341626275 14.767292048778705
 54.51509839092666 14.817416074106243
 55.665886079726064 14.86679437362497
 56.83009553813803 14.915455539689773
 58.007920349378125 14.963428862030053
 59.19948956892337 15.010749209371284
 60.404996779989354 15.057455867144167
 61.62450651031458 15.103587655863059
 62.85827687085314 15.149185953082197
 64.10650144482061 15.194298412726393
 65.36918023221698 15.2389754782185
 66.64682945495043 15.283258759570913
 67.93932005754392 15.327181963218264
 69.24665203999744 15.370773681515438
 70.56947067969622 15.414059019944776
 71.90713069925503 15.457058667283397
 73.26092265344431 15.499788198228675
 74.63020126487886 15.542255051442046
 76.01561181094387 15.584467130501286
 77.41715429163935 15.626437453063904
 78.83547398435053 15.668176247289372
 80.26992561169217 15.709684443010367
 81.72050917366428 15.750961110394217
 83.18851522503732 15.792012293353329
 84.67394376581126 15.83284752267267
 86.1761495186009 15.873479583551582
 87.69577776079146 15.913923585771103
 89.23347376976812 15.954193941737762
 90.7885922681457 15.994303669109067
 92.36242381069464 16.03426741274972
 93.95432312002971 16.07410237456429
 95.56429019615089 16.113830173162565
 97.19297031644344 16.153473589445195
 98.84100875829256 16.193057961352686
 100.507760244313 16.232618390068687
 102.19451532927525 16.27218207319907
 103.90062873579406 16.311760168735972
 105.62610046386945 16.35135546617745
 107.37157579088661 16.390970755021527
 109.13769999423077 16.430620912591085
 110.92447307390195 16.47032500045604
 112.73124975251493 16.510094641524883
 114.55996586222534 16.549945875411343
 116.40868557087751 16.589907759386634
 118.27998998801236 16.630012372678205
 120.17194328147423 16.670288307640938
 122.08648128341875 16.71075578813561
 124.02295871646072 16.75142132299098
 125.98202085798535 16.792281657792664
 127.96366770799263 16.833322380134135
 129.9678992664826 16.874524195987295
 131.99600608822564 16.91588547814496
 134.04669761845133 16.95742226622085
 136.12190968931537 16.99915338932671
 138.2203517460473 17.041084658916798
 140.34395962080274 17.083197710795687
 142.49144275881127 17.12546604473203
 144.66344643745816 17.167879665024508
 146.86126121151378 17.210446475250905
 149.08424180359293 17.253186699271996
 151.33238821369562 17.29612683731914
 153.60699099659232 17.339282929006057
 155.90740487489776 17.382660320870645
 158.23492040338238 17.426269473530557
 160.588892304661 17.470119452854412
 162.96996585611876 17.514200263140904
 165.37814105775576 17.558490983154755
 167.8147084643424 17.602974178533223
 170.2783775211082 17.647625208710306
 172.77108406020886 17.692402231215443
 175.2928280816444 17.737255035083937
 177.84296430802956 17.782146194550457
 180.42213801674956 17.827078266654862
 183.03163976257486 17.87208821224616
 185.6708242681202 17.917220198376622
 188.34033681077088 17.96249444890702
 191.04017739052682 18.00790259534324
 193.77163656215848 18.05342859807156
 196.53406904828066 18.09907687379721
 199.32812012627855 18.144876712249587
 202.15378979615218 18.190867398859396
 205.01236861267196 18.23708264006126
 207.90385657583792 18.283554282624443
 210.82760840826484 18.33029976091169
 213.78555994210836 18.37731861000665
 216.77706589998326 18.42459618504463
 219.80277155927473 18.47211179724852
 222.86332219736806 18.519857078124197
 225.9587178142632 18.567829005715456
 229.08895840996016 18.61600340437264
 232.25533453922935 18.664365164314702
 235.45849147945606 18.712969610586068
 238.69713867586978 18.761939248642236
 241.97321196062623 18.811367991583815
 245.28671133372535 18.86125421220362
 248.63763679516717 18.911550489034997
 252.0266336223369 18.962208005862294
 255.4543470926198 19.013186082505783
 258.921422483401 19.06443706504065
 262.4272145172954 19.11588958880876
 265.97301374907335 19.167495534968957
 269.55946545612005 19.219262342182674
 273.18656963843557 19.271233712585843
 276.8543262960199 19.323451721107197
 280.5646712610287 19.37597262262384
 284.3163139786914 19.42884662810046
 288.1105450037786 19.482081408656644
 291.9473643362903 19.535664411551238
 295.8280625309969 19.589597728907762
 299.75263958789833 19.643912045204637
 303.7217407843799 19.698606430609182
 307.7360113978267 19.753573721905106
 311.79480615085373 19.808678628437566
 315.9000608756164 19.86383607051641
 320.0511302947297 19.919007925001786
 324.249304962964 19.974236964196933
 328.4945848803192 20.029641044393966
 332.7876153241807 20.085294087290887
 337.12904157193356 20.14117307952888
 341.51950890096305 20.19722641539424
 345.9590173112692 20.25341294979092
 350.4488573576224 20.309685958626773
 354.9890290400227 20.36599523093712
 359.57953235847003 20.422293345255312
 364.2223031451202 20.47861749488853
 368.9166961225878 20.53511366356742
 373.6640018456433 20.591959449333725
 378.4642203142868 20.6492385371286
 383.3179968059035 20.706849342731818
 388.22597659787857 20.7646561105722
 393.18880496759726 20.822677669761507
 398.2071271924448 20.88098933674676
 403.2815885498063 20.939597387898544
 408.4128343170671 20.998404190785536
 413.6008644942272 21.057277011792753
 418.8463243586717 21.11614239413854
 424.1505044651712 21.17494571015298
 429.51405009111085 21.233703929282473
 434.9363159591054 21.29251491641652
 440.4192379013105 21.35145189587861
 445.96346119511145 21.410539508234756
 451.56834056312294 21.469742187384963
 457.23581183750065 21.529001121412264
 462.9658750182446 21.588283301256553
 468.75917538274007 21.647628942181207
 474.61635820837216 21.70709127710711
 480.5380687725261 21.766585226344116
 486.5255976299725 21.82591552502956
 492.5789447807111 21.884887605675296
 498.6987555021273 21.943352230136295
 504.8863203489915 22.00120874402502
 511.1416393213036 22.05843273923365
 517.465357696449 22.115034676379807
 523.858766029198 22.17102245904128
 530.3225095969359 22.226464894836333
 536.8565883996627 22.28141614651854
 543.4622929921487 22.335784858027154
 550.1402686517791 22.389333224654443
 556.8911606559394 22.441837621641028
 563.7162595594 22.493213201754923
 570.6149200847755 22.543414403194845
 577.5890780642214 22.592404497569955
 584.6393787751233 22.640105843851536
 591.765822217481 22.686391287420687
 598.9703442234502 22.731132511367665
 606.2522995156456 22.774241414046106
 613.613623926223 22.81568452147955
 621.0549627325676 22.855382332973917
 628.5763159346792 22.89318886479856
 636.1789740873285 22.929075989514924
 643.8635824679005 22.96306834768901
 651.6333674633215 22.995082486837855
 659.4799404675834 23.025092604104604
 667.4168523057762 23.05318401163758
 675.4376502040473 23.079381814919135
 683.548786936249 23.103567692740818
 691.7373569546771 23.125685390225534
 700.022718580888 23.145848811876494
 708.3919662671773 23.16419301589038
 716.8515527873972 23.180814937323998
 725.4014781415478 23.195811511234172
 734.0417423296291 23.209295247375103
 742.7723453516411 23.22136494046896
 751.5997399814358 23.232113341325512
 760.5239262190134 23.241670858978026
 769.5319985166694 23.2501593015075
 778.6433151959606 23.257670024974676
 787.8514234830344 23.26430903030499
 797.1563233778912 23.27015767785789
 806.5515621066787 23.27526013468563
 816.0564979909533 23.279651269513703
 825.6517727091586 23.283379898557758
 835.356744582851 23.286478565961573
 845.1585080643264 23.288989114195726
 855.0635159274366 23.29097430696607
 865.0717681721819 23.292527127540524
 875.1832647985625 23.293719637951746
 885.4044585804301 23.294605303578795
 895.7288967439326 23.295207370238654
 906.1630320629225 23.295560706656794
 916.7068645373996 23.295690883231895
 927.3539413935118 23.295644391597936
 938.1171681789633 23.295483995460753
 948.9836393460498 23.295260835617714
 959.972713216328 23.29501907912109
 971.0650314682412 23.294800568441453
 982.2799524233458 23.294623900232384
 993.6045705339378 23.294505346565774
 1005.0453385738691 23.294472802421993
 1016.6087093169921 23.294607628160495
 1028.2817772156022 23.29499350872241
 1040.077447817404 23.29565833908812
 1051.9957211223975 23.29656260136876
 1064.0301443567303 23.29760633855129
 1076.1936230681067 23.298682619877596
 1088.4732517088228 23.29969613749805
 1100.8819358265825 23.300579478543398
 1113.4132226475338 23.30128847596138
 1126.0671121716766 23.301809182261795
 1138.8565099467157 23.30215322035314
 1151.768510424946 23.30233686230731
 1164.8095663802203 23.302285721509943
 1177.9796778125383 23.301820805170287
 1191.2852974957525 23.30088632332758
 1204.7199726560102 23.299649645864086
 1218.290156067164 23.298347880113045
 1231.995847729214 23.297132123884836
 1245.8370476421594 23.29603724590494
 1259.8137558060012 23.29506324617336
 1273.925972220739 23.29428451130443
 1288.1736968863727 23.293849814526855
 1302.5698353506066 23.29382889329157
 1317.1014820657365 23.29416828221952
 1331.7750898056145 23.294774998042772
 1346.590658570241 23.295539785421507
 1361.5481883596153 23.296281326983266
 1376.6541319475903 23.296806682447077
 1391.9084893341653 23.29702054396332
 1407.3048077454887 23.297029842290115
 1422.8495399554124 23.29714839595673
 1438.5491387377886 23.29767375142054
 1454.390698544913 23.29866867238741
 1470.393577698342 23.29983561239995
 1486.5384178765191 23.30073057635379
 1502.8445774010013 23.301186194366657
 1519.2991507240836 23.301258256399304
 1535.9085906196185 23.300923516634747
 1552.6793498614581 23.30036096786376
 1569.6049756757502 23.300184299654692
 1586.691920836347 23.30078636631455
 1603.9337325693966 23.301932385091803
 1621.343316422603 23.303359678254555
 1638.9077668482619 23.304979911698265
 1656.6399893940775 23.306637338449143
 1674.533531286198 23.308241299820963
 1692.588392524623 23.309598855532762
 1710.8110258832053 23.31034504625792
 1729.2078841357968 23.31020324677432
 1747.7660617346928 23.308989815127813
 1766.4920114537454 23.3068326033118
 1785.3857332929556 23.304598680299744
 1804.4536800261744 23.303259721241528
 1823.6958516534023 23.303141167574918
 1843.1057954007874 23.30428253718878
 1862.6964168160334 23.30661641721386
 1882.454810351437 23.30952214433672
 1902.3938815547015 23.31230001946618
 1922.5071776519749 23.314768725229758
 1942.7946986432576 23.316830629196144
 1963.2693500762539 23.31849038052872
 1983.918226403259 23.32016640393319
 2004.7477803981258 23.322221334154474
 2025.7580120608534 23.324459906329928
 2046.9489213914428 23.32674032097595
 2068.3269611637456 23.3291230172167
 2089.885678603909 23.331287202777805
 2111.6315264857867 23.332944629528683
 2133.564504809378 23.333730338142704
 2155.6781608008296 23.33336305423438
 2177.985400007848 23.33253550314979
 2200.4797696565793 23.332230982947312
 2223.161269747024 23.33243322155506
 2246.036353053035 23.332886514986228
 2269.0985668007584 23.33361875822119
 2292.3479109901964 23.334643898750134
 2315.7972911690513 23.336008428207034
 2339.4402545634725 23.337675153284703
 2363.270348399607 23.33936744876106
 2387.3004782251596 23.340738951963054
 2411.5241912662777 23.341671109224063
 2435.9414875229613 23.342256903812036
 2460.558819769063 23.342733443060183
 2485.36973523073 23.34328901808607
 2510.3806866818154 23.343877137255742
 2535.5852213484663 23.344588459255416
 2560.996244778387 23.34553921317002
 2586.600851423874 23.3465155374833
 2612.4119468326303 23.34721058741109
 2638.423078230805 23.347496510959978
 2664.6277928445447 23.347403527692048
 2691.0389962215554 23.347191990757505
 2717.656688361835 23.347031594620322
 2744.4744164915332 23.346887470555025
 2771.4921806106495 23.346836329757664
 2798.7164334930358 23.347012997966733
 2826.147175138691 23.34744072099922
 2853.7779527737653 23.34804046307738
 2881.61521917211 23.348714591769884
 2909.6589743337236 23.349407317115972
 2937.9027654847555 23.350100042462063
 2966.3594981729093 23.350788118644758
 2995.0162668504818 23.35147619482745
 3023.8859770651757 23.35216194642845
 3052.9557232692882 23.352847698029443
 3082.23195823667 23.353533449630433
 3111.7211347411744 23.354219201231434
 3141.410347235097 23.354907277414124
 3171.312501266141 23.35559535359682
 3201.421144060456 23.356283429779513
 3231.7362756180405 23.356973830543904
 3262.257895938895 23.357666555889995
 3292.9860050230204 23.358361605817784
 3323.9206028704148 23.35905898032727
 3355.068142254932 23.359758679418455
 3386.4157176288672 23.36046070309134
 3417.976234539924 23.36116505134592
 3449.736787440399 23.3618717241822
 3481.7102818779967 23.362580721600178
 3513.8838123050114 23.36329204359986
 3546.2702842691488 23.36400801476293
 3578.856792222704 23.3647286350894
 3611.6562417133814 23.36544925541587
