 0.23242043961256936 1.0001600865234228
 0.6999937738100791 1.0008766367151896
 1.173068356907347 1.00216005568382
 1.6517110056926296 1.004024600749745
 2.135974470261919 1.006364901117149
 2.6259408063200893 1.009024994937497
 3.1216686250849115 1.0118638703984058
 3.6232223988959293 1.0147437030902344
 4.130672461214466 1.0175810393227729
 4.644089145501844 1.0203391701132403
 5.1635486463411615 1.023033710312689
 5.689103713828411 1.0256897378251644
 6.220818820303137 1.0282826197850565
 6.758811188200878 1.030852484768348
 7.303133567617624 1.0334722717237894
 7.853844569771145 1.036168697583789
 8.411002805879209 1.0388980491047959
 8.974784109595122 1.0417478131736426
 9.545129869701116 1.0447472274693348
 10.122157308632726 1.0477878016880477
 10.705983648825493 1.050896253055661
 11.296667501497181 1.0540613195377089
 11.89432608908333 1.05728773533044
 12.49895941158394 1.0605428672023551
 13.110684691434546 1.0637461129860057
 13.729619151070686 1.0669007312557277
 14.35582140171013 1.0700012444998106
 14.989350054570647 1.0729957265672736
 15.630322332087774 1.0758472850213525
 16.278855456697045 1.0785986222456019
 16.93494942839846 1.0812359235492508
 17.59878008084533 1.0837653825420654
 18.27034741403765 1.0861587881485564
 18.949885872846497 1.0883968332209908
 19.6373368460541 1.0904606670250614
 20.332817556096 1.092228654299581
 21.0365038366255 1.0936810753311954
 21.748454298860366 1.0948164774262406
 22.468727554018372 1.095572095871263
 23.19749943575282 1.095935187501949
 23.934769944063717 1.0958869484987186
 24.680656301386588 1.0953499263389044
 25.435334341374748 1.0943131939702924
 26.198862675245962 1.0927841658758175
 26.971299914217994 1.0907106873264205
 27.752821891944162 1.088069108519213
 28.543487219642227 1.0848682764439543
 29.343413119747723 1.0811094384914157
 30.152716814696188 1.076807476664649
 30.97151552692317 1.0716938382758312
 31.799867867646427 1.0665896202495526
 32.63794967051927 1.0606731719020965
 33.48581954675946 1.054277680272392
 34.3436533300203 1.0474614625600827
 35.211509631519576 1.0402643319158464
 36.08950567369282 1.0326629825468485
 36.97775867897556 1.0246125620094138
 37.8764444810211 1.01609680308092
 38.78568030226499 1.0071397577453287
 39.70552475392499 0.9977706027115955
 40.63609505843664 0.9880276497231184
 41.57756704945324 0.9779537781763153
 42.53005794941034 0.9675613774640958
 43.49368498074346 0.956829485510996
 44.46856536588815 0.9457137125509524
 45.45487493849772 0.9341953018902656
 46.45267230978992 0.9223065644917738
 47.46213331341807 0.910115041011176
 48.48343378303547 0.8977027576753923
 49.516632329859895 0.8851229844500637
 50.56190478754464 0.8724020114882279
 51.61936837852526 0.8595041921698565
 52.689198936455035 0.8463375552372265
 53.77151368376952 0.8328292307787406
 54.86648845412203 0.8189623239530889
 55.974181858730304 0.8047161767141194
 57.09482834246543 0.7900422171110697
 58.22860373898073 0.7748910172218962
 59.37550804827618 0.7592409103991382
 60.53601016009395 0.7431907547059764
 61.70999285199849 0.7267794362653169
 62.89745612398979 0.7099354360843986
 64.09898608824557 0.6927899501506116
 65.3139966325881 0.6755032549776534
 66.54365998137278 0.6582259765324298
 67.78739002242193 0.6411412489792362
 69.04577286791321 0.6242668237251355
 70.31880851784663 0.6077050281446498
 71.60708308439989 0.5915497268588089
 72.9100104553953 0.5757894962198451
 74.22759063083284 0.5602996063925976
 75.56099583506789 0.5449802699943143
 76.91022606810046 0.5298101420672131
 78.27469521775286 0.514749880141678
 79.6549893962028 0.49975117250624823
 81.0516947156279 0.48482685704368905
 82.46422506385053 0.47002475945818306
 83.89375266522605 0.45542964057778945
 85.33969140757678 0.44100482607864794
 86.8020412909027 0.42674633186410793
 88.2813884273815 0.4124424732732335
 89.77831892919089 0.3983840092907028
 91.29224668415316 0.38459735049943766
 92.82434391662366 0.3711372182579453
 94.37402451442478 0.35797172023057694
 95.94128847755644 0.34506506065070314
 97.52672191819637 0.33240029718665987
 99.13091094852223 0.31995756603173475
 100.75385556853405 0.3077204067594094
 102.39496966605412 0.29568958724036926
 104.05601157761551 0.283980535754738
 105.73522296668514 0.27267388961347083
 107.43494828197379 0.2617509496155161
 109.15342918694837 0.25114659572221126
 110.89242401814197 0.2407835752668696
 112.65134666337688 0.23061865256114147
 114.4307832348308 0.22063302939026094
 116.2307337325037 0.2108017860191022
 118.0511981563956 0.2011008827241609
 119.89334873086189 0.1915964494771637
 121.75601323154716 0.18233745700169637
 123.6409499949845 0.17336632613653827
 125.54698679681853 0.16468194226039592
 127.47588197358229 0.15618311755203254
 129.42646330092043 0.1478330297222298
 131.39931689101064 0.13970023500310988
 133.39561496820826 0.1318076149621878
 135.41477142033565 0.124193032392202
 137.45678624739276 0.11690997795824591
 139.522831673735 0.10997087540506197
 141.61232158718465 0.10336705655186282
 143.72642821209712 0.09707999501285548
 145.8645654362947 0.09110789253804069
 148.02731937195506 0.08550662328145972
 150.21469001907826 0.08037607674187247
 152.42784960201962 0.0757712430118206
 154.66562589642376 0.0716577266860131
 156.92977723882376 0.06795394423118184
 159.22030362921964 0.0645643453681555
 161.5366189554337 0.06137755773349901
 163.8793093296436 0.05830473941947517
 166.24954697620473 0.05533210429623286
 168.6467457829394 0.05247738461359038
 171.0714918620253 0.049745847248537665
 173.52378521346245 0.04716444431592405
 176.00479806160618 0.044783713924231076
 178.51394429427884 0.04263618512491214
 181.05181002365808 0.040713229604499634
 183.61839524974394 0.03896302810251491
 186.21487219689178 0.03734513724910668
 188.84124086510155 0.03572388807602887
 191.49691514219563 0.03415353638136162
 194.1836533647071 0.032588122944452215
 196.9008694204582 0.031017147627838342
 199.6491494216266 0.029442218663448424
 202.4290794803901 0.02787552024491922
 205.24065959674857 0.026347300906905968
 208.08388977070211 0.024891253241723397
 210.95994222660602 0.023514427709982626
 213.86940307663804 0.022197539542166807
 216.81110009644277 0.020921880348367852
 219.78679162255327 0.019688653690524652
 222.79647765496955 0.018511741841673243
 225.8401581936916 0.017397685251533422
 228.91841935089707 0.01633981660135917
 232.03184723876373 0.01532128839683869
 235.1810279694692 0.014311185995374415
 238.36537543083585 0.013275800781597779
 241.58606184721899 0.012215489583934836
 244.84367333079632 0.011176777728719688
 248.13820988156786 0.010221890292145142
 251.4696714995336 0.009391821932427578
 254.83981652122662 0.008692625324640928
 258.2474727222915 0.008106560051102909
 261.69381232708366 0.0076072012075779905
 265.1788353356031 0.007166010477634661
 268.7037139722051 0.006757279603560858
 272.2684482368898 0.0063656887152895225
 275.87362424183476 0.005990987856457427
 279.5198280992177 0.005645486927929123
 283.20647369686105 0.005349691332032456
 286.93531937129774 0.00512625061480673
 290.70577901035006 0.004987468470090309
 294.5190248383735 0.004924197992589913
 298.37505685536803 0.004925752286540807
 302.2744611735112 0.004925996124605575
 306.2178239049809 0.004963144678907722
 310.20573116195465 0.0050228855169629095
 314.23818294443254 0.005097192424157894
 318.3163514767699 0.005165646216465326
 322.44023675896676 0.00520630885631532
 326.60983879102315 0.005192893841545096
 330.82691590947206 0.005079630192281639
 335.0908820021358 0.004810515146838627
 339.4029092933698 0.004355288318667574
 343.762997783174 0.003734559905425174
 348.17173358372617 0.003007005100779536
 352.6297028072039 0.002234246464698702
 357.1374915657849 0.0014531966480436666
 361.6956859716469 0.0005185544155200772
 366.30487213696756 -0.00010630113108624464
 370.96563617392457 -0.00089460475041795
 375.67797808251794 -0.0016714170878912482
 380.44248397492527 -0.002398177093017899
 385.26032607550206 -0.0030767756094389866
 390.132090496426 -0.0037502970542744565
 395.05719112551924 -0.004453223122510358
 400.03738629931496 -0.0051865109954852655
 405.07326212999084 -0.005899774174576286
 410.16423250536917 -0.006528036429026055
 415.312055761983 -0.007071088419886443
 420.5167318998324 -0.00758444293507771
 425.778847031095 -0.00812075071199991
 431.0989872679484 -0.008717288194117507
 436.4777387225704 -0.009440295060036871
 441.9162736193164 -0.010330369514460688
 447.41459195818635 -0.011287953856875976
 452.9732798513579 -0.012138212931655989
 458.59350952318647 -0.01273655128861304
 464.275280973672 -0.012784777502440399
 470.0191803149923 -0.012569855680159283
 475.8263797715026 -0.012327053853288278
 481.69746545538067 -0.01157409638785661
 487.63243736662645 -0.010597522230651855
 493.6324677295954 -0.00946933532506251
 499.69814265646505 -0.00833983360758865
 505.8300482594133 -0.00735923335685433
 512.0293567627954 -0.00665558459936859
 518.2954820544336 -0.006341137024587754
 524.6301824708611 -0.006304366333710713
 531.0340441242555 -0.006377620528628452
 537.5070670146168 -0.0065515589336331385
 544.051009478478 -0.006448546099639279
 550.6652854036616 -0.006322624792548342
 557.3516531267005 -0.0056161043156663076
 564.1106987597725 -0.004859462601923832
 570.9424223028775 -0.004055657781606371
 577.8479959803709 -0.003187808352868615
 584.8280059044304 -0.002637686613539959
 591.8853826359444 -0.002584282525379
 599.012506716603 -0.0028841234679798716
 606.2216865021376 -0.003374711346474858
 613.5070608707713 -0.003938916039681905
 620.8744909442811 -0.004407926792430653
 628.3122544791131 -0.00472484884639954
 635.837934840598 -0.004869235752433172
 643.4398097851821 -0.004726407259239295
 651.1237404346421 -0.004604024387627676
 658.8897267889781 -0.0033305804804003966
 666.7377688481902 -0.002024493979240641
 674.6678666122783 -0.006590297745086057
 682.6858812030191 -0.00738594610003451
 690.791812620413 -0.007084497050162399
 698.9739386209059 -0.006837684981691415
 707.2498425698285 -0.0056838421578606
 715.613663345404 -0.0044620603092229245
 724.0654009476324 -0.0031989500411297115
 732.5991942547369 -0.0019884337451789532
 741.2326266320478 -0.000527186927619452
 749.9481147142347 0.0015809875737082273
 758.7632418666282 0.0037358864812123745
 767.6662858456747 0.005669356840558511
 776.6631077731506 0.007494021441565074
 785.7537076490564 0.009148133749663757
 794.9380854733921 0.01036238908204472
 804.2221023679342 0.010955968231166608
 813.599897210906 0.010588640256358244
 823.0773311240845 0.009364173044131674
 832.6544041074694 0.007905616069111037
 842.3252550392842 0.006592642825080681
 852.1016061630824 0.005111436221809062
 861.9717352353101 0.0032266545658885927
 871.9532256212983 0.0010822236474772465
 882.0284939557162 -0.0011628550972004742
 892.2151236038943 -0.00350909744690631
 902.5013923222791 -0.005805524817906257
 912.8931612326472 -0.00757805250779341
 923.3962914567757 -0.009481741814399
 933.9990607511107 -0.012340826158582929
 944.713191359206 -0.01578665716178105
 955.5386832810617 -0.018889132693562356
 966.4696753949007 -0.021413728580635154
 977.5178899442769 -0.021974295236499127
 988.6716046856365 -0.021875251074860675
 999.9425418625333 -0.021721612250629095
 1011.3248403531904 -0.020917362689384843
 1022.8185001576077 -0.02051969296848934
 1034.435243519339 -0.020270362909257416
 1046.1633481948309 -0.01918757053091726
 1058.0086753058595 -0.017851527593639904
 1069.9712248524254 -0.017604671994304776
 1082.0568579563055 -0.018994124678576994
 1094.2597134957225 -0.01955836887446585
 1106.5856525924537 -0.019100781519478707
 1119.0346752464989 -0.018689679619209733
 1131.6067814578578 -0.015556076740024776
 1144.301971226531 -0.01120990371901192
 1157.120244552518 -0.008804795422660541
 1170.0616014358193 -0.007692851690973455
 1183.137764119988 -0.004729383661465117
 1196.337010361471 -0.005315823668500675
 1209.6652012820446 -0.005266584156124636
 1223.1223368817093 -0.00523833735795555
 1236.7084171604647 -0.0030103875842448723
 1250.4293032400878 -0.0008541567849834672
 1264.284995120579 0.0022351606396600683
 1278.2696316801605 0.006074005967437894
 1292.38907404061 0.006788700947324309
 1306.649183323704 0.0034773661983687
 1321.038237285889 0.0028488215847162087
 1335.5738192924953 0.0030695407739565277
 1350.2383459781925 0.003120678235704614
 1365.0494007083112 0.0017210644888838117
 1379.9952612392974 0.0010201285534049236
 1395.0817886929285 -0.00028991085144054203
 1410.314844190981 -0.002751186744672959
 1425.6885666116777 -0.006226299782098622
 1441.2088170767963 -0.00792365098200049
 1456.8697344645593 -0.008205158248094873
 1472.6830410185205 -0.009620362609182568
 1488.6370144951263 -0.011757314464001332
 1504.7433771379303 -0.01444818987005185
 1520.996267825156 -0.015048445773295598
 1537.395686556803 -0.01573495066301654
 1553.9474944546482 -0.016054168631400006
 1570.6575526404688 -0.015853180880001694
 1587.5141388707107 -0.015735157693753193
 1604.5231142671505 -0.013375928663464563
 1621.6844788297892 -0.007645671424211319
 1639.0040936804028 -0.0037832349250856386
 1656.4819588189914 -0.002405088491570554
 1674.1122131237787 -0.00044569001132134067
 1691.9065788383175 0.00036312039418279587
 1709.853333719055 0.0005125320280860211
 1727.9642000095446 0.0021136301398721725
 1746.233316588009 0.0015696959477075106
 1764.6606834544484 0.0013832622322179045
 1783.2580228524173 0.0011283184897709138
 1802.0136125383608 0.0007978522728410278
 1820.9333136340565 0.0006522142310288593
 1840.0171261395042 0.0005426428407130995
 1859.2650500547038 0.00047763890743866973
 1878.6829465014325 -0.00021398010693113068
 1898.264954357913 -0.0018589662573235332
 1918.0169347459223 -0.0030178748183263696
 1937.938887665461 -0.0044238648379441095
 1958.0249519947508 -0.004655525476927359
 1978.2868499773472 -0.0040716162638494025
 1998.718720491472 -0.003360811100554712
 2019.3205635371257 -0.000765203119281487
 2040.0982402360853 -0.0009958152633120615
 2061.0458894665735 -0.0009976269306586853
 2082.163511228591 -0.0008738270831697738
 2103.4628277656902 -0.0007691106378358356
 2124.937977956096 -0.0004836270877479601
 2146.5831006780304 -0.0002725199525938444
 2168.409918175047 -0.00016930419563992768
 2190.41256932537 -0.00012157000344057006
 2212.591054128998 -0.0000913032946376763
 2234.9512337077094 -0.00006790917494533382
 2257.487246939726 -0.000049003657880750444
 2280.2049549468256 -0.000033651346782482694
 2303.09849660723 -0.000021236051606179966
 2326.1795941644946 -0.000011220764811554607
 2349.4365253750652 -0.000003159051033272506
 2372.8810124824945 0.0000033004695745282334
 2396.507194365007 0.000008473955089821184
 2420.3092099008245 0.00001259238688545565
 2444.298781333502 0.00001585377810188126
 2468.475908663039 0.000018436534389123495
 2492.834730767658 0.000020475059600417754
 2517.37524764736 0.000022063256451217357
 2542.1033204239216 0.000023298582192712106
 2567.018949097342 0.000024259170488297056
 2592.1162725458453 0.000024994983309249653
 2617.4011518912084 0.00002554091926050754
 2642.8735871334306 0.000025948255823287728
 2668.5277171507355 0.00002624360636297085
 2694.3752641866763 0.000026447382754060972
 2720.4045059977 0.000026582650688745012
 2746.62716482736 0.000026658716178047325
 2773.031518432103 0.000026699877591343982
 2799.6234279337045 0.00002670133385441955
 2826.408754453943 0.000026684092935321762
 2853.375775749264 0.000026641574450321697
 2880.536214063221 0.000026580063559750338
 2907.884208274038 0.00002651855043352446
 2935.4197583817136 0.00002644745842857381
 2963.142864386249 0.0000263691542480834
 2991.0535262876447 0.00002628994817684693
 3019.151744085899 0.000026204038065849065
 3047.4433789027894 0.000026117886842796513
 3075.916708494763 0.00002603873140812964
 3104.583455105372 0.000025958091183976234
 3133.4318964910644 0.000025880990959518216
 3162.473754895393 0.00002580335320714919
 3191.6973080748035 0.000025725520943636202
 3221.1142782728507 0.00002565638752461075
 3250.7129432459806 0.000025587459150848534
 3280.5050252377473 0.000025526180411216876
 3310.4788020045958 0.000025467172783558666
 3340.6401346683037 0.000025405172675865304
 3370.9831621070944 0.00002534989715648356
 3401.519606564522 0.00002530640451362835
 3432.2318846752546 0.00002525917429710838
 3463.1375798046233 0.000025216431997727738
 3494.219108587298 0.00002518473410199
 3525.4881932668327 0.000025144547547244346
 3556.944833843226 0.000025117500287965626
 3588.577308072926 0.000025097148331565703
 3620.391477077708 0.000025074632426859523
 3652.387340857572 0.000025064322504877254
 3684.564899412519 0.000025050176345402652
 3716.924152742549 0.000025042318097646566
 3749.4592397258843 0.00002503852298539078
 3782.176021484302 0.000025044715558896583
 3815.062775774249 0.000025066425188572617
 3848.1312248392787 0.00002508566355509995
 3881.375507557614 0.000025106903609715884
 3914.795623929255 0.000025092018053259692
 3948.385712832424 0.000025114993977614914
 3982.1516353888996 0.000025175818048196517
 4016.0875304769042 0.00002523801093004025
 4050.1933980964372 0.000025299772549163425
 4084.4692382474996 0.00002532358793942586
 4118.915050930091 0.000025347167294308638
 4153.53083614421 0.000025409440276692606
 4188.310732768082 0.000025512200390804047
 4223.248879679929 0.00002561189278648294
 4258.356999123305 0.000025672211449562674
 4293.629229976433 0.000025736060162845492
 4329.059711117536 0.000025873537995935475
 4364.648442546613 0.000025974162610084827
 4400.395424263667 0.000026035817172069914
 4436.306517390472 0.000026172268026114747
 4472.364138561698 0.00002630986111379679
 4508.580010020901 0.00002644399780779534
 4544.948270646301 0.000026581414480238395
 4581.463059316123 0.00002671757756410559
 4618.130237152142 0.00002688752441779449
 4654.943943032584 0.000027056093614628995
 4691.910038079223 0.000027227591343178396
 4729.010938926731 0.000027434311153858828
 4766.258367818659 0.000027603194219776045
 4803.646463633233 0.000027806798695438814
 4841.17522637045 0.000028045404946824577
 4878.838794908536 0.000028250372791201272
 4916.6371692474895 0.000028487739679391166
 4954.570349387311 0.000028725633391277754
 4992.6324742062225 0.00002899762384166259
 5030.823543704226 0.000029267894809884408
 5069.143557881319 0.00002953623356710826
 5107.5925167375035 0.000029873760932416988
 5146.158698029226 0.000030176181763290515
 5184.853824000038 0.00003047876175810521
 5223.6603112846105 0.000030847759323545824
 5262.589882126498 0.00003121452096323206
 5301.6308142821445 0.00003158382958086623
 5340.783107751552 0.00003195105169061268
 5380.04676253472 0.00003235110549646847
 5419.415917509871 0.00003281388182503596
 5458.896433798783 0.00003327664721726563
 5498.476589157901 0.0000337393648424198
 5538.162244709002 0.00003423445358011418
 5577.941678208533 0.000034761725499333395
 5617.820750778271 0.00003531852265962456
 5657.793601296438 0.00003587788576117218
 5697.854368641259 0.00003646659860890751
 5738.008913934508 0.00003711901057815484
 5778.245514932634 0.00003777140369969428
 5818.570032757413 0.00003848429547061244
 5858.9766062870685 0.00003923453372277777
 5899.453513278046 0.00003998188893274336
 5940.012475973899 0.00004082699827144179
 5980.63004988752 0.00004168256153953245
 6021.364846236679 0.000042596756419907915
 6062.158253803607 0.00004360117996129816
 6102.951661370535 0.000044604025693733635
 6143.862291373 0.000045696104885149385
 6184.831532593232 0.0000468790555248732
 6225.8593850312345 0.00004808974601350652
 6266.945848687004 0.00004945699003937604
 6308.032312342774 0.0000508798135648879
 6349.235998434083 0.00005239142979985186
 6390.43968452539 0.00005402234791894511
 6431.760593052234 0.00005578099486384684
 6473.022890361311 0.000057723567064831184
 6514.402410105923 0.00005980634524328169
 6555.7819298505365 0.00006211198333587509
 6597.22006081292 0.0000646305947742883
 6638.658191775301 0.00006744116869249493
 6680.096322737682 0.00007051179570575858
 6721.5930649178335 0.00007392542847613994
 6763.148418315752 0.00007787444454573943
 6804.703771713671 0.00008245880525930778
 6846.200513893821 0.00008769876721957467
 6887.814478509509 0.00009394476440855788
 6929.369831907428 0.00010142090024286702
