 0. 0.
 0.27733945814849353 0.11776557081198823
 0.8352789206466484 0.3547071784020093
 1.3997828375944303 0.5937543775937251
 1.9709309392078262 0.8330473538679863
 2.5487861703941954 1.06973038139578
 3.133446445453872 1.3003185397822214
 3.724981703172811 1.5211890638394532
 4.323468876215561 1.7290525580370066
 4.928991891125267 1.921288022013994
 5.541634674445073 2.09610503494763
 6.16148814659672 2.2525580512949457
 6.788615252487565 2.390459631247906
 7.42309292478216 2.510238173093547
 8.06506104105241 2.612777202770533
 8.714582546205671 2.6992633131299324
 9.371727379027904 2.771055451860266
 10.036565478305056 2.8295812976548835
 10.709306660394992 2.8762616955160776
 11.38988098651176 2.912461028981017
 12.078428334227262 2.939458309231215
 12.77508858111341 2.9584305850417576
 13.479931665956157 2.970444314494156
 14.193097466327409 2.976452619518405
 14.91458598222717 2.9772982307892715
 15.644537091227342 2.9737214769597777
 16.383090670899836 2.9663714361272895
 17.13031666003061 2.9558169672175487
 17.886284997405607 2.942557522195437
 18.651135560596746 2.927030994626037
 19.425008227175926 2.9096190233662047
 20.20790299714315 2.8906524681732337
 21.000029686856283 2.8704169187443807
 21.801388296315324 2.8491607617067385
 22.612258580664083 2.8271012035742746
 23.432570601116613 2.8044255261513404
 24.262464235244813 2.7812925333196077
 25.102149299406555 2.7578358586051634
 25.951695732387783 2.7341667068966427
 26.81117347297446 2.710374184008444
 27.680792337524437 2.686527372609763
 28.56055232603773 2.662677652518825
 29.45059331608623 2.638863213500484
 30.351125124027806 2.615117492032965
 31.262217688648413 2.591477891466427
 32.183940948734 2.5679901529820874
 33.11650472064243 2.5447029466702524
 34.05997894315966 2.5216570517431993
 35.014503493857596 2.4988752178115976
 35.98021825030815 2.476370571616914
 36.957263090083224 2.454170190638576
 37.94570795196877 2.4323193009837545
 38.94576265232265 2.410855775162379
 39.95749712993082 2.389794083943475
 40.98112120115115 2.3691371942523927
 42.01670480476958 2.3488882622461196
 43.06438781835803 2.3290473842809214
 44.12431011948839 2.309607487719834
 45.19668152451854 2.290549523861822
 46.28164191102038 2.2718458267933017
 47.379261217779856 2.2534718117415644
 48.48967932236889 2.2354105566002107
 49.61310604114534 2.217640621501172
 50.74968125168111 2.200128694718134
 51.899544831548106 2.1828375619444498
 53.06283665831824 2.1657404017688333
 54.23976654834937 2.148830629438701
 55.43040444042745 2.1321165356323784
 56.63496015091035 2.115605014654481
 57.85364349615592 2.099298495824879
 59.08652441495013 2.0831996999120572
 60.33381272365081 2.0673179093821887
 61.5956482998299 2.0516762859754984
 62.87224095984524 2.036293979654649
 64.16373058126875 2.0211655330101275
 65.4703269804583 2.006281748620127
 66.79210009619982 1.991644631492406
 68.12932968363714 1.9772552604036913
 69.48222555912811 1.963106936041112
 70.85078772267275 1.9491941217608686
 72.23557568455868 1.9355262124643042
 73.636449567214 1.922126391214996
 75.05340937063868 1.909012951103487
 76.48715448269229 1.8961936613656327
 77.93698551551529 1.8836804612163403
 79.40430124482674 1.8714971867793873
 80.88840228276712 1.8596632564597502
 82.38998801719596 1.8481737946087633
 83.90905844811324 1.8369983706399884
 85.44631296337853 1.8260884927565237
 87.00105217513227 1.815389023692487
 88.57327608337448 1.8048457831292797
 90.16438346382422 1.7944131268666805
 91.7743743164815 1.7840624933233773
 93.40254925348677 1.773807623321923
 95.04960766269959 1.7636828637363984
 96.71624893197945 1.7537088033602912
 98.40177367346688 1.7439048079990214
 100.1075806628809 1.7342868500623583
 101.83297051236201 1.7248434980122245
 103.57794322191019 1.715543654546161
 105.34319817938497 1.7063663164889866
 107.12943477264592 1.6972838169215305
 108.93595361383348 1.6882653862213872
 110.7641534786667 1.6792940570885782
 112.6133349792861 1.670351626950889
 114.48349811569165 1.6614114729511242
 116.37534227574288 1.6524594513523765
 118.28956684729933 1.6435204628272662
 120.22617183036101 1.6346515716720567
 122.1844578370684 1.6258774991480356
 124.16652303100007 1.617149789754078
 126.17026924857743 1.6084055147330825
 128.19849404123863 1.5996188921118288
 130.24909924540506 1.5908188395771403
 132.32418302465535 1.5820626691778996
 134.42304599112992 1.5733848393073457
 136.54638753268836 1.5647961723437878
 138.69420764933062 1.5563034239731794
 140.86650634105672 1.547904228959342
 143.06468238358576 1.5395523102978623
 145.2873370011986 1.531167411567015
 147.53656835747393 1.5227170044886635
 149.81097767669266 1.5142672587337447
 152.11266312243333 1.5059340173759448
 154.44022591897698 1.497805849444954
 156.79436545418304 1.4898789173441176
 159.17648050377065 1.4820067182627399
 161.58587167988028 1.4740376108074489
 164.02253898251186 1.4659242359219808
 166.48788118738455 1.4576882902344996
 168.98119890663875 1.4494177390396865
 171.50389091599357 1.4412404875628027
 174.0552578275895 1.4332190662252455
 176.63599902928595 1.4253058505890388
 179.2461145210831 1.4174091939155542
 181.8870030786999 1.4095000488320681
 184.5572659264173 1.401573078473882
 187.2590012278139 1.3935958974351337
 189.9922089828898 1.3855389320381855
 192.75618980378533 1.3774087802534813
 195.55164307836012 1.3691807043555615
 198.3799675823332 1.3608518487440557
 201.240463927845 1.3524003601818475
 204.13383150275519 1.3437634640005789
 207.06007030706363 1.3349433382263003
 210.02057911648944 1.3259437001073944
 213.0146585431731 1.3167955018504167
 216.04300797497416 1.3076171423896403
 219.10562741189258 1.298399232275581
 222.20391562964747 1.2890565677032344
 225.33787262823878 1.2796657102600295
 228.50679901980703 1.2703198872913857
 231.71279296793085 1.2609831708515693
 234.95515508475063 1.2516826275780801
 238.23458475812592 1.242511449537538
 241.55178137591633 1.2334108202305916
 244.90674493812176 1.2241485957657328
 248.2994754447423 1.2145393988069315
 251.73137167149696 1.2046023621592836
 255.2031330062453 1.1944748031463248
 258.7133606732683 1.1842113925161046
 262.2641528361445 1.1737811144334438
 265.8555094948739 1.16311618002642
 269.48743064945654 1.1522588544645878
 273.1606156877519 1.141265587797249
 276.87576399761963 1.1300982538029878
 280.6335749669191 1.1186948736095539
 284.433349207791 1.1070567980477852
 288.27648549595426 1.0953307115639777
 292.16368321926836 1.0836453109259427
 296.09494237773345 1.071854340142104
 300.07026297134934 1.0597340861661075
 304.0917431636949 1.0472272033230237
 308.1579841790508 1.0344789532558727
 312.2703847931363 1.0215122263237653
 316.42894500595133 1.0081025386933626
 320.63506359321497 0.9941181321683492
 324.8887405549272 0.9796726230552223
 329.1906752789476 0.964921042013248
 333.5415671531356 0.9499134725156698
 337.94071678963184 0.9346200746292092
 342.3902223520148 0.9190833167521933
 346.88938445242496 0.9034273280517904
 351.4396018665815 0.887757439638133
 356.04087459448425 0.8721387997637542
 360.6939020239929 0.8564128426059852
 365.3993835429669 0.8403322783470537
 370.1580185392658 0.823793769664265
 374.96980701288965 0.8070137144103936
 379.8361477395574 0.7902714944848541
 384.75704071926924 0.7733720636315015
 389.73248595202506 0.7559366616839847
 394.7645816014035 0.7379981769901649
 399.852628279545 0.7197211234619061
 404.9980247621686 0.7008598801939234
 410.20077104927435 0.6810385491279249
 415.4615665287218 0.6605162535413468
 420.7811105883705 0.6395364459141022
 426.16010261607994 0.6178779354525956
 431.59924199970965 0.5954412837302687
 437.0992281271192 0.5724620796635147
 442.6607603861682 0.5492629610071801
 448.2838387768565 0.5262033466294745
 453.96916268704365 0.5034707244808514
 459.71813089244887 0.480971873508964
 465.5314427809316 0.45854800170597804
 471.4083989646324 0.4361200287515091
 477.3510976071297 0.41381235258202503
 483.36023809628324 0.3915611808690199
 489.4351210442333 0.36952425331047
 495.57784461455856 0.3479805159601127
 501.7884088072591 0.3270345348892429
 508.06751301019443 0.30669520783069404
 514.415856611224 0.2867169448416858
 520.8341389982073 0.26684898606379415
 527.3237589468638 0.24753740557849405
 533.884716457193 0.22910633879677364
 540.5177109170546 0.2117419070377176
 547.2241411021679 0.19588823022904855
 554.0040070125326 0.18139603983675273
 560.8580080360084 0.16739765880678864
 567.7875429483144 0.15318857101332992
 574.79331113731 0.13921496137716
 581.8753126029953 0.12624035213764667
 589.0349461210894 0.11465564143210367
 596.2729110794517 0.10463568605634584
 603.5899068659419 0.0957157430386784
 610.987332256279 0.08732480204776463
 618.4644878626035 0.07950666340533517
 626.023471848494 0.07236056799314794
 633.6649836018099 0.06548656170135315
 641.3890231225514 0.058446514639208184
 649.197688574297 0.05111974685236926
 657.0902805691874 0.043523506108014635
 665.0688972708008 0.036079492799386596
 673.134238066997 0.029750703512560497
 681.286302957776 0.025252590785603143
 689.5264907188567 0.022058670025270805
 697.8555007380991 0.019366987618965548
 706.2768299548003 0.01707778443244709
 714.7813863267866 0.015025956437762524
 723.3838569991082 0.013024624416735487
 732.0772480931699 0.01099171186067324
 740.8685534875668 0.009109856623497377
 749.7437854251085 0.008038102363505571
 758.7239255415809 0.00777917048576386
 767.7949860797933 0.007831044900023728
 776.963960918341 0.0079382507989613
 786.2308500572242 0.00800130824011669
 795.5956534964425 0.00791367537484078
 805.0583712359964 0.007587474955518784
 814.625997154481 0.007084324734708192
 824.2985312518964 0.006553849769624863
 834.0619857710517 0.006010719181121544
 843.9373423477332 0.005316719686929493
 853.9176071033454 0.004303515023380913
 864.0027800378883 0.003044017363536322
 874.1858672727667 0.0019113108488845384
 884.4878504437665 0.0011419359467707711
 894.8877479151018 0.0007132450696640681
 905.4065413225585 0.0005168123895971332
 916.0302429089461 0.0004353085168227923
 926.7658465528596 0.00039409304458977174
 937.6133522542993 0.0003643078641429585
 948.5727600132653 0.0003391847337641818
 959.6510637083528 0.000319231962350155
 970.8412694609663 0.00030407451635052824
 982.1503711497014 0.0002938939113197124
 993.5783687745579 0.00028933504144501983
 1005.1182684569408 0.0002898182982478918
 1016.7840579540405 0.00029310053776686605
 1028.5617495086663 0.0002944442422843179
 1040.4723247566044 0.00029375999777493124
 1052.4948020620684 0.00029072432080252784
 1064.650163060845 0.00028068106084759966
 1076.924419995743 0.0002680255864405837
 1089.3245667453577 0.00024915407600023743
 1101.857597188285 0.00020921216959178621
 1114.5095235673336 0.00015241130561055715
 1127.2943336396945 0.00009517010782392641
 1140.212027405368 0.00006682551498454183
 1153.2556109857583 0.000058948488451523496
 1166.439072138056 0.000052987682132605554
 1179.7484231050707 0.00004534778695251266
 1193.1976516439931 0.00003610841351836577
 1206.779763876228 0.00002553439526876393
 1220.4947598017748 0.000016325490629982832
 1234.356627177825 0.00001060924706361085
 1248.3513782471873 0.000008112109746142822
 1262.4860068884573 0.000007848331531879874
 1276.7605131016348 0.00000852038530523391
 1291.1818907653158 0.000008132145746349293
 1305.743146000904 0.000006390320616027335
 1320.4512726869955 0.000004331859271624689
 1335.30627082359 0.0000025424848860123055
 1350.3081404106874 0.0000012180031324382673
 1365.4568814482882 4.819216069864209E-7
 1380.7524939363916 2.2442597886653728E-7
 1396.1949778749986 1.3538724255369215E-7
 1411.7983210212992 7.806026129620958E-8
 1427.5485356181025 4.260318418316509E-8
 1443.4526155440046 2.3312363746203062E-8
 1459.5105607990051 1.316899116322913E-8
 1475.722371383104 7.437466118430194E-9
 1492.0950411748968 4.0983268458147305E-9
 1508.6285701743834 2.15594206852714E-9
 1525.3159645029682 1.0499977209683978E-9
 1542.164218039247 4.715838827715958E-10
 1559.180324661815 1.9830082146975417E-10
 1576.3502966134815 7.963167147653298E-11
 1593.6951155300324 3.063225117999631E-11
 1611.1937997756818 1.1170186313627786E-11
 1628.8673309862158 3.688566330527757E-12
 1646.7017214044438 1.0504987894986163E-12
 1664.7039649089609 2.697561719293154E-13
 1682.8810553783626 7.769396686114573E-14
 1701.2259989340532 2.6615967119511296E-14
 1719.745789454629 1.011911467386545E-14
 1738.4334330614936 4.461369778714936E-15
 1757.3029175118381 2.5095381783086208E-15
 1776.340255048472 1.4981365021576708E-15
 1795.5594334285856 7.944397438027794E-16
 1814.953458773584 3.717271669779002E-16
 1834.522331083467 1.5856966415958964E-16
 1854.2730442368297 6.214731634797867E-17
 1874.2125921122683 2.2445565446935633E-17
 1894.3269869525911 7.522293978346825E-18
 1914.6232226363938 2.400105918738296E-18
 1935.101299163677 7.613742528254825E-19
 1955.768210413035 2.4826539375396442E-19
 1976.6239563844683 8.440493003233647E-20
 1997.6615431993819 2.919989298262537E-20
 2018.894958614966 9.899599081436355E-21
 2040.3102148740304 3.189371221280938E-21
 2061.9212997337654 1.0017884902795053E-21
 2083.7212193155756 3.125219045614118E-22
 2105.7099736194614 9.609093659427634E-23
 2127.9015504026133 2.8986828748584446E-23
 2150.28196190784 8.195750622411079E-24
 2172.8582020137383 1.9864891559672074E-24
 2195.6302707203067 3.837291874954143E-25
 2218.598168027546 5.946280782595701E-26
 2241.7688878140516 7.597471313038617E-27
 2265.1354362012275 9.12886863091956E-28
 2288.7048070676697 1.2887942971990626E-28
 2312.4770004133784 2.0572161143607154E-29
 2336.4450223597573 3.194604342323563E-30
 2360.6228606639984 4.922772087272963E-31
 2385.003521447505 8.393986464412016E-32
 2409.587004710278 1.6920432310628745E-32
 2434.3803043309126 3.705635987864937E-33
 2459.376426430813 8.063181239615582E-34
 2484.57537100998 1.7406032918681418E-34
 2509.991125825603 3.9484507435353335E-35
 2535.616696999088 9.08826469997859E-36
 2561.445090651839 1.829547288146417E-36
 2587.490294541047 2.8006872500281907E-37
 2613.745314788117 3.063489740643452E-38
 2640.210151393048 2.4608368875320683E-39
 2666.891798234436 1.5691198876084533E-40
 2693.7832614336853 8.006367396873887E-42
 2720.8915348693918 3.1696322538138008E-43
 2748.2096246629594 1.0001089826224228E-44
 2775.7515185715797 2.7401281439086815E-46
 2803.5032288380617 7.088615720882471E-48
 2831.4787432195953 1.7539846466030963E-49
 2859.671067837586 4.011569464554166E-51
 2888.073208813438 8.292820995474387E-53
 2916.699153904343 1.546416550916164E-54
 2945.5489031102998 2.6208054746992103E-56
 2974.6154625527133 4.0773169488038166E-58
 3003.898832231584 5.881783386843344E-60
 3033.406006025507 7.94335300674885E-62
 3063.136983934482 1.0137876210290855E-63
 3093.084772079914 1.2347566245658444E-65
 3123.2563643403987 1.4504318514899293E-67
 3153.651760715935 1.6618266907239895E-69
 3184.2639673279286 1.8775996164686807E-71
 3215.1069719335696 2.118430440378853E-73
 3246.166786775668 2.6038320609467746E-75
 3277.457399611413 5.979262577572161E-77
 3308.964822683616 2.525339148050661E-78
 3340.6960498708704 1.1304466410045768E-79
 3372.6580750517733 4.944664357042009E-81
 3404.836910469133 2.1190892199205668E-82
 3437.2465438801396 8.968264696066748E-84
 3469.879981406199 3.7735842317924573E-85
 3502.73722304731 1.5845955958974126E-86
 3535.818268803474 6.639541230717233E-88
 3569.1231186746904 2.7729634853144472E-89
 3602.6517726609586 1.1834433482906642E-90
 3636.411224640875 6.25488005333162E-92
 3670.387486857248 5.379733221059729E-93
 3704.5945470672686 5.691803515712875E-94
 3739.0184175137456 5.918896989671312E-95
 3773.673085953871 5.822719446664616E-96
 3808.544564630453 5.402431371345361E-97
 3843.6468413006824 4.733911531147667E-98
 3878.965928207369 3.924818217846518E-99
 3914.5158131077037 3.084456382011641E-100
