 0. 0.
 0.2799301413455864 0.2799301413455864
 0.8430814276503454 0.8429826393387202
 1.412858488283101 1.4119061079318522
 1.9893417982356907 1.9853724426243526
 2.5725948903964087 2.5612656947339234
 3.1627165937025983 3.1367605580334863
 3.7597775002523646 3.7085148630774336
 4.363855261353621 4.272932050128229
 4.975034587524091 4.826441508959729
 5.5934001892815 5.365742972206174
 6.219043836353381 5.88799028895102
 6.852029061628029 6.39089841328615
 7.492433516413357 6.872785093690828
 8.140398384905572 7.332555983967786
 8.795987199992966 7.769653169622287
 9.459270553773646 8.183979233636183
 10.13031903834571 8.575814090410955
 10.809344430003474 8.945730330804336
 11.496276136648833 9.294517287904387
 12.191255342477993 9.623112547335511
 12.89442323168716 9.932547708525647
 13.60585039637444 10.223903079411805
 14.325678020736039 10.498274707798556
 15.053906104771958 10.756748006444827
 15.7906758326784 11.000381587794502
 16.536128388651576 11.230193863818917
 17.29033436478959 11.447155814185813
 18.053364353190542 11.652186306839253
 18.825359538050645 11.846150396392312
 19.606461103566097 12.029859749528914
 20.396669049736907 12.204073708508385
 21.196195152857378 12.36950099277277
 22.005039412927516 12.526800549750469
 22.823484198339735 12.676580916753508
 23.651458916995928 12.819403198790324
 24.489104753092303 12.95578128126667
 25.33663348292317 13.086186084003876
 26.194115698586632 13.211049177154372
 27.061621992180793 13.330769374929993
 27.939364139999967 13.445715713414753
 28.827342142044156 13.556229577573982
 29.725697182509556 13.662624701254318
 30.63464103769049 13.765186741781893
 31.55424429968505 13.864174556167798
 32.48457756059135 13.959824667827265
 33.425852596703685 14.052356584102485
 34.37814000012018 14.14197832648635
 35.341580955037024 14.228887706827932
 36.31631664565043 14.313271901930648
 37.30248825615662 14.395304475739485
 38.30016637865368 14.475146017443747
 39.309562789435915 14.552947544691643
 40.33074808060144 14.62885177979578
 41.36393402844457 14.70298783221034
 42.409191225063395 14.775465881008241
 43.46666085465414 14.846378663787544
 44.53648410141299 14.915807432297004
 45.61887274163426 14.983824292146123
 46.713967959514186 15.05049730762705
 47.82184034715083 15.115893054125548
 48.94263108874043 15.180082573746555
 50.07655196057728 15.243138397501392
 51.22374414685759 15.305131780195907
 52.384348831777565 15.366129084514949
 53.55850719953342 15.426188590508676
 54.746431026419465 15.485361346396202
 55.9481909045338 15.543693933677465
 57.16399861017074 15.60122846713324
 58.39406591962458 15.65800323292786
 59.638463424993446 15.714057368029312
 60.89740290257162 15.769440219049407
 62.17102553655534 15.824215596262043
 63.45954310323891 15.878451563959365
 64.76309678681851 15.932200021164144
 66.0818983635885 15.985485641182285
 67.41601842564693 16.038314166938438
 68.76573934138622 16.09069261756273
 70.13127288710072 16.142637583726376
 71.51261906279042 16.194174164137106
 72.91034260524012 16.24532596859626
 74.32430233025364 16.296107886167746
 75.75449823783096 16.346527148682608
 77.20163624895314 16.396593327681924
 78.66501044263912 16.446322801136
 80.14603266085098 16.49573215971604
 81.64399698260769 16.544834378177747
 83.15960932889027 16.59363987886585
 84.69286969969873 16.64216163653604
 86.24448401601411 16.690423260989657
 87.81374635685538 16.738458358970956
 89.40065672222251 16.786298410215057
 91.0066269540776 16.83394958304843
 92.63165705242065 16.881388693071568
 94.2750410962706 16.928587025661212
 95.93748500660853 16.97553394577172
 97.61969470441541 17.022240513850562
 99.32096426871024 17.06873097780182
 101.0427055414551 17.115032563342353
 102.78421260166897 17.16117228348811
 104.5454854493518 17.20717204643313
 106.32723000548467 17.25304248722306
 108.13015219104858 17.29878594556794
 109.95354608506251 17.34440433577599
 111.79882352948853 17.38989659434265
 113.66527860334563 17.435267400687994
 115.55291130663376 17.480553552069974
 117.46242756033399 17.525807585614096
 119.39453328542734 17.571041625272397
 121.34922848191383 17.616214832469584
 123.32580722881241 17.661268714454597
 125.32638728906619 17.706164772362175
 127.34885089973204 17.750896625164938
 129.39602174473413 17.795487244561482
 131.46578206112935 17.839979170734406
 133.5602496118608 17.884416432772696
 135.67871847594745 17.928835189831556
 137.82189457437036 17.973273940776235
 139.98977790712945 18.0177730987802
 142.1823684742248 18.062346702103707
 144.40107811761845 18.106981775991063
 146.64449499534834 18.15168342526418
 148.91473687035753 18.1964784502381
 151.21039190068404 18.24136387310003
 153.5335778492709 18.286296728265555
 155.88288287415605 18.331227031020127
 158.25901289632057 18.376115644395753
 160.66337975772646 18.42092662193814
 163.09527753739275 18.465632950631345
 165.5547062353194 18.51021697629959
 168.04307769346852 18.554655514543356
 170.559685990859 18.598930698485955
 173.105942969453 18.643068690339685
 175.68114270826942 18.687132874976612
 178.2859911282893 18.731175364120414
 180.9204882295127 18.775226361300735
 183.58604585390165 18.819322876476434
 186.28125215949407 18.863487030542462
 189.00822490923306 18.907707337649512
 191.76696410311862 18.951969759537334
 194.55676382016978 18.996237073546155
 197.3783299813675 19.040455253644076
 200.23307442867386 19.084588353376805
 203.12029124110785 19.128601064392793
 206.0406863396505 19.172464246666955
 208.9942597243018 19.216185429811613
 211.9824232370238 19.25977984321214
 215.00447095683552 19.303273181138817
 218.06110880471795 19.346732040247502
 221.15233678067113 19.390187432331306
 224.2795667266571 19.433620916221074
 227.44279864267583 19.477029620454477
 230.64132660774632 19.520387276468767
 233.87726838481174 19.563614100151483
 237.14991805289097 19.606645302804537
 240.459981532965 19.64947720470213
 243.80816474601502 19.69213941381135
 247.1944676920409 19.73462478338152
 250.61889037104268 19.776853742001098
 254.0828446249824 19.818694330023668
 257.58703637484115 19.86010319900317
 261.1300537786569 19.901201248138538
 264.7140145993726 19.942116161787833
 268.3389188369884 19.982904007911714
 272.0047664915042 20.023526947017764
 275.7122634839011 20.06385446582578
 279.4621157351601 20.10379425213953
 283.25502916626226 20.143329630207436
 287.0902978562265 20.18243222572771
 290.969333647015 20.22106566684423
 294.89284245960863 20.259242311480037
 298.86082429400756 20.297016547258583
 302.8732791502116 20.334459309934346
 306.9323247911641 20.371580447559595
 311.03654937490273 20.4083160009698
 315.18736474338976 20.444578060877628
 319.38477089662507 20.480259000621107
 323.63017967657083 20.51528356661723
 327.92359108322694 20.549604709424052
 332.2657110375745 20.58321764327102
 336.6572454605945 20.616211893972412
 341.0974884313059 20.648657206157594
 345.5885577126519 20.680484664730756
 350.12974738365136 20.71157128602402
 354.7224692862664 20.7418556845539
 359.36672342049707 20.771349877921978
 364.0632157073243 20.80012656730031
 368.8126520677291 20.828293315540588
 373.6157384226927 20.855873753714246
 378.47247477221487 20.88274674865134
 383.38427295825784 20.90877685241049
 388.3511329808215 20.93390029725798
 393.37305483990593 20.95810206650936
 398.45215629845427 20.98136946192012
 403.5877314354854 21.003645479645584
 408.7811920929614 21.024890599856125
 414.0325382708823 21.045133452094625
 419.3424758902291 21.064372217768277
 424.71171087198286 21.08258923419327
 430.14094913712466 21.099829668408475
 435.6308966066354 21.116080575436325
 441.18225920149627 21.131263723881034
 446.79574284268824 21.14536145318579
 452.4713475302113 21.158383020094327
 458.20977918504644 21.170350717789336
 464.0124496491558 21.181331672551945
 469.8800648435205 21.191397670940283
 475.81191884715935 21.200622094769326
 481.81012942301544 21.209057266336654
 487.87540249206995 21.216720812166933
 494.00703213334174 21.223624690305485
 500.2071361097739 21.22980165669291
 506.47571442136655 21.235283633482226
 512.8134729891007 21.240108215559804
 519.2211177339572 21.24432307558127
 525.6993545769172 21.24797410164159
 532.249595359943 21.251129738980246
 538.8718400830342 21.253875174738294
 545.5667946671721 21.256270824908455
 552.3358709543187 21.25837060236574
 559.1790689444739 21.26022121623064
 566.097094558619 21.261838292788426
 573.0913596387157 21.263229810024942
 580.1625701057454 21.26440276409862
 587.3107259597078 21.265365148735167
 594.5372390425653 21.266139843533693
 601.8428152752986 21.266757337893868
 609.2281605788888 21.26723595238343
 616.6946867952983 21.267592647773174
 624.2416880035457 21.26786094551429
 631.8712819665742 21.268071979383862
 639.5841746053648 21.268246174986754
 647.3803659199176 21.268400473291308
 655.2619736731757 21.268544446115122
 663.228291944158 21.26868141599535
 671.2814384958076 21.268808444553954
 679.4221192491057 21.268920067525755
 687.650334204052 21.26901985890292
 695.9674952026087 21.26911365917601
 704.374308165757 21.269200577553597
 712.874302698402 21.269280139585035
 721.45830182779 21.26935702579644
 730.1411298945229 21.269434476728776
 738.9157276887906 21.269507653457534
 747.7891544204031 21.269568394393442
 756.7472916697399 21.26961867080602
 765.8113170662319 21.269674871045382
 774.9671121902585 21.2697508039313
 784.22173625163 21.269839280321808
 793.5751892503465 21.26991825339292
 803.0274711864079 21.26997199740893
 812.5785820598143 21.27000085386966
 822.2355810803758 21.270014560578115
 831.9984682480928 21.270022834399022
 841.8531251433442 21.270030943223578
 851.8207293955613 21.27003964513698
 861.8942217949336 21.27004793348749
 872.0736023414613 21.270054946221702
 882.3518118253339 21.270060369101667
 892.7500278759825 21.27006466067653
 903.2470728639761 21.27006805925638
 913.8641244187454 21.270070226099925
 924.5870641206703 21.270071199530758
 935.4229511795605 21.2700713796125
 946.3717855954166 21.270071439797498
 957.4335673682383 21.270071529955885
 968.615355707836 21.270071191482582
 979.9100914043992 21.270070437360427
 991.3248336677385 21.270070128288985
 1002.8595824978538 21.270070555330097
 1014.5072786849347 21.270071201689888
 1026.2820406486019 21.270072236057405
 1038.1697499692348 21.270073631965214
 1050.1915842762644 21.27007501144294
 1062.3263659402596 21.270076274760232
 1074.5952725906513 21.270078441083083
 1086.9841858078191 21.27008134446671
 1099.5001648015734 21.270083685952592
 1112.1502687817242 21.270085606235153
 1124.920379328651 21.27008724983573
 1137.8246148619746 21.270088397069582
 1150.862975381695 21.270089183012686
 1164.0284016780015 21.270089805150434
 1177.3350121705153 21.270090315424262
 1190.768688439615 21.27009068489445
 1204.343548904922 21.270090898999676
 1218.0525343566258 21.270090994771877
 1231.895644794726 21.27009103537878
 1245.8869986388438 21.270091073434354
 1260.0124774693584 21.270091131360573
 1274.27914049608 21.270091201203435
 1288.6869877190084 21.270091254088076
 1303.2430783479542 21.27009127820974
 1317.9403531731073 21.270091286687745
 1332.7858714042775 21.270091290812452
 1347.7796330414653 21.27009129379304
 1362.9216380846703 21.270091295728747
 1378.211886533893 21.270091296740116
 1393.6503783891328 21.270091297223278
 1409.2371136503903 21.27009129746534
 1424.9862107372858 21.270091297594494
 1440.8835512301985 21.270091297662603
 1456.936194338939 21.27009129769632
 1473.1441400635074 21.27009129771176
 1489.5073884039034 21.270091297718267
 1506.0329985699377 21.270091297720843
 1522.7209705616099 21.27009129772182
 1539.5642451691099 21.27009129772217
 1556.569881602248 21.27009129772229
 1573.7449390708346 21.270091297722328
 1591.0752991552488 21.270091297722338
 1608.5821394849218 21.27009129772234
 1626.2442824304226 21.27009129772234
 1644.0829056211824 21.27009129772234
 1662.08389063758 21.27009129772234
 1680.2542966894264 21.27009129772234
 1698.6011829865313 21.27009129772234
 1717.1174903190845 21.27009129772234
 1735.8102778968969 21.27009129772234
 1754.6724865101576 21.27009129772234
 1773.7182345784875 21.27009129772234
 1792.9334036822659 21.27009129772234
 1812.332112241113 21.27009129772234
 1831.9073010452194 21.27009129772234
 1851.6589700945842 21.27009129772234
 1871.5941785990185 21.27009129772234
 1891.7199857683324 21.27009129772234
 1912.0222731829049 21.27009129772234
 1932.5081000525463 21.27009129772234
 1953.1774663772574 21.27009129772234
 1974.0374313668476 21.27009129772234
 1995.0879950213173 21.27009129772234
 2016.3220981308564 21.27009129772234
 2037.753859115085 21.27009129772234
 2059.3691595543833 21.27009129772234
 2081.1821178683713 21.27009129772234
 2103.1856748472383 21.27009129772234
 2125.379830490985 21.27009129772234
 2147.7787032192323 21.27009129772234
 2170.368174612359 21.27009129772234
 2193.1553038801753 21.27009129772234
 2216.1400910226816 21.27009129772234
 2239.322536039878 21.27009129772234
 2262.709698141574 21.27009129772234
 2286.2945181179603 21.27009129772234
 2310.0840551788465 21.27009129772234
 2334.0783093242335 21.27009129772234
 2358.2702213443094 21.27009129772234
 2382.673909658697 21.27009129772234
 2407.282315057584 21.27009129772234
 2432.0954375409715 21.27009129772234
 2457.1203363186696 21.27009129772234
 2482.3499521808676 21.27009129772234
 2507.7842851275664 21.27009129772234
 2533.4374535783854 21.27009129772234
 2559.3023983235153 21.27009129772234
 2585.3720601531454 21.27009129772234
 2611.6605574868963 21.27009129772234
 2638.1608311149585 21.27009129772234
 2664.87288103733 21.27009129772234
 2691.803766463823 21.27009129772234
 2718.9464281846267 21.27009129772234
 2746.307925409552 21.27009129772234
 2773.8811989287865 21.27009129772234
 2801.680367161953 21.27009129772234
 2829.69131168943 21.27009129772234
 2857.9281509308385 21.27009129772234
 2886.3838256763675 21.27009129772234
 2915.051276716207 21.27009129772234
 2943.944622469978 21.27009129772234
 2973.0638629376804 21.27009129772234
 3002.4019389095033 21.27009129772234
 3031.9588503854475 21.27009129772234
 3061.741656575323 21.27009129772234
 3091.750357479129 21.27009129772234
 3121.977893887057 21.27009129772234
 3152.431325008916 21.27009129772234
 3183.1106508447056 21.27009129772234
 3214.0088121846165 21.27009129772234
 3245.1399274482687 21.27009129772234
 3276.4898782160426 21.27009129772234
 3308.072782907557 21.27009129772234
 3339.8745231031935 21.27009129772234
 3371.9021580127605 21.27009129772234
 3404.1627468460697 21.27009129772234
 3436.6421711834996 21.27009129772234
 3469.3545494446707 21.27009129772234
 3502.2928224197735 21.27009129772234
 3535.456990108807 21.27009129772234
 3568.8470525117723 21.27009129772234
 3602.463009628669 21.27009129772234
 3636.304861459497 21.27009129772234
 3670.379667214066 21.27009129772234
 3704.6733084727566 21.27009129772234
 3739.1999036551883 21.27009129772234
 3773.9453343417413 21.27009129772234
 3808.923718952036 21.27009129772234
 3844.120939066451 21.27009129772234
 3879.551113104608 21.27009129772234
 3915.2001226468856 21.27009129772234
 3951.0820861129055 21.27009129772234
