 0. 0.
 0.25761715165407756 0.11213799695010024
 0.7758801355213893 0.3377491591506302
 1.300240758970049 0.5654252820038654
 1.8307730823998298 0.7935869281590797
 2.3675355745473956 1.019807618962332
 2.910619186780888 1.2411182907749234
 3.4600888843632682 1.4544074298921583
 4.016016129083789 1.6568003835174945
 4.578478879258003 1.8459320002326298
 5.14755509320146 2.0200860374343548
 5.723329225756009 2.178219765373596
 6.305859745658311 2.3199110117753046
 6.895218114697623 2.445263407164829
 7.491534263399861 2.554794682324962
 8.094866660501689 2.649325890846258
 8.70528027126607 2.729879035911779
 9.322840060955956 2.797591024703039
 9.947740925360229 2.853644482998175
 10.579917899215932 2.899215972946083
 11.219500913048979 2.9354409995096895
 11.866619897385288 2.9633906255866114
 12.521339817487823 2.9840588497351206
 13.183790603882498 2.998356926236083
 13.853972256569316 3.0071107706444304
 14.532014706074191 3.01106127556139
 15.218047882923045 3.010865491311303
 15.912136752378837 3.007100462109386
 16.614346279704527 3.0002693073967053
 17.32480639542603 2.990808838547843
 18.043647030069266 2.979099318477685
 18.770868183634235 2.9654751565496302
 19.506664751909817 2.9502330948997137
 20.251036734896008 2.933635181749185
 21.004243993644646 2.9159091271289173
 21.766221562892774 2.8972488483977448
 22.537099373166306 2.877815584027288
 23.317072320254123 2.857742422143496
 24.106205369419182 2.8371456104905834
 24.904563485924445 2.8161367799937134
 25.712341565558788 2.7948253857800722
 26.529539608322214 2.773311439751166
 27.35628754474063 2.751678138355415
 28.19278027060293 2.729991060783348
 29.039082751172064 2.708302393820941
 29.895259951710987 2.6866563124834473
 30.761506768008584 2.665092365523109
 31.637888165327812 2.6436464594810043
 32.52453407419459 2.622349503444256
 33.42157442513483 2.601228689615799
 34.329139148674464 2.5803084334944546
 35.24729321007644 2.5596064759435935
 36.17623150512964 2.539128361632773
 37.116018999097015 2.5188736552372895
 38.066850587767455 2.498846538390131
 39.02879123640391 2.4790571503088783
 40.00197087553231 2.4595204437700966
 40.98651943567856 2.4402571123577297
 41.98263181263154 2.4212851925379395
 42.990437936917175 2.4026124549766976
 44.01000277379841 2.384237188473193
 45.04145625380119 2.3661492591456534
 46.084993272714364 2.348332344671166
 47.14074376106387 2.3307708663523057
 48.20883764937561 2.3134520623025
 49.28940486817552 2.2963653150090066
 50.38264031325246 2.2795057979100966
 51.4886089498694 2.2628753666660164
 52.60750567381522 2.2464762912202594
 53.73952538087878 2.2303074145822688
 54.88473303632307 2.214370461948033
 56.043323535936935 2.1986804050444166
 57.21542681024632 2.1832700212012215
 58.401237755040086 2.1681823987479145
 59.60088630084415 2.1534491200379264
 60.8145673434474 2.1390744137143725
 62.04234584811279 2.125044312777734
 63.28448167589215 2.1113402587729855
 64.54116972257437 2.097939101888244
 65.81240998815944 2.0848135844710254
 67.09872219475105 2.071935929718419
 68.39997641182326 2.0592802385651092
 69.71617263937608 2.0468270456899487
 71.0479605300391 2.0345699547534735
 72.39469043118274 2.022521405214147
 73.75766164806616 2.0107109143282336
 75.1362245280598 1.9991705599099787
 76.53102872379321 1.9879193036951375
 77.94207423526642 1.9769574434873454
 79.37001071510902 1.9662728618048086
 80.81418851069141 1.955843265658803
 82.27460762201359 1.9456366466656452
 83.75256735433474 1.9356186079410669
 85.24806770765488 1.9257677173684804
 86.7604590293444 1.9160941254270172
 88.29039097203291 1.9066208745846953
 89.83851318834996 1.8973503204016424
 91.404176025666 1.8882543396544704
 92.98867878924021 1.8793089092990307
 94.59137182644298 1.8705142952985612
 96.21225513727431 1.8618731944515368
 97.85197837436381 1.853392560765763
 99.51119119034107 1.8451000198403802
 101.18924393257647 1.837035257149775
 102.88743590632922 1.8292061700689635
 104.60511745896973 1.821563529363338
 106.34228859049799 1.814020776122126
 108.09959895354359 1.8065068476633739
 109.8776982007361 1.7990051926915847
 111.67658633207559 1.7915339082172161
 113.4956136949324 1.7841280527072332
 115.33672924719534 1.7768180445764612
 117.1979840309756 1.76959026274778
 119.08197665679157 1.76239451918624
 120.9867581667545 1.7551841166718947
 122.91427751875312 1.747952435783039
 124.86388506015788 1.7407052122486897
 126.83623044359834 1.7334537471925633
 128.8313136690745 1.7262288472728184
 130.8491347365864 1.7190529866660096
 132.89099295139314 1.7119414962932873
 134.95558900823565 1.7048916674391417
 137.0448718650026 1.6979018287744463
 139.15754221643488 1.6910105739226882
 141.2955490204212 1.6842599757524064
 143.45759297170244 1.6776313757465529
 145.64432372290818 1.6710899676404298
 147.85704057929757 1.664651097859596
 150.09509388824105 1.6583595352774865
 152.3584836497386 1.6522739098425667
 154.6485091690494 1.6464472300758366
 156.96452079354387 1.640870062227332
 159.30781782848118 1.6354668186620682
 161.67775062123178 1.6301386703139173
 164.0749688244252 1.6247672691520658
 166.4994724380615 1.6192733919356
 168.95256076739986 1.6136781942237655
 171.43293450718102 1.6080203243097368
 173.94254261529383 1.6023351446133385
 176.48138509173828 1.5966947692973974
 179.04881228388476 1.591181336206024
 181.64547384436284 1.5857932125673728
 184.27266907843176 1.5804674833845975
 186.92974833346187 1.575145808805699
 189.61736126208282 1.5698245794196541
 192.33550786429458 1.5645414456433016
 195.0854874453563 1.559359524091723
 197.86665035263846 1.5543114860663545
 200.6796462387706 1.5493660569625438
 203.52447510375274 1.5445139511790527
 206.40243625284404 1.539820591442594
 209.31352968604455 1.5353406416794186
 212.2571057507246 1.531032249060898
 215.23511340477307 1.526715025348391
 218.24690299556028 1.522185416002412
 221.29312417571583 1.5173867906784406
 224.37442659786936 1.5124890858283202
 227.49081026202083 1.5077432571643992
 230.64227516817027 1.5032620490694981
 233.8301206215768 1.4989320276559917
 237.05499627487012 1.4945561018484497
 240.31560282279094 1.490050164488637
 243.61388922322809 1.4853848153732305
 246.94985547618157 1.4806062274537104
 250.32350158165136 1.4757609429581093
 253.73547719226704 1.470779867790107
 257.1864319606583 1.4656777021227412
 260.67701553945454 1.460599696818286
 264.2065782760264 1.4555868191430121
 267.7764194756329 1.4506101863834826
 271.3871887909036 1.4456271249429735
 275.0388862218387 1.4405562515369668
 278.731511768438 1.4353422814810268
 282.4670143885904 1.4301294478370092
 286.24409477703665 1.4250349418765451
 290.06405223903596 1.419954867568207
 293.9268867745883 1.4147408330220224
 297.8338976889529 1.4092924467085244
 301.7850849821298 1.4036558815314022
 305.78109830674845 1.3979696463573676
 309.82258731543845 1.3922513004236703
 313.90890235557043 1.386452667928059
 318.04199238503287 1.3806940757715251
 322.2212077511964 1.375190888861395
 326.44784775932015 1.3697998573056729
 330.72191240940407 1.3642395121690316
 335.0440513540778 1.358556880881674
 339.41491424597086 1.352775398005484
 343.8351507377129 1.3468022300545057
 348.304760829304 1.3405284082153657
 352.8250438260031 1.3337689068437009
 357.3959997278104 1.3266911224546436
 362.01762853472593 1.3197164357443982
 366.6918792046384 1.3127377117079273
 371.41810208491813 1.3056132947042614
 376.19759648082436 1.298574346362881
 381.0303623923572 1.2914568958803336
 385.91704947214606 1.283979389036893
 390.85830737282066 1.2761132056687305
 395.8547857470106 1.2681439628696756
 400.90713424734537 1.2601312473625763
 406.01600252645466 1.2520953830789363
 411.182040236968 1.2440365286740493
 416.40524737888546 1.2359014580228995
 421.68627360483646 1.227860851609051
 427.0264182200804 1.2196773095207012
 432.4263308772468 1.2111474746312112
 437.885361923706 1.2023073312086432
 443.4054603173468 1.1933033891443596
 448.9872757107989 1.184225359079463
 454.6301584514325 1.174682758857189
 460.3360574971366 1.164715633428225
 466.10497284791103 1.1544884766535084
 471.93755415638554 1.143759161053919
 477.8344510751895 1.1325682486584887
 483.7963132569527 1.1210192452694925
 489.8244400069343 1.1089514127756768
 495.9188313251342 1.0964675535934814
 502.08013686418207 1.083777637702534
 508.30965592933705 1.0707358949255243
 514.6073885205991 1.0574224056504715
 520.9739842905981 1.0439429344059825
 527.4107425445928 1.0300172099612266
 533.918312935213 1.0150679922039043
 540.4966954624588 0.9992471690201058
 547.1471894315891 0.9828884938316176
 553.8704444952339 0.9657292690568223
 560.6671103060223 0.9475410115267197
 567.538486169214 0.9284404894124019
 574.4839224321792 0.9086123034631812
 581.5053680528064 0.8881909170965344
 588.6034726837255 0.8669245602085393
 595.7782363249364 0.8447365911907359
 603.0316079343279 0.8214705644913755
 610.3629378592705 0.7971154803465641
 617.7741750576528 0.7720248083109778
 625.2659691821045 0.7463874709930183
 632.8383202326256 0.7207040062253642
 640.4925275144752 0.6948888457523413
 648.229240680283 0.6686853082014316
 656.0517079931969 0.6424039344516138
 663.9514839690322 0.6162219836584055
 671.9422113130103 0.5898172645847355
 680.0173934988354 0.563172444918106
 688.1835270528032 0.5365931523088333
 696.4276189223222 0.5103768140996708
 704.7691586862799 0.4843898988218712
 713.1951532920845 0.4584174670440342
 721.7120992660318 0.4326922319163277
 730.3199966081222 0.40792095684402646
 739.0188453183553 0.38426780661764387
 747.8086453967312 0.3615594262974872
 756.6958933695458 0.3394769270640489
 765.6805892367994 0.3178472655994646
 774.7497399458998 0.2969713161170308
 783.9228350757348 0.27635306412380467
 793.1933781000087 0.2558470353930016
 802.5613690187212 0.2362095053604624
 812.0203113055767 0.21783256961348557
 821.5896945394626 0.20105083472802607
 831.2500291414916 0.1857857057342262
 841.0208046905509 0.17082433893227567
 850.8890281340492 0.15605632057914257
 860.861195998282 0.14280404383873338
 870.9373082832495 0.13074442132071395
 881.1173649889519 0.11822286759385406
 891.4078626416847 0.10485644962274246
 901.8023047151521 0.09197315628472541
 912.3071877356502 0.08104872100012403
 922.9225117031789 0.07180309663655603
 933.6417800914423 0.06334054261229155
 944.4779859530322 0.0557850419384409
 955.4181362353567 0.0487946599885423
 966.4817205173038 0.04192242102061645
 977.6492492199853 0.03635726430502758
 988.9402119222893 0.032422581614034995
 1000.3416155716241 0.029178536726734722
 1011.8599566942852 0.026120520483196248
 1023.5017318165687 0.02310799263103848
 1035.253947885883 0.020601430136608843
 1047.1295979548195 0.01865233722607244
 1059.1286820233786 0.016756131522829905
 1071.2447035652642 0.014431816322893988
 1083.4906556330682 0.011803149996860891
 1095.8535451741984 0.009488363295138094
 1108.3463652412472 0.0078288802400965
 1120.9626193079184 0.0066351811194647545
 1133.7023073742118 0.005688539429383288
 1146.57842249272 0.0048813083713285885
 1159.5779716108502 0.004116477795567734
 1172.7074512548988 0.003370268980500415
 1185.9668614248658 0.002736330437536531
 1199.362698647047 0.002315979901155884
 1212.8884663951465 0.0021008531994404778
 1226.5506611954604 0.002005694863976838
 1240.3492830479886 0.0019574150632067065
 1254.2843319527308 0.0019104073470425189
 1268.3558079096874 0.0018320116456352544
 1282.5637109188583 0.001700038366472181
 1296.9080409802434 0.0015179674670010065
 1311.4017911464348 0.0013230533237902394
 1326.0319683648402 0.0011356986849556166
 1340.805069161756 0.0009355871302591136
 1355.7210935371818 0.0007146955521574403
 1370.7800414911178 0.0005057677621870618
 1385.9884095498599 0.0003400353529217241
 1401.3461977134082 0.00022018299163958972
 1416.8469094554666 0.0001376942762272361
 1432.4970413023311 0.0000849573891430326
 1448.3030897802976 0.0000527768026281717
 1464.2520618367744 0.00003147741431358631
 1480.3634470506488 0.000016811746012343746
 1496.6177558430336 0.000007952906512714887
 1513.0344777928162 0.000003795959924630097
 1529.6006198474051 0.000002288440034965593
 1546.322678533096 0.0000017600068948507818
 1563.2071503761847 0.0000015229565124221691
 1580.2475388503756 0.0000013763108396552578
 1597.4503404819643 0.0000012624830169455206
 1614.809058744655 0.0000011495717249226608
 1632.3366866910396 0.0000010259129126608492
 1650.0202312685262 8.999508192895441E-7
 1667.8726855297064 7.846289896085686E-7
 1685.887552948285 6.862904915052918E-7
 1704.064833524261 6.026471004848083E-7
 1722.4110237839311 5.314432575766249E-7
 1740.9326202535913 4.7068865695732276E-7
 1759.616629880649 4.162732514259296E-7
 1778.4695491914006 3.6069635491991945E-7
 1797.4913781858463 2.942127311003812E-7
 1816.6886133902815 2.1779980451102015E-7
 1836.0612548047063 1.4573427541622724E-7
 1855.6028059028254 8.957876374595453E-8
 1875.3262597372297 5.0841947717515627E-8
 1895.2186232553283 2.6400890811971028E-8
 1915.2928895097127 1.2350342658093349E-8
 1935.5425619740863 5.192736640129437E-9
 1955.96764064845 2.1277989804937524E-9
 1976.5811185853954 9.786529935288805E-10
 1997.3700027323302 5.109724106997524E-10
 2018.3407896155509 2.7557923427994656E-10
 2039.4934792350573 1.476482573394619E-10
 2060.8280715908495 8.061885582068018E-11
 2082.351063209223 4.7385603828187775E-11
 2104.055957563882 3.124287475733747E-11
 2125.949251181123 2.0444219567747484E-11
 2148.030944060946 1.0840281098118493E-11
 2170.2945396770538 4.049101033843337E-12
 2192.75303108204 1.296294306204278E-12
 2215.399921749607 5.642781824598809E-13
 2238.2352116797556 2.7199523083604106E-13
 2261.265397398782 1.2609908687972308E-13
 2284.48398238039 5.309287083799178E-14
 2307.89096662458 1.9869484228767027E-14
 2331.4993431839425 6.568758686894003E-15
 2355.302615532183 1.8765093171948527E-15
 2379.2942871430055 4.565633445485276E-16
 2403.4873510690013 1.0213956480736171E-16
 2427.8753107838743 2.622530785975378E-17
 2452.458166287625 9.168940469672785E-18
 2477.242414106549 4.428667881731701E-18
 2502.2215577143506 2.792655079643243E-18
 2527.402093637326 2.078533980799893E-18
 2552.777525349178 1.5589707950925302E-18
 2578.3608459025 1.0636588316978524E-18
 2604.1390622446993 6.88771579845295E-19
 2630.125167428368 4.271487670698817E-19
 2656.3126649272103 2.5088260885093986E-19
 2682.6950582149298 1.4493961046775218E-19
 2709.285340344119 8.269099462866353E-20
 2736.0835113147773 4.17728382478053E-20
 2763.083074600609 1.573901508894945E-20
 2790.2840302016143 3.9213158150731696E-21
 2817.692874644089 6.336487427301784E-22
 2845.3096079280326 7.03847584369519E-23
 2873.12773352715 5.8291198727424324E-24
 2901.153747967737 3.855307575674681E-25
 2929.387651249793 2.140345300437146E-26
 2957.8229468470226 1.0332936192849614E-27
 2986.4726278120174 4.4498482214070807E-29
 3015.3237010921857 1.7418631243487416E-30
 3044.389159740119 6.286237646734888E-32
 3073.656010703226 2.1145408568273063E-33
 3103.130750507802 6.686524867744716E-35
 3132.819875680144 2.0012013170138068E-36
 3162.710393167659 5.699756782174383E-38
 3192.815296022939 1.5517513610198466E-39
 3223.1280877196887 4.0529045348628653E-41
 3253.6487682579072 1.0185743738238303E-42
 3284.3773376375957 2.469365031247813E-44
 3315.3137958587536 5.7869583393050445E-46
 3346.4581429213804 1.3132553889835357E-47
 3377.816875351773 2.8901704990763316E-49
 3409.3770000973386 6.1761158239894E-51
 3441.1515102106696 1.2828742079891728E-52
 3473.1274126391736 2.5924962928366577E-54
 3505.317700435444 5.100903450920159E-56
 3537.709380546886 9.778016831506479E-58
 3570.315446026095 1.8271274905700727E-59
 3603.1229038204765 3.3297463828563236E-61
 3636.144746982624 5.92066875523964E-63
