 1.3997828375944303 1.373974199223536
 1.9709309392078262 1.9339570496332015
 2.5487861703941954 2.4774979655968936
 3.133446445453872 2.994973221902299
 3.724981703172811 3.4761151179787633
 4.323468876215561 3.91177320487087
 4.928991891125267 4.29505936035633
 5.541634674445073 4.621800242582763
 6.16148814659672 4.8906626875218455
 6.788615252487565 5.102737264296776
 7.42309292478216 5.260709793983495
 8.06506104105241 5.369050918211103
 8.714582546205671 5.433347415565075
 9.371727379027904 5.459263008203988
 10.036565478305056 5.451982491199994
 10.709306660394992 5.417603213288001
 11.38988098651176 5.361494342200702
 12.078428334227262 5.287410914167974
 12.77508858111341 5.199691185096579
 13.479931665956157 5.101825211378032
 14.193097466327409 4.996969581898616
 14.91458598222717 4.887497830542026
 15.644537091227342 4.774872787205915
 16.383090670899836 4.66088189372158
 17.13031666003061 4.546955595484059
 17.886284997405607 4.433862704988248
 18.651135560596746 4.322222837811051
 19.425008227175926 4.213085341974408
 20.20790299714315 4.1067683860755135
 21.000029686856283 4.003691564204689
 21.801388296315324 3.9040578943212174
 22.612258580664083 3.808325991270373
 23.432570601116613 3.71699110279573
 24.262464235244813 3.629520270866505
 25.102149299406555 3.5461703634734003
 25.951695732387783 3.4672958738450532
 26.81117347297446 3.392630321012723
 27.680792337524437 3.322273184065728
 28.56055232603773 3.256210228618139
 29.45059331608623 3.193844115693462
 30.351125124027806 3.1350993467898154
 31.262217688648413 3.0799879037861992
 32.183940948734 3.0280348618830395
 33.11650472064243 2.979034799268297
 34.05997894315966 2.932935270841596
 35.014503493857596 2.8895196245154846
 35.98021825030815 2.8487825226634715
 36.957263090083224 2.810809112504932
 37.94570795196877 2.7753752932087856
 38.94576265232265 2.7422319228712833
 39.95749712993082 2.7110711797462934
 40.98112120115115 2.681717423696171
 42.01670480476958 2.6543532101825495
 43.06438781835803 2.6291465355639914
 44.12431011948839 2.6062582962948393
 45.19668152451854 2.5857622157890314
 46.28164191102038 2.567696230104156
 47.379261217779856 2.5518527316158157
 48.48967932236889 2.5378278926349647
 49.61310604114534 2.525420755297105
 50.74968125168111 2.514674063039461
 51.899544831548106 2.505707068807263
 53.06283665831824 2.4984965159700177
 54.23976654834937 2.493005841609136
 55.43040444042745 2.4890676959051485
 56.63496015091035 2.4863124418489364
 57.85364349615592 2.4845860172920897
 59.08652441495013 2.483652697143474
 60.33381272365081 2.4834453992706034
 61.5956482998299 2.4841923329852036
 62.87224095984524 2.486172862423021
 64.16373058126875 2.489494698613938
 65.4703269804583 2.494088713891018
 66.79210009619982 2.499708223841746
 68.12932968363714 2.506201190698448
 69.48222555912811 2.513864912950982
 70.85078772267275 2.522277468763872
 72.23557568455868 2.531340111527149
 73.636449567214 2.541419851376453
 75.05340937063868 2.552005628371215
 76.48715448269229 2.564232231578282
 77.93698551551529 2.577751854758421
 79.40430124482674 2.5923183633473426
 80.88840228276712 2.6080017016595383
 82.38998801719596 2.6235326337980434
 83.90905844811324 2.6385436050356827
 85.44631296337853 2.653751784331959
 87.00105217513227 2.6700928608887557
 88.57327608337448 2.686045928574243
 90.16438346382422 2.701798020472417
 91.7743743164815 2.7192277241258873
 93.40254925348677 2.7378531344189154
 95.04960766269959 2.756569232190981
 96.71624893197945 2.776368858656771
 98.40177367346688 2.7963890287870146
 100.1075806628809 2.81660333790826
 101.83297051236201 2.838339516479886
 103.57794322191019 2.860574533861489
 105.34319817938497 2.8831237504387484
 107.12943477264592 2.907690109931225
 108.93595361383348 2.933684685139691
 110.7641534786667 2.960186093364236
 112.6133349792861 2.9876272913692294
 114.48349811569165 3.0149400308568124
 116.37534227574288 3.0416063484219684
 118.28956684729933 3.067998147177269
 120.22617183036101 3.0955042179298684
 122.1844578370684 3.122982733994772
 124.16652303100007 3.1513841706553385
 126.17026924857743 3.179368837473475
 128.19849404123863 3.205716093269904
 130.24909924540506 3.23015163510289
 132.32418302465535 3.2519143455241055
 134.42304599112992 3.2734909814139996
 136.54638753268836 3.2955325646083105
 138.69420764933062 3.3191799870021077
 140.86650634105672 3.3435387458697243
 143.06468238358576 3.369410903181544
 145.2873370011986 3.395685747445826
 147.53656835747393 3.421416472352844
 149.81097767669266 3.445819223787726
 152.11266312243333 3.469218707633321
 154.44022591897698 3.493913660621748
 156.79436545418304 3.5185794508596415
 159.17648050377065 3.5442560785267303
 161.58587167988028 3.5712660688215547
 164.02253898251186 3.5964565788521865
 166.48788118738455 3.618709967617785
 168.98119890663875 3.6379289351254105
 171.50389091599357 3.655304513405632
 174.0552578275895 3.6723531139975165
 176.63599902928595 3.6892267393891793
 179.2461145210831 3.7059057159333584
 181.8870030786999 3.7225863040610725
 184.5572659264173 3.737534895852614
 187.2590012278139 3.7503064797751358
 189.9922089828898 3.765262863928537
 192.75618980378533 3.783672957811805
 195.55164307836012 3.802937689294959
 198.3799675823332 3.8211506224327714
 201.240463927845 3.837242043013665
 204.13383150275519 3.850425630592749
 207.06007030706363 3.860764987245037
 210.02057911648944 3.870710779453485
 213.0146585431731 3.881775818540089
 216.04300797497416 3.8923720523099603
 219.10562741189258 3.9015280378489994
 222.20391562964747 3.909282022346673
 225.33787262823878 3.9168000720883094
 228.50679901980703 3.9232852476340923
 231.71279296793085 3.929200202711466
 234.95515508475063 3.935189838184643
 238.23458475812592 3.9394596001831226
 241.55178137591633 3.9411569690594055
 244.90674493812176 3.9403736495946253
 248.2994754447423 3.937426700507002
 251.73137167149696 3.9324476069428136
 255.2031330062453 3.925421030137487
 258.7133606732683 3.9143550164651097
 262.2641528361445 3.9000857161776707
 265.8555094948739 3.885115342853192
 269.48743064945654 3.867080521688176
 273.1606156877519 3.843977237244838
 276.87576399761963 3.817676278739232
 280.6335749669191 3.7907806300327174
 284.433349207791 3.761651073467123
 288.27648549595426 3.7273369913886474
 292.16368321926836 3.687578221731577
 296.09494237773345 3.6419786961943257
 300.07026297134934 3.5878220825195624
 304.0917431636949 3.525281941309105
 308.1579841790508 3.458748695464473
 312.2703847931363 3.3924170275673258
 316.42894500595133 3.3273128975375106
 320.63506359321497 3.260584703078056
 324.8887405549272 3.188826419893022
 329.1906752789476 3.1117558416134576
 333.5415671531356 3.032095310859015
 337.94071678963184 2.94968697467352
 342.3902223520148 2.863131564776226
 346.88938445242496 2.772194940047884
 351.4396018665815 2.678924377142141
 356.04087459448425 2.5875552676795763
 360.6939020239929 2.500294144726941
 365.3993835429669 2.417413263821865
 370.1580185392658 2.339798642482149
 374.96980701288965 2.266541562366495
 379.8361477395574 2.1926129722613257
 384.75704071926924 2.1131077178621918
 389.73248595202506 2.0267255055131286
 394.7645816014035 1.9354206436089534
 399.852628279545 1.842282363792108
 404.9980247621686 1.7502544658412829
 410.20077104927435 1.6588856890362014
 415.4615665287218 1.5658259839542275
 420.7811105883705 1.4718801678517681
 426.16010261607994 1.379173808202016
 431.59924199970965 1.2876320613802512
 437.0992281271192 1.1967568859122102
 442.6607603861682 1.1081498386334832
 448.2838387768565 1.0237225698032741
 453.96916268704365 0.9442514071329574
 459.71813089244887 0.869782413505861
 465.5314427809316 0.8000899495235398
 471.4083989646324 0.7348173409782802
 477.3510976071297 0.6732919693656745
 483.36023809628324 0.6145000812987856
 489.4351210442333 0.5578569483438773
 495.57784461455856 0.5041277896275752
 501.7884088072591 0.4544080876724443
 508.06751301019443 0.40832787899714246
 514.415856611224 0.3637403502264418
 520.8341389982073 0.31873689164027336
 527.3237589468638 0.2739909101925971
 533.884716457193 0.23143511393274224
 540.5177109170546 0.1922715000508804
 547.2241411021679 0.15749536061255537
 554.0040070125326 0.12817722973345763
 560.8580080360084 0.10492125221860868
 567.7875429483144 0.08863662830419725
 574.79331113731 0.08113643269606564
 581.8753126029953 0.08316004724839653
 589.0349461210894 0.092121423536552
 596.2729110794517 0.10286242821949369
 603.5899068659419 0.1112147797098914
 610.987332256279 0.11621907894593592
 618.4644878626035 0.1190190023010255
 626.023471848494 0.12145698542264832
 633.6649836018099 0.12442178645577336
 641.3890231225514 0.12505729847658678
 649.197688574297 0.11817116279507658
 657.0902805691874 0.1019668936194025
 665.0688972708008 0.0791944954615171
 673.134238066997 0.052360622464494744
 681.286302957776 0.02212168631225153
 689.5264907188567 -0.009856328702662821
 697.8555007380991 -0.03966086870275861
 706.2768299548003 -0.06184927385849471
 714.7813863267866 -0.07222902599200415
 723.3838569991082 -0.07267596978783007
 732.0772480931699 -0.06975604971558738
 740.8685534875668 -0.06810637680569626
 749.7437854251085 -0.06818218644363952
 758.7239255415809 -0.06832435656837264
 767.7949860797933 -0.06723816528627734
 776.963960918341 -0.06559052799887628
 786.2308500572242 -0.0645869669345172
 795.5956534964425 -0.062436579961695
 805.0583712359964 -0.058044737829745355
 814.625997154481 -0.05423796124834804
 824.2985312518964 -0.05241505429583876
 834.0619857710517 -0.05207445814570927
 843.9373423477332 -0.05470249592655277
 853.9176071033454 -0.06235719355321014
 864.0027800378883 -0.07235753232286525
 874.1858672727667 -0.07295052400973533
 884.4878504437665 -0.0521066155127081
 894.8877479151018 -0.013013282827327962
 905.4065413225585 0.023212294853408914
 916.0302429089461 0.03502856515642632
 926.7658465528596 0.025300867982365492
 937.6133522542993 0.01690670316161305
 948.5727600132653 0.024764844828284897
 959.6510637083528 0.04550796964355312
 970.8412694609663 0.06566893092006715
 982.1503711497014 0.07758885097156684
 993.5783687745579 0.0854586958454237
 1005.1182684569408 0.0922600912226952
 1016.7840579540405 0.09688299293009447
 1028.5617495086663 0.09657471024346909
 1040.4723247566044 0.08844300378040415
 1052.4948020620684 0.08584069008837038
 1064.650163060845 0.11194434984326708
 1076.924419995743 0.16850135598389374
 1089.3245667453577 0.2373815689105334
 1101.857597188285 0.2976248491729149
 1114.5095235673336 0.3201342093872283
 1127.2943336396945 0.28154253666829093
 1140.212027405368 0.20199503793890108
 1153.2556109857583 0.12648361414311593
 1166.439072138056 0.0661599810810424
 1179.7484231050707 -0.0026349496272083097
 1193.1976516439931 -0.08268417387146405
 1206.779763876228 -0.12896933887198406
 1220.4947598017748 -0.12199304275125014
 1234.356627177825 -0.1058943547524589
 1248.3513782471873 -0.11406867927012673
 1262.4860068884573 -0.13534201953549457
 1276.7605131016348 -0.1270521511763846
 1291.1818907653158 -0.08043897577500801
 1305.743146000904 -0.05848980735331396
 1320.4512726869955 -0.07582861045355606
 1335.30627082359 -0.051446258845697077
 1350.3081404106874 0.030690439834633248
 1365.4568814482882 0.09578014268319308
 1380.7524939363916 0.11525064257794411
 1396.1949778749986 0.10272246349950023
 1411.7983210212992 0.08357581372170879
 1427.5485356181025 0.07836401972047227
 1443.4526155440046 0.0632520843213194
 1459.5105607990051 0.0038894446836123158
 1475.722371383104 -0.09134032344349617
 1492.0950411748968 -0.17133283074333103
 1508.6285701743834 -0.20294358461366302
 1525.3159645029682 -0.1811530267005406
 1542.164218039247 -0.10215173610891846
 1559.180324661815 -0.0002727337820600276
 1576.3502966134815 0.06546730946055866
 1593.6951155300324 0.09588001264489295
 1611.1937997756818 0.11161551325331243
 1628.8673309862158 0.0799708201828216
 1646.7017214044438 0.025291506303633447
 1664.7039649089609 0.0012039991989085523
 1682.8810553783626 -0.011545366913642689
 1701.2259989340532 -0.015539432646142777
 1719.745789454629 -0.0372542021280557
 1738.4334330614936 -0.10737769793663829
 1757.3029175118381 -0.1490142598238073
 1776.340255048472 -0.14442019644069598
 1795.5594334285856 -0.1489513918606099
 1814.953458773584 -0.15359593476403038
 1834.522331083467 -0.14940047145349625
 1854.2730442368297 -0.15895609036288413
 1874.2125921122683 -0.16171976453256326
 1894.3269869525911 -0.12381269041577073
 1914.6232226363938 -0.05198271992591785
 1935.101299163677 0.06524278502344577
 1955.768210413035 0.16411570938467424
 1976.6239563844683 0.18077751869195458
 1997.6615431993819 0.19069927279698687
 2018.894958614966 0.24002594405684005
 2040.3102148740304 0.32947137285136746
 2061.9212997337654 0.4380461099225169
 2083.7212193155756 0.45764298955828686
 2105.7099736194614 0.325950671726815
 2127.9015504026133 0.21178545958272163
 2150.28196190784 0.21660686024670536
 2172.8582020137383 0.24354716823610498
 2195.6302707203067 0.322934562286195
 2218.598168027546 0.41994652067681726
 2241.7688878140516 0.42902029333638364
 2265.1354362012275 0.41191502555386167
 2288.7048070676697 0.39845513474074146
 2312.4770004133784 0.3656898549796263
 2336.4450223597573 0.33165559842568887
 2360.6228606639984 0.25781420002144056
 2385.003521447505 0.10736234652221692
 2409.587004710278 -0.049645258578342774
 2434.3803043309126 -0.09969099830597414
 2459.376426430813 -0.053092482819778776
 2484.57537100998 -0.02934517212609252
 2509.991125825603 -0.05886564439495359
 2535.616696999088 -0.11498929885213353
 2561.445090651839 -0.1558315085284857
 2587.490294541047 -0.14241028143869874
 2613.745314788117 -0.10670436659900195
 2640.210151393048 -0.08074403717973537
 2666.891798234436 -0.055482514341949105
 2693.7832614336853 -0.026252290635991066
 2720.8915348693918 0.0018769246751507895
 2748.2096246629594 0.026216260066534193
 2775.7515185715797 0.0447179562537198
 2803.5032288380617 0.056317778220098126
 2831.4787432195953 0.06235574697335654
 2859.671067837586 0.06521502325651826
 2888.073208813438 0.06669956226363655
 2916.699153904343 0.06767468726611932
 2945.5489031102998 0.06845689647402604
 2974.6154625527133 0.06917630973218074
 3003.898832231584 0.06976167714544759
 3033.406006025507 0.07028778553489505
 3063.136983934482 0.07089288967392572
 3093.084772079914 0.07139286332350148
 3123.2563643403987 0.07177769138801571
 3153.651760715935 0.07228489722607064
 3184.2639673279286 0.07278890744247359
 3215.1069719335696 0.07318516389398817
 3246.166786775668 0.07358516038454178
 3277.457399611413 0.07398862885058557
 3308.964822683616 0.07440396240409272
 3340.6960498708704 0.07491847994143329
 3372.6580750517733 0.07533361887893583
 3404.836910469133 0.07575081879095982
 3437.2465438801396 0.07627770859448978
 3469.879981406199 0.0767028516612358
 3502.73722304731 0.07713140718867509
 3535.818268803474 0.0776771888046354
 3569.1231186746904 0.0781135777469763
 3602.6517726609586 0.07854363660261945
 3636.411224640875 0.07921616462884169
 3670.387486857248 0.0796632232487094
 3704.5945470672686 0.08011188935797
 3739.0184175137456 0.08079687392301764
 3773.673085953871 0.08137022947356155
 3808.544564630453 0.08183043106884606
 3843.6468413006824 0.08241041275486866
 3878.965928207369 0.08299504831007497
 3914.5158131077037 0.08358265309695498
 3950.2825082444942 0.08430075217299818
