 0.23242043961256936 0.
 0.6999937738100791 0.
 1.173068356907347 2.1326704329108703
 1.6517110056926296 1.8787389679717077
 2.135974470261919 1.7160358743651776
 2.6259408063200893 1.5979671202126735
 3.1216686250849115 1.507245675952739
 3.6232223988959293 1.4355141899680512
 4.130672461214466 1.3777317473075672
 4.644089145501844 1.3305125587218214
 5.1635486463411615 1.2915012751513668
 5.689103713828411 1.2590157084491147
 6.220818820303137 1.231808598374668
 6.758811188200878 1.2089209588536283
 7.303133567617624 1.1895908356816363
 7.853844569771145 1.173179692903373
 8.411002805879209 1.1591144294345206
 8.974784109595122 1.146862457023978
 9.545129869701116 1.1359547800863148
 10.122157308632726 1.1260412478090827
 10.705983648825493 1.116915423936857
 11.296667501497181 1.108494124041155
 11.89432608908333 1.1007703587743758
 12.49895941158394 1.093774231075698
 13.110684691434546 1.087550248902397
 13.729619151070686 1.082106178686455
 14.35582140171013 1.077340403939362
 14.989350054570647 1.073030608916562
 15.630322332087774 1.0689266368818535
 16.278855456697045 1.0648625210828129
 16.93494942839846 1.0608116707448092
 17.59878008084533 1.0568552561556919
 18.27034741403765 1.0530747331772272
 18.949885872846497 1.0494853051286845
 19.6373368460541 1.0460649286416195
 20.332817556096 1.0427934176036668
 21.0365038366255 1.03964438249054
 21.748454298860366 1.036563574586521
 22.468727554018372 1.033482373425841
 23.19749943575282 1.0303589149833268
 23.934769944063717 1.0272130106114306
 24.680656301386588 1.0241333667476724
 25.435334341374748 1.0212272347219211
 26.198862675245962 1.0185453897017642
 26.971299914217994 1.0160442644792007
 27.752821891944162 1.0136556340389657
 28.543487219642227 1.0113913533726913
 29.343413119747723 1.0093315159331713
 30.152716814696188 1.0075599645963231
 30.97151552692317 1.0061419870309203
 31.799867867646427 1.0049506091707832
 32.63794967051927 1.0039481083154203
 33.48581954675946 1.0029543903478375
 34.3436533300203 1.0018570438260963
 35.211509631519576 1.0007223076240486
 36.08950567369282 0.9997838055548469
 36.97775867897556 0.9992349620893751
 37.8764444810211 0.9990226311421626
 38.78568030226499 0.998901423258683
 39.70552475392499 0.9986910765623077
 40.63609505843664 0.9983355766502772
 41.57756704945324 0.997705587270831
 42.53005794941034 0.9965591807929836
 43.49368498074346 0.9948127239337727
 44.46856536588815 0.9927011668488337
 45.45487493849772 0.9907036852950665
 46.45267230978992 0.9893753627436469
 47.46213331341807 0.9889966202708267
 48.48343378303547 0.9893976186980873
 49.516632329859895 0.9902414609492913
 50.56190478754464 0.9911456447140615
 51.61936837852526 0.9915430668405613
 52.689198936455035 0.990915678533461
 53.77151368376952 0.9892924015415852
 54.86648845412203 0.9871587089920001
 55.974181858730304 0.984749984827687
 57.09482834246543 0.9818685203946113
 58.22860373898073 0.9783432684550817
 59.37550804827618 0.9742570687658497
 60.53601016009395 0.9695106723721709
 61.70999285199849 0.9639943963699841
 62.89745612398979 0.95834710760576
 64.09898608824557 0.9532189470105022
 65.3139966325881 0.9481823660569056
 66.54365998137278 0.9425386238141212
 67.78739002242193 0.9362517398615782
 69.04577286791321 0.9297163641952542
 70.31880851784663 0.9237802569328533
 71.60708308439989 0.9188112041172067
 72.9100104553953 0.9143192467703698
 74.22759063083284 0.9095255022733213
 75.56099583506789 0.9041622872945472
 76.91022606810046 0.8986939393114349
 78.27469521775286 0.8936380052421377
 79.6549893962028 0.8890587931478338
 81.0516947156279 0.884702891713989
 82.46422506385053 0.8808240806192559
 83.89375266522605 0.8775546169795764
 85.33969140757678 0.8734524173631756
 86.8020412909027 0.8673270654465265
 88.2813884273815 0.8617370249561112
 89.77831892919089 0.8569598362228884
 91.29224668415316 0.852925290671404
 92.82434391662366 0.8485163515691624
 94.37402451442478 0.8435547294931747
 95.94128847755644 0.838193168252986
 97.52672191819637 0.8318351238320483
 99.13091094852223 0.8243802763953415
 100.75385556853405 0.8175509985102836
 102.39496966605412 0.8129517512387036
 104.05601157761551 0.8086654160929554
 105.73522296668514 0.801084736796499
 107.43494828197379 0.7908263287664142
 109.15342918694837 0.7810733151420772
 110.89242401814197 0.7726918287090265
 112.65134666337688 0.7654309615709075
 114.4307832348308 0.7592301716152732
 116.2307337325037 0.7523831313152876
 118.0511981563956 0.7437084008297115
 119.89334873086189 0.7360160042076673
 121.75601323154716 0.7314703644827767
 123.6409499949845 0.7287251394221033
 125.54698679681853 0.7258679819377887
 127.47588197358229 0.7218524049859606
 129.42646330092043 0.7169730865071339
 131.39931689101064 0.7120895921207473
 133.39561496820826 0.7074975726557546
 135.41477142033565 0.7041317586435882
 137.45678624739276 0.7036984176651407
 139.522831673735 0.707442535755913
 141.61232158718465 0.7146374837119833
 143.72642821209712 0.7233661211329471
 145.8645654362947 0.7320708038780414
 148.02731937195506 0.7404879865592554
 150.21469001907826 0.7507886803578392
 152.42784960201962 0.7645106963865103
 154.66562589642376 0.7789751705445094
 156.92977723882376 0.792561885547553
 159.22030362921964 0.8075997746330087
 161.5366189554337 0.8253665148236162
 163.8793093296436 0.8440155429944471
 166.24954697620473 0.8598060873571683
 168.6467457829394 0.8730729751519604
 171.0714918620253 0.887759284343518
 173.52378521346245 0.9000721822468554
 176.00479806160618 0.9030650765661877
 178.51394429427884 0.8992440830869136
 181.05181002365808 0.8948465498474566
 183.61839524974394 0.8938448851498441
 186.21487219689178 0.901511125166068
 188.84124086510155 0.920420430578846
 191.49691514219563 0.9496456300928823
 194.1836533647071 0.9858625179081405
 196.9008694204582 1.024970603014794
 199.6491494216266 1.0625219236603167
 202.4290794803901 1.1018241054609093
 205.24065959674857 1.1558070620918397
 208.08388977070211 1.2353981332560884
 210.95994222660602 1.34355193741402
 213.86940307663804 1.481451194030589
 216.81110009644277 1.6541864930173473
 219.78679162255327 1.8755666677001404
 222.79647765496955 2.1656475048846673
 225.8401581936916 2.517924377351046
 228.91841935089707 2.8745957601606564
 232.03184723876373 3.167681456616316
 235.1810279694692 3.404051638886974
 238.36537543083585 3.695585828456366
 241.58606184721899 4.127357997812908
 244.84367333079632 4.612599565231788
 248.13820988156786 4.955668336495431
 251.4696714995336 5.065329352582741
 254.83981652122662 5.013206256142728
 258.2474727222915 4.899182372358791
 261.69381232708366 4.827599114995728
 265.1788353356031 4.987993010198005
 268.7037139722051 5.782323002483502
 272.2684482368898 8.46649098670964
 275.87362424183476 23.21240445044643
 298.37505685536803 0.
 302.2744611735112 0.
 306.2178239049809 0.
 310.20573116195465 0.
 314.23818294443254 0.
 318.3163514767699 0.
 322.44023675896676 0.
 326.60983879102315 0.
 330.82691590947206 0.
 335.0908820021358 0.
 339.4029092933698 0.
 343.762997783174 0.
 348.17173358372617 0.
 352.6297028072039 0.
 357.1374915657849 0.
 361.6956859716469 0.
 366.30487213696756 0.
 370.96563617392457 0.
 375.67797808251794 0.
 380.44248397492527 0.
 385.26032607550206 0.
 390.132090496426 0.
 395.05719112551924 0.
 400.03738629931496 0.
 405.07326212999084 0.
 410.16423250536917 0.
 415.312055761983 0.
 420.5167318998324 0.
 425.778847031095 0.
 431.0989872679484 0.
 436.4777387225704 0.
 441.9162736193164 0.
 447.41459195818635 0.
 452.9732798513579 0.
 458.59350952318647 0.
 464.275280973672 0.
 470.0191803149923 0.
 475.8263797715026 0.
 481.69746545538067 0.
 487.63243736662645 0.
 493.6324677295954 0.
 499.69814265646505 0.
 505.8300482594133 0.
 512.0293567627954 0.
 518.2954820544336 0.
 524.6301824708611 0.
 531.0340441242555 0.
 537.5070670146168 0.
 544.051009478478 0.
 550.6652854036616 0.
 557.3516531267005 0.
 564.1106987597725 0.
 570.9424223028775 0.
 577.8479959803709 0.
 584.8280059044304 0.
 591.8853826359444 0.
 599.012506716603 0.
 606.2216865021376 0.
 613.5070608707713 0.
 620.8744909442811 0.
 628.3122544791131 0.
 635.837934840598 0.
 643.4398097851821 0.
 651.1237404346421 0.
 658.8897267889781 0.
 666.7377688481902 0.
 674.6678666122783 0.
 682.6858812030191 0.
 690.791812620413 0.
 698.9739386209059 0.
 707.2498425698285 0.
 715.613663345404 0.
 724.0654009476324 0.
 732.5991942547369 0.
 741.2326266320478 0.
 749.9481147142347 0.
 758.7632418666282 0.
 767.6662858456747 0.
 776.6631077731506 0.
 785.7537076490564 0.
 794.9380854733921 0.
 804.2221023679342 0.
 813.599897210906 0.
 823.0773311240845 0.
 832.6544041074694 0.
 842.3252550392842 0.
 852.1016061630824 0.
 861.9717352353101 0.
 871.9532256212983 0.
 882.0284939557162 0.
 892.2151236038943 0.
 902.5013923222791 0.
 912.8931612326472 0.
 923.3962914567757 0.
 933.9990607511107 0.
 944.713191359206 0.
 955.5386832810617 0.
 966.4696753949007 0.
 977.5178899442769 0.
 988.6716046856365 0.
 999.9425418625333 0.
 1011.3248403531904 0.
 1022.8185001576077 0.
 1034.435243519339 0.
 1046.1633481948309 0.
 1058.0086753058595 0.
 1069.9712248524254 0.
 1082.0568579563055 0.
 1094.2597134957225 0.
 1106.5856525924537 0.
 1119.0346752464989 0.
 1131.6067814578578 0.
 1144.301971226531 0.
 1157.120244552518 0.
 1170.0616014358193 0.
 1183.137764119988 0.
 1196.337010361471 0.
 1209.6652012820446 0.
 1223.1223368817093 0.
 1236.7084171604647 0.
 1250.4293032400878 0.
 1264.284995120579 0.
 1278.2696316801605 0.
 1292.38907404061 0.
 1306.649183323704 0.
 1321.038237285889 0.
 1335.5738192924953 0.
 1350.2383459781925 0.
 1365.0494007083112 0.
 1379.9952612392974 0.
 1395.0817886929285 0.
 1410.314844190981 0.
 1425.6885666116777 0.
 1441.2088170767963 0.
 1456.8697344645593 0.
 1472.6830410185205 0.
 1488.6370144951263 0.
 1504.7433771379303 0.
 1520.996267825156 0.
 1537.395686556803 0.
 1553.9474944546482 0.
 1570.6575526404688 0.
 1587.5141388707107 0.
 1604.5231142671505 0.
 1621.6844788297892 0.
 1639.0040936804028 0.
 1656.4819588189914 0.
 1674.1122131237787 0.
 1691.9065788383175 0.
 1709.853333719055 0.
 1727.9642000095446 0.
 1746.233316588009 0.
 1764.6606834544484 0.
 1783.2580228524173 0.
 1802.0136125383608 0.
 1820.9333136340565 0.
 1840.0171261395042 0.
 1859.2650500547038 0.
 1878.6829465014325 0.
 1898.264954357913 0.
 1918.0169347459223 0.
 1937.938887665461 0.
 1958.0249519947508 0.
 1978.2868499773472 0.
 1998.718720491472 0.
 2019.3205635371257 0.
 2040.0982402360853 0.
 2061.0458894665735 0.
 2082.163511228591 0.
 2103.4628277656902 0.
 2124.937977956096 0.
 2146.5831006780304 0.
 2168.409918175047 0.
 2190.41256932537 0.
 2212.591054128998 0.
 2234.9512337077094 0.
 2257.487246939726 0.
 2280.2049549468256 0.
 2303.09849660723 0.
 2326.1795941644946 0.
 2349.4365253750652 0.
 2372.8810124824945 0.
 2396.507194365007 0.
 2420.3092099008245 0.
 2444.298781333502 0.
 2468.475908663039 0.
 2492.834730767658 0.
 2517.37524764736 0.
 2542.1033204239216 0.
 2567.018949097342 0.
 2592.1162725458453 0.
 2617.4011518912084 0.
 2642.8735871334306 0.
 2668.5277171507355 0.
 2694.3752641866763 0.
 2720.4045059977 0.
 2746.62716482736 0.
 2773.031518432103 0.
 2799.6234279337045 0.
 2826.408754453943 0.
 2853.375775749264 0.
 2880.536214063221 0.
 2907.884208274038 0.
 2935.4197583817136 0.
 2963.142864386249 0.
 2991.0535262876447 0.
 3019.151744085899 0.
 3047.4433789027894 0.
 3075.916708494763 0.
 3104.583455105372 0.
 3133.4318964910644 0.
 3162.473754895393 0.
 3191.6973080748035 0.
 3221.1142782728507 0.
 3250.7129432459806 0.
 3280.5050252377473 0.
 3340.6401346683037 0.
 3370.9831621070944 0.
 3401.519606564522 0.
 3432.2318846752546 0.
 3463.1375798046233 0.
 3494.219108587298 0.
 3525.4881932668327 0.
 3556.944833843226 0.
 3588.577308072926 0.
 3620.391477077708 0.
 3652.387340857572 0.
 3684.564899412519 0.
 3716.924152742549 0.
 3749.4592397258843 0.
 3782.176021484302 0.
 3815.062775774249 0.
 3848.1312248392787 0.
 3881.375507557614 0.
 3914.795623929255 0.
 3948.385712832424 0.
 3982.1516353888996 0.
 4016.0875304769042 0.
 4050.1933980964372 0.
 4084.4692382474996 0.
 4118.915050930091 0.
 4153.53083614421 0.
 4188.310732768082 0.
 4223.248879679929 0.
 4258.356999123305 0.
 4293.629229976433 0.
 4329.059711117536 0.
 4364.648442546613 0.
 4400.395424263667 0.
 4436.306517390472 0.
 4472.364138561698 0.
 4508.580010020901 0.
 4544.948270646301 0.
 4581.463059316123 0.
 4618.130237152142 0.
 4654.943943032584 0.
 4691.910038079223 0.
 4729.010938926731 0.
 4766.258367818659 0.
 4803.646463633233 0.
 4841.17522637045 0.
 4878.838794908536 0.
 4916.6371692474895 0.
 4954.570349387311 0.
 4992.6324742062225 0.
 5030.823543704226 0.
 5069.143557881319 0.
 5107.5925167375035 0.
 5146.158698029226 0.
 5184.853824000038 0.
 5223.6603112846105 0.
 5262.589882126498 0.
 5301.6308142821445 0.
 5340.783107751552 0.
 5380.04676253472 0.
 5419.415917509871 0.
 5458.896433798783 0.
 5498.476589157901 0.
 5538.162244709002 0.
 5577.941678208533 0.
 5617.820750778271 0.
 5657.793601296438 0.
 5697.854368641259 0.
 5738.008913934508 0.
 5778.245514932634 0.
 5818.570032757413 0.
 5858.9766062870685 0.
 5899.453513278046 0.
 5940.012475973899 0.
 5980.63004988752 0.
 6021.364846236679 0.
 6062.158253803607 0.
 6102.951661370535 0.
 6143.862291373 0.
 6184.831532593232 0.
 6225.8593850312345 0.
 6266.945848687004 0.
 6308.032312342774 0.
 6349.235998434083 0.
 6390.43968452539 0.
 6431.760593052234 0.
 6473.022890361311 0.
 6514.402410105923 0.
 6555.7819298505365 0.
 6597.22006081292 0.
 6638.658191775301 0.
 6680.096322737682 0.
 6721.5930649178335 0.
 6763.148418315752 0.
 6804.703771713671 0.
 6846.200513893821 0.
 6887.814478509509 0.
 6929.369831907428 0.
