 0.2799301413455864 0.0001212560777368956
 0.8430814276503454 0.0015065468148768959
 1.412858488283101 0.005762204085708382
 1.9893417982356907 0.014404779891860453
 2.5725948903964087 0.028579755879338423
 3.1627165937025983 0.0488683129148884
 3.7597775002523646 0.0752512653046204
 4.363855261353621 0.1072003445483814
 4.975034587524091 0.14382926207167593
 5.5934001892815 0.184051736095367
 6.219043836353381 0.22671909927774636
 6.852029061628029 0.2707264765309509
 7.492433516413357 0.315084796842447
 8.140398384905572 0.35896066188019127
 8.795987199992966 0.401690230019909
 9.459270553773646 0.4427750579096067
 10.13031903834571 0.48186604917949905
 10.809344430003474 0.5187406259405716
 11.496276136648833 0.5532776743236477
 12.191255342477993 0.5854344360398405
 12.89442323168716 0.6152276170731925
 13.60585039637444 0.6427177653280303
 14.325678020736039 0.6679985246176076
 15.053906104771958 0.6911881010668515
 15.7906758326784 0.7124202328507175
 16.536128388651576 0.7318333087289083
 17.29033436478959 0.7495623311130094
 18.053364353190542 0.7657350782052912
 18.825359538050645 0.7804720588474001
 19.606461103566097 0.7938861061585843
 20.396669049736907 0.8060828742000852
 21.196195152857378 0.8171625537248487
 22.005039412927516 0.8272199173288343
 22.823484198339735 0.8363420167342953
 23.651458916995928 0.8446072797636144
 24.489104753092303 0.8520874066942494
 25.33663348292317 0.858850892060774
 26.194115698586632 0.864962392536563
 27.061621992180793 0.8704799275526829
 27.939364139999967 0.8754534796073358
 28.827342142044156 0.879923459121381
 29.725697182509556 0.8839184920242321
 30.63464103769049 0.8874585351941231
 31.55424429968505 0.8905617394569597
 32.48457756059135 0.8932504547103121
 33.425852596703685 0.895551816890422
 34.37814000012018 0.8974951291963262
 35.341580955037024 0.8991115460306981
 36.31631664565043 0.9004325378553691
 37.30248825615662 0.9013559582470312
 38.30016637865368 0.9022901529782668
 39.309562789435915 0.9028655612502565
 40.33074808060144 0.9032329122939562
 41.36393402844457 0.9034198838613062
 42.409191225063395 0.9034525282571513
 43.46666085465414 0.903344616630499
 44.53648410141299 0.9030983613954526
 45.61887274163426 0.9027132207363132
 46.713967959514186 0.9021901879818617
 47.82184034715083 0.9015286761650911
 48.94263108874043 0.9007263374179741
 50.07655196057728 0.89978064326725
 51.22374414685759 0.8986873494899461
 52.384348831777565 0.8974404058107602
 53.55850719953342 0.896036200125035
 54.746431026419465 0.8944791572609757
 55.9481909045338 0.8927789395985425
 57.16399861017074 0.8909468349647909
 58.39406591962458 0.8889922348318311
 59.638463424993446 0.8869141910221905
 60.89740290257162 0.8847059308396356
 62.17102553655534 0.8823661448962281
 63.45954310323891 0.8799014252829684
 64.76309678681851 0.8773191316630969
 66.0818983635885 0.8746191737339971
 67.41601842564693 0.8717977587857783
 68.76573934138622 0.8688533968252691
 70.13127288710072 0.8657929057000111
 71.51261906279042 0.8626300565590124
 72.91034260524012 0.859369770894869
 74.32430233025364 0.856004914800882
 75.75449823783096 0.8525319664750098
 77.20163624895314 0.8489569761925545
 78.66501044263912 0.8452913672344963
 80.14603266085098 0.8415522519466514
 81.64399698260769 0.8377520469387812
 83.15960932889027 0.8338912488752763
 84.69286969969873 0.8299670583750267
 86.24448401601411 0.825978753017101
 87.81374635685538 0.8219252040187934
 89.40065672222251 0.8178006320126516
 91.0066269540776 0.8136017861044834
 92.63165705242065 0.8093321880963303
 94.2750410962706 0.804991567080343
 95.93748500660853 0.8005770333727951
 97.61969470441541 0.7960804145868984
 99.32096426871024 0.7914842823176789
 101.0427055414551 0.7867709824036215
 102.78421260166897 0.7819306718595337
 104.5454854493518 0.7769636667445731
 106.32723000548467 0.7718775073272128
 108.13015219104858 0.7666747672320217
 109.95354608506251 0.7613465516512795
 111.79882352948853 0.7558827918432531
 113.66527860334563 0.7502856550707367
 115.55291130663376 0.7445553670902717
 117.46242756033399 0.7386816334035833
 119.39453328542734 0.7326734391210076
 121.34922848191383 0.7265609904677459
 123.32580722881241 0.7203691658146286
 125.32638728906619 0.7141142196326161
 127.34885089973204 0.7078122257874355
 129.39602174473413 0.7014715824224163
 131.46578206112935 0.6950949083134353
 133.5602496118608 0.6886810295264789
 135.67871847594745 0.6822134658340459
 137.82189457437036 0.6756755564034017
 139.98977790712945 0.6690864002379249
 142.1823684742248 0.6624695663205075
 144.40107811761845 0.6558186883166902
 146.64449499534834 0.6491081202834027
 148.91473687035753 0.6423180407963349
 151.21039190068404 0.635444205632514
 153.5335778492709 0.6284811966349534
 155.88288287415605 0.6214016972621783
 158.25901289632057 0.6141703540398502
 160.66337975772646 0.6067661264583375
 163.09527753739275 0.5991819257622493
 165.5547062353194 0.591413598031229
 168.04307769346852 0.5834701735269211
 170.559685990859 0.5753653782470253
 173.105942969453 0.567118762708002
 175.68114270826942 0.5587452719928732
 178.2859911282893 0.550258993309804
 180.9204882295127 0.5416749620444327
 183.58604585390165 0.5329822967314776
 186.28125215949407 0.5241535905268475
 189.00822490923306 0.5151777362087199
 191.76696410311862 0.5060463807850731
 194.55676382016978 0.49675645396694856
 197.3783299813675 0.4873331953356423
 200.23307442867386 0.47780906868176654
 203.12029124110785 0.4682089072248439
 206.0406863396505 0.4585439987919298
 208.9942597243018 0.4488386844532873
 211.9824232370238 0.4391336319922325
 215.00447095683552 0.4294560179811846
 218.06110880471795 0.4197903374608999
 221.15233678067113 0.41011000534109704
 224.2795667266571 0.4004499117066824
 227.44279864267583 0.39067860706202956
 230.64132660774632 0.38089482426482685
 233.87726838481174 0.3711041739536435
 237.14991805289097 0.36135086377436026
 240.459981532965 0.3516319950129893
 243.80816474601502 0.3419331373114226
 247.1944676920409 0.33226226890582317
 250.61889037104268 0.3226223426917487
 254.0828446249824 0.31302159426781917
 257.58703637484115 0.30345550850321207
 261.1300537786569 0.2938965340696501
 264.7140145993726 0.2843255629334933
 268.3389188369884 0.2747179379653214
 272.0047664915042 0.2650881843409896
 275.7122634839011 0.25547407564495683
 279.4621157351601 0.24591073959502055
 283.25502916626226 0.23640586094384017
 287.0902978562265 0.2269907069723599
 290.969333647015 0.21771312452190328
 294.89284245960863 0.2085769153326227
 298.86082429400756 0.19957890075241932
 302.8732791502116 0.1907156402516065
 306.9323247911641 0.18199111166043866
 311.03654937490273 0.17342920453609648
 315.18736474338976 0.16504329269607548
 319.38477089662507 0.15685354974488958
 323.63017967657083 0.14887539033916597
 327.92359108322694 0.14107990861138048
 332.2657110375745 0.13343038751768646
 336.6572454605945 0.12592146308266705
 341.0974884313059 0.11856034145511457
 345.5885577126519 0.11136794575125944
 350.12974738365136 0.10437378235102517
 354.7224692862664 0.09758624939774116
 359.36672342049707 0.0910175467748892
 364.0632157073243 0.084702815745659
 368.8126520677291 0.07866454617667624
 373.6157384226927 0.07288591017536639
 378.47247477221487 0.06732335478981781
 383.38427295825784 0.06195622781164945
 388.3511329808215 0.05679922147655698
 393.37305483990593 0.051869971885532176
 398.45215629845427 0.047186693076312076
 403.5877314354854 0.04275532199441486
 408.7811920929614 0.038568667842493
 414.0325382708823 0.03461453434916938
 419.3424758902291 0.03090529703651476
 424.71171087198286 0.027469902859743777
 430.14094913712466 0.024301280220962593
 435.6308966066354 0.02154453504066196
 441.18225920149627 0.018756950612491177
 446.79574284268824 0.016374395092369733
 452.4713475302113 0.014214223310637453
 458.20977918504644 0.012247551072398128
 464.0124496491558 0.010463095065726909
 469.8800648435205 0.008844928618161328
 475.81191884715935 0.007393140226265501
 481.81012942301544 0.006127222612825324
 487.87540249206995 0.005046372084554433
 494.00703213334174 0.004127130414719661
 500.2071361097739 0.00335986673897449
 506.47571442136655 0.0027563458176433496
 512.8134729891007 0.002309145407772745
 519.2211177339572 0.0019936188098944696
 525.6993545769172 0.001780598640107139
 532.249595359943 0.0016353234028745008
 538.8718400830342 0.001526696805256589
 545.5667946671721 0.0014405849526352248
 552.3358709543187 0.0013692087261167228
 559.1790689444739 0.0013031261744281724
 566.097094558619 0.0012286683259721642
 573.0913596387157 0.001144344826366884
 580.1625701057454 0.0010701242931868942
 587.3107259597078 0.0010266909470907787
 594.5372390425653 0.0010130128097778001
 601.8428152752986 0.0010099286142157252
 609.2281605788888 0.001003757514013082
 616.6946867952983 0.0009961412558881558
 624.2416880035457 0.0010018947845652324
 631.8712819665742 0.0010077112786202177
 639.5841746053648 0.0010345293045008524
 647.3803659199176 0.001087667517937659
 655.2619736731757 0.0011849384260836423
 663.228291944158 0.0013269295829127037
 671.2814384958076 0.0014781344511516099
 679.4221192491057 0.0015873285555625726
 687.650334204052 0.0016267445188582667
 695.9674952026087 0.0015988701329704542
 704.374308165757 0.0015082985501820112
 712.874302698402 0.0013587605779400698
 721.45830182779 0.0011584730319202264
 730.1411298945229 0.0009084854542821171
 738.9157276887906 0.0006037141237790255
 747.7891544204031 0.0002370684609071388
 756.7472916697399 -0.00017478485450495918
 765.8113170662319 -0.0005681953956525719
 774.9671121902585 -0.0008641800558189887
 784.22173625163 -0.0009248784728366129
 793.5751892503465 -0.0006442446708950779
 803.0274711864079 -0.00036064568161227675
 812.5785820598143 -0.00040824222263641924
 822.2355810803758 -0.0002916887391785585
 831.9984682480928 -0.00017385725699857078
 841.8531251433442 0.00008964220180537979
 851.8207293955613 0.0002577435745468541
 861.8942217949336 0.00030816088436267633
 872.0736023414613 0.0002651272808587796
 882.3518118253339 0.00019899896380421472
 892.7500278759825 0.00023409335951193506
 903.2470728639761 0.00026952130684213275
 913.8641244187454 0.00046111631397268414
 924.5870641206703 0.0006869189545717806
 935.4229511795605 0.0008591259538304665
 946.3717855954166 0.0009708353021685903
 957.4335673682383 0.0011130818347969591
 968.615355707836 0.001354393724014005
 979.9100914043992 0.001649365414580446
 991.3248336677385 0.001898929292342194
 1002.8595824978538 0.002033365416220279
 1014.5072786849347 0.002036077745607832
 1026.2820406486019 0.0019038679424355908
 1038.1697499692348 0.0016462437434325464
 1050.1915842762644 0.0012318382638685538
 1062.3263659402596 0.0006593759792863224
 1074.5952725906513 0.00003100959204337833
 1086.9841858078191 -0.0005350661650598789
 1099.5001648015734 -0.0010280802979960987
 1112.1502687817242 -0.0014856237889491223
 1124.920379328651 -0.001617802881696209
 1137.8246148619746 -0.0015271360467261047
 1150.862975381695 -0.0014355268321802708
 1164.0284016780015 -0.0009662103182134162
 1177.3350121705153 -0.0005169733585854276
 1190.768688439615 -0.00010659685667780787
 1204.343548904922 0.00027525345505649654
 1218.0525343566258 0.0004886889988189529
 1231.895644794726 0.0005952029215738173
 1245.8869986388438 0.0007088314714192543
 1260.0124774693584 0.0007677416926453236
 1274.27914049608 0.0008359719566121021
 1288.6869877190084 0.0009092113970157213
 1303.2430783479542 0.0009250307899698525
 1317.9403531731073 0.0008950547330621208
 1332.7858714042775 0.0008647763239953776
 1347.7796330414653 0.0008374896275353911
 1362.9216380846703 0.0005237776155832773
 1378.211886533893 -0.000005354630450591562
 1393.6503783891328 -0.00046614264790664935
 1409.2371136503903 -0.0008569408111177216
 1424.9862107372858 -0.000858901777585141
 1440.8835512301985 -0.0022082514232010493
 1456.936194338939 -0.0027812170997186555
 1473.1441400635074 -0.003349587592144515
 1489.5073884039034 -0.0033085898783438298
 1506.0329985699377 -0.0032671853710067264
 1522.7209705616099 -0.0027125432241485894
 1539.5642451691099 -0.002631483848068651
 1556.569881602248 -0.002940283397686137
 1573.7449390708346 -0.0034277342573310076
 1591.0752991552488 -0.004080538824915985
 1608.5821394849218 -0.004604534927679752
 1626.2442824304226 -0.005047671539205083
 1644.0829056211824 -0.0056844661753152285
 1662.08389063758 -0.006355257488951643
 1680.2542966894264 -0.006351337075834452
 1698.6011829865313 -0.006347378585666784
 1717.1174903190845 -0.006031834604534843
 1735.8102778968969 -0.005399751055924652
 1754.6724865101576 -0.004330779340182758
 1773.7182345784875 -0.003303771024546482
 1792.9334036822659 -0.0025131293559428544
 1812.332112241113 -0.001903445416493243
 1831.9073010452194 -0.0014847739961770631
 1851.6589700945842 -0.0011461502917287842
 1871.5941785990185 -0.0005505868821101171
 1891.7199857683324 -0.00033134083003787633
 1912.0222731829049 -0.00030195762729047894
 1932.5081000525463 -0.0002723087905822222
 1953.1774663772574 -0.00034980489314418865
 1974.0374313668476 -0.00022590630504364253
 1995.0879950213173 -0.00010087564862542644
 2016.3220981308564 0.0001558280416266203
 2037.753859115085 0.00011472557763593085
 2059.3691595543833 0.00008830964075355586
 2081.1821178683713 0.0002715306303488208
 2103.1856748472383 0.000456352580047342
 2125.379830490985 0.0005402628097284601
 2147.7787032192323 0.0004854232332702525
 2170.368174612359 0.0006943671999228497
 2193.1553038801753 0.0009051394262836589
 2216.1400910226816 0.001368264296202629
 2239.322536039878 0.0015487908303631177
 2262.709698141574 0.0016015293249952661
 2286.2945181179603 0.0016547135418881144
 2310.0840551788465 0.001513232369085428
 2334.0783093242335 0.0009502798530410573
 2358.2702213443094 0.00039356849848429893
 2382.673909658697 0.0001731720813811608
 2407.282315057584 -0.00003045352297972643
 2432.0954375409715 -0.000432243908083048
 2457.1203363186696 -0.0008340934815848058
 2482.3499521808676 -0.0011658228521753307
 2507.7842851275664 -0.0016020701867894285
 2533.4374535783854 -0.0015554722051987749
 2559.3023983235153 -0.0015084895402157931
 2585.3720601531454 -0.0010735818449166626
 2611.6605574868963 -0.0006455180043126927
 2638.1608311149585 -0.00032995358318351945
 2664.87288103733 -0.00015098823677718462
 2691.803766463823 -0.00004490937351631756
 2718.9464281846267 0.00002295479822523452
 2746.307925409552 0.000054579343862396436
 2773.8811989287865 0.000060969315031648926
 2801.680367161953 0.00005507954811541058
 2829.69131168943 0.000045646771588330985
 2857.9281509308385 0.00003679109560427342
 2886.3838256763675 0.00002951075463377522
 2915.051276716207 0.00002369987698628971
 2943.944622469978 0.000019070967124865945
 2973.0638629376804 0.00001537146172518564
 3002.4019389095033 0.000012404573777004144
 3031.9588503854475 0.000010018565536342909
 3061.741656575323 0.000008095558676772655
 3091.750357479129 0.000006543181297392177
 3121.977893887057 0.000005288512680882599
 3152.431325008916 0.000004273635799344825
 3183.1106508447056 0.000003452313636198654
 3214.0088121846165 0.000002787481347070162
 3245.1399274482687 0.000002249323807390201
 3276.4898782160426 0.0000018137913534391927
 3308.072782907557 0.000001461442418863459
 3339.8745231031935 0.0000011765339164197644
 3371.9021580127605 9.463020227866394E-7
 3404.1627468460697 7.603892536143423E-7
 3436.6421711834996 6.103864486542485E-7
 3469.3545494446707 4.894646531429104E-7
 3502.2928224197735 3.9207825246562445E-7
 3535.456990108807 3.137246543184162E-7
 3568.8470525117723 2.507497136603849E-7
 3602.463009628669 2.0018940965142146E-7
 3636.304861459497 1.5964117796916538E-7
 3670.379667214066 1.2715906947131237E-7
 3704.6733084727566 1.0116836004150324E-7
 3739.1999036551883 8.039596339309137E-8
 3773.9453343417413 6.381368038983735E-8
 3808.923718952036 5.059199571220497E-8
 3844.120939066451 4.0062432051104215E-8
 3879.551113104608 3.168688966052963E-8
 3915.2001226468856 2.5032744508049393E-8
 3951.0820861129055 2.0314643700376136E-8
 3987.182885083045 1.5567768325510797E-8
 4023.509578767117 1.2255083213635835E-8
 4060.0551079553093 9.635947480793846E-9
 4096.833591067244 7.567662674912463E-9
 4133.823850473489 5.9363490694186015E-9
 4171.047063803475 4.65123898939221E-9
 4208.4820534277715 3.6400787829420945E-9
 4246.142937766001 2.84542650423428E-9
 4284.02971681816 2.2216724689650083E-9
 4322.12827216463 1.7326486280442759E-9
 4360.445663015221 1.3497104045686077E-9
 4398.981889369932 1.0502006463153214E-9
 4437.736951228765 8.162206522840153E-10
 4476.710848591719 6.336488541636556E-10
 4515.896522248983 4.913576217401463E-10
 4555.301031410368 3.805897142995121E-10
 4594.910257656254 2.9446192778147616E-10
 4634.73831940626 2.2757078840475078E-10
 4674.778157450577 1.7567977149445599E-10
 4715.0297717892045 1.3547139370919206E-10
 4755.486103212332 1.0435105318246587E-10
 4796.15421092977 8.029202508156275E-11
 4837.027035731709 6.171309253200113E-11
 4878.104577618146 4.738213954421559E-11
 4919.386836589086 3.634023450693735E-11
 4960.873812644525 2.7841958218247227E-11
 5002.565505784464 2.130856753053005E-11
 5044.454856799093 1.6291261600643967E-11
 5086.534806478601 1.2442418249017147E-11
 5128.819473242611 9.493104544535165E-12
 5171.301797881309 7.235507075972315E-12
 5213.974721184887 5.509230335998349E-12
 5256.838243153345 4.190619114053434E-12
 5299.892363786682 3.184454087134611E-12
 5343.144142294709 2.4174954084764848E-12
 5386.572401047994 1.833473440811774E-12
 5430.19125846616 1.3892053826536916E-12
 5473.9936553393945 1.0515885072274701E-12
 5517.972532457888 7.952754119125962E-13
 5562.134949031451 6.008783055634836E-13
 5606.473845850272 4.535840824323602E-13
 5650.996282124162 3.420870220001072E-13
 5695.6810802236905 2.577674911948197E-13
 5740.5423585684775 1.9406083295086253E-13
 5785.5730579487135 1.4597261273352984E-13
 5830.773178364398 1.0970699166645664E-13
 5876.13566060572 8.238202495762076E-14
 5921.660504672681 6.181185650360744E-14
 5967.347710565278 4.6340259561584776E-14
 6013.190219073705 3.617911837112353E-14
 6059.188030197959 2.598355385048198E-14
 6105.341143938041 1.9434119096900962E-14
 6151.64956029395 1.452460423967413E-14
 6198.099160846066 1.0847347147120549E-14
 6244.704064014011 8.095233587353452E-15
 6291.4430921683515 6.0371123409529925E-15
 6338.33036372871 4.4991475752163516E-15
 6385.351760275465 3.350733848406364E-15
 6432.507281808616 2.493824959263556E-15
 6479.7969283281645 1.8548800824019208E-15
 6527.2136406243 1.378790962504281E-15
 6574.764477906831 1.0242816281327083E-15
 6622.435321756139 7.60484477723384E-16
 6670.2332313820325 5.643110286061747E-16
 6718.144088364892 4.185179284438766E-16
 6766.174951914527 3.1022778482944765E-16
 6814.318762821128 2.298414431801385E-16
 6862.568461874885 1.7020611903479786E-16
 6910.931108285606 1.259873930229338E-16
 6959.392583633673 9.321516930922678E-17
 7007.959947128895 6.89404895299905E-17
 7056.626139561462 5.0966742540191576E-17
 7105.377042511754 3.7665124695560254E-17
 7154.22677439939 2.782575702583076E-17
 7203.147098385129 2.055250842282819E-17
 7252.208606567076 1.5173282248595403E-17
 7301.340706847126 1.1201566835849874E-17
 7350.4728071271775 8.263862887251188E-18
 7399.746091603434 6.095734993496992E-18
 7449.089968177794 4.494808353890919E-18
 7498.5044368502595 3.31657223315116E-18
 7547.989497620827 2.4434776384906097E-18
 7597.474558391395 1.8016686786944857E-18
 7647.10080335817 1.329119060151038E-18
 7696.727048324944 9.781409644442527E-19
 7746.494477487926 7.177899876350245E-19
 7796.191314552805 5.290190051983071E-19
 7846.02933581389 3.863091930567886E-19
 7895.867357074976 2.8638434067991534E-19
 7945.775970434166 2.090364563174515E-19
 7995.684583793354 1.513666498913989E-19
 8045.593197152542 1.0981917009173588E-19
 8095.572402609837 7.934838983049368E-20
 8145.622200165231 5.724613364047589E-20
 8195.671997720627 3.890571061903517E-20
 8245.65120317792 2.682578513295299E-20
 8295.771592831421 1.5854336454590832E-20
 8345.821390386816 9.680308641122632E-21
