 0. 0.
 0.25761715165407756 0.25761715165407756
 0.7758801355213893 0.7758070883559928
 1.300240758970049 1.2995305350096382
 1.8307730823998298 1.8278009870565277
 2.3675355745473956 2.3590270724971774
 2.910619186780888 2.891051582959943
 3.4600888843632682 3.4212724471892173
 4.016016129083789 3.9468178002255168
 4.578478879258003 4.464741367001531
 5.14755509320146 4.97220483558186
 5.723329225756009 5.466630101156675
 6.305859745658311 5.94580357714379
 6.895218114697623 6.407940105710741
 7.491534263399861 6.851702587435123
 8.094866660501689 7.276190796963249
 8.70528027126607 7.680907601734175
 9.322840060955956 8.06570783356206
 9.947740925360229 8.430743964692411
 10.579917899215932 8.776407675324759
 11.219500913048979 9.103278725194993
 11.866619897385288 9.412073825157739
 12.521339817487823 9.703606464858165
 13.183790603882498 9.978750620685547
 13.853972256569316 10.238412452542057
 14.532014706074191 10.483506565648858
 15.218047882923045 10.714939576411846
 15.912136752378837 10.93359664556166
 16.614346279704527 11.140330750316041
 17.32480639542603 11.335956749831345
 18.043647030069266 11.521245222402218
 18.770868183634235 11.696921324202263
 19.506664751909817 11.863662963269123
 20.251036734896008 12.022101712511947
 21.004243993644646 12.172824407474433
 21.766221562892774 12.31637542885348
 22.537099373166306 12.453261267536469
 23.317072320254123 12.583951894112467
 24.106205369419182 12.708883726146444
 24.904563485924445 12.828458715171836
 25.712341565558788 12.943044118438667
 26.529539608322214 13.052975922691521
 27.35628754474063 13.158562496199371
 28.19278027060293 13.26009075155593
 29.039082751172064 13.357830710716934
 29.895259951710987 13.452037787518787
 30.761506768008584 13.542953015930431
 31.637888165327812 13.630804191312665
 32.52453407419459 13.715804957410683
 33.42157442513483 13.798150469568656
 34.329139148674464 13.878017166477868
 35.24729321007644 13.95556162891738
 36.17623150512964 14.030924003532014
 37.116018999097015 14.104228002832341
 38.066850587767455 14.175583415965203
 39.02879123640391 14.245089988995394
 40.00197087553231 14.312844957217205
 40.98651943567856 14.378947153687976
 41.98263181263154 14.443495867968773
 42.990437936917175 14.50658833535389
 44.01000277379841 14.568317226100321
 45.04145625380119 14.628766536894213
 46.084993272714364 14.68801044959154
 47.14074376106387 14.746111733455042
 48.20883764937561 14.803124027672885
 49.28940486817552 14.859091613106788
 50.38264031325246 14.914056259847959
 51.4886089498694 14.968059053232015
 52.60750567381522 15.021140165587108
 53.73952538087878 15.073338399730211
 54.88473303632307 15.12469141721897
 56.043323535936935 15.175235966603577
 57.21542681024632 15.225006285663705
 58.401237755040086 15.274034557912255
 59.60088630084415 15.3223525103584
 60.8145673434474 15.369993467774355
 62.04234584811279 15.41699303745099
 63.28448167589215 15.4633834029012
 64.54116972257437 15.509190128333817
 65.81240998815944 15.554435354179697
 67.09872219475105 15.599147840173769
 68.39997641182326 15.643364791369955
 69.71617263937608 15.687127749607596
 71.0479605300391 15.730475745955525
 72.39469043118274 15.773442789941562
 73.75766164806616 15.816051706752152
 75.1362245280598 15.858314137232393
 76.53102872379321 15.900241037471778
 77.94207423526642 15.941852037130657
 79.37001071510902 15.983179319721929
 80.81418851069141 16.024257351277136
 82.27460762201359 16.065111011249517
 83.75256735433474 16.105755820765854
 85.24806770765488 16.146196116611574
 86.7604590293444 16.18642002968972
 88.29039097203291 16.226407702088082
 89.83851318834996 16.26615593828056
 91.404176025666 16.305684596179358
 92.98867878924021 16.34501535971161
 94.59137182644298 16.384162152241057
 96.21225513727431 16.423142320909395
 97.85197837436381 16.46198599496275
 99.51119119034107 16.50071668434316
 101.18924393257647 16.539332106531987
 102.88743590632922 16.57781217536515
 104.60511745896973 16.616154836575866
 106.34228859049799 16.654395697455
 108.09959895354359 16.69259227747242
 109.8776982007361 16.73078771623052
 111.67658633207559 16.768988633033363
 113.4956136949324 16.807172659198233
 115.33672924719534 16.8453103502346
 117.1979840309756 16.88337614193365
 119.08197665679157 16.921351089390612
 120.9867581667545 16.959228116797693
 122.91427751875312 16.997005398139976
 124.86388506015788 17.034673118587286
 126.83623044359834 17.0722191807908
 128.8313136690745 17.10964746503222
 130.8491347365864 17.146983763772237
 132.89099295139314 17.18427030360579
 134.95558900823565 17.221544289586788
 137.0448718650026 17.25882124284203
 139.15754221643488 17.296092718052517
 141.2955490204212 17.333335661779945
 143.45759297170244 17.37054140045345
 145.64432372290818 17.40774120457848
 147.85704057929757 17.444978670261154
 150.09509388824105 17.48226794911708
 152.3584836497386 17.519588498478445
 154.6485091690494 17.55691018909913
 156.96452079354387 17.59422183663778
 159.30781782848118 17.631557222370336
 161.67775062123178 17.668990984656503
 164.0749688244252 17.706601185633954
 166.4994724380615 17.74442206308236
 168.95256076739986 17.782419835725776
 171.43293450718102 17.82052785401976
 173.94254261529383 17.858715075710734
 176.48138509173828 17.89698423982107
 179.04881228388476 17.93532849879484
 181.64547384436284 17.973735298779488
 184.27266907843176 18.012200531241454
 186.92974833346187 18.050745195352278
 189.61736126208282 18.089425441070627
 192.33550786429458 18.128283951495177
 195.0854874453563 18.167312509558798
 197.86665035263846 18.206485551052662
 200.6796462387706 18.245782076805238
 203.52447510375274 18.285161229732772
 206.40243625284404 18.324559555816926
 209.31352968604455 18.36393574147022
 212.2571057507246 18.403325622235386
 215.23511340477307 18.442847204326384
 218.24690299556028 18.482653644744314
 221.29312417571583 18.52285016759872
 224.37442659786936 18.56344727247537
 227.49081026202083 18.604365755977273
 230.64227516817027 18.645492861683355
 233.8301206215768 18.68678202621325
 237.05499627487012 18.728262237553757
 240.31560282279094 18.76997480929235
 243.61388922322809 18.811932295281583
 246.94985547618157 18.854108218305164
 250.32350158165136 18.896451678197312
 253.73547719226704 18.938940991030893
 257.1864319606583 18.981547853574703
 260.67701553945454 19.024206301039897
 264.2065782760264 19.06697659191871
 267.7764194756329 19.11004931651802
 271.3871887909036 19.153563251971462
 275.0388862218387 19.19756701592618
 278.731511768438 19.24196337308788
 282.4670143885904 19.28655762461613
 286.24409477703665 19.331283349218346
 290.06405223903596 19.376235956173904
 293.9268867745883 19.421488257827583
 297.8338976889529 19.467012635703778
 301.7850849821298 19.512728516894313
 305.78109830674845 19.558550763453717
 309.82258731543845 19.604507906865056
 313.90890235557043 19.65067458548803
 318.04199238503287 19.69691407645579
 322.2212077511964 19.74305884289977
 326.44784775932015 19.789227119285798
 330.72191240940407 19.83563117984788
 335.0440513540778 19.88232192475181
 339.41491424597086 19.929307342812844
 343.8351507377129 19.976553196251306
 348.304760829304 20.02401817147971
 352.8250438260031 20.071734452010958
 357.3959997278104 20.119669854332155
 362.01762853472593 20.167798129478875
 366.6918792046384 20.216336344974287
 371.41810208491813 20.265365073726567
 376.19759648082436 20.314514547715184
 381.0303623923572 20.363538711430174
 385.91704947214606 20.412656458409618
 390.85830737282066 20.4620905624733
 395.8547857470106 20.511734886504208
 400.90713424734537 20.561466037544385
 406.01600252645466 20.611230924210137
 411.182040236968 20.66103835702344
 416.40524737888546 20.710991072148513
 421.68627360483646 20.761145333669962
 427.0264182200804 20.81160647982327
 432.4263308772468 20.86242399561266
 437.885361923706 20.91345111508925
 443.4054603173468 20.964416081583124
 448.9872757107989 21.01517322475435
 454.6301584514325 21.06600254116514
 460.3360574971366 21.116981499498312
 466.10497284791103 21.16783713334908
 471.93755415638554 21.218615618069638
 477.8344510751895 21.269526580172368
 483.7963132569527 21.320544044595085
 489.8244400069343 21.371532726457687
 495.9188313251342 21.422411459397146
 502.08013686418207 21.47305429403462
 508.30965592933705 21.52347408095007
 514.6073885205991 21.57385527047523
 520.9739842905981 21.624255313604404
 527.4107425445928 21.674620822226476
 533.918312935213 21.725068318918282
 540.4966954624588 21.775563018095674
 547.1471894315891 21.825720292541735
 553.8704444952339 21.875355486498066
 560.6671103060223 21.924574234927565
 567.538486169214 21.973358825485548
 574.4839224321792 22.021364460905456
 581.5053680528064 22.068333422007058
 588.6034726837255 22.11424133149122
 595.7782363249364 22.158923117609515
 603.0316079343279 22.202302110560648
 610.3629378592705 22.244455596425947
 617.7741750576528 22.28527337520522
 625.2659691821045 22.324624247726742
 632.8383202326256 22.362326571156714
 640.4925275144752 22.398271697607623
 648.229240680283 22.432570260758208
 656.0517079931969 22.465243761934108
 663.9514839690322 22.496219890944637
 671.9422113130103 22.525485409181652
 680.0173934988354 22.55306544717544
 688.1835270528032 22.578945602233354
 696.4276189223222 22.60305151446296
 704.7691586862799 22.625442926507283
 713.1951532920845 22.646274515524837
 721.7120992660318 22.66547980772512
 730.3199966081222 22.682941269375526
 739.0188453183553 22.698696413669992
 747.8086453967312 22.71289459721607
 756.6958933695458 22.72580818155111
 765.6805892367994 22.737661029256284
 774.7497399458998 22.748507996102187
 783.9228350757348 22.758389279524692
 793.1933781000087 22.767305313202332
 802.5613690187212 22.77519933774396
 812.0203113055767 22.782128534806677
 821.5896945394626 22.788198724237397
 831.2500291414916 22.793502201960056
 841.0208046905509 22.798189981690747
 850.8890281340492 22.802348557191014
 860.861195998282 22.805949172606205
 870.9373082832495 22.809033325266554
 881.1173649889519 22.81172928450286
 891.4078626416847 22.81411531034715
 901.8023047151521 22.81616837697959
 912.3071877356502 22.81784402709977
 922.9225117031789 22.81916764984733
 933.6417800914423 22.82020810424477
 944.4779859530322 22.82103663865509
 955.4181362353567 22.821716657337728
 966.4817205173038 22.822291364718605
 977.6492492199853 22.822776692321362
 988.9402119222893 22.823179222564573
 1000.3416155716241 22.823505493677242
 1011.8599566942852 22.82376693283789
 1023.5017318165687 22.823977522983995
 1035.253947885883 22.824146363992412
 1047.1295979548195 22.824285299395886
 1059.1286820233786 22.824410995552114
 1071.2447035652642 22.824532267639402
 1083.4906556330682 22.82464385954229
 1095.8535451741984 22.824735878665194
 1108.3463652412472 22.824804808057735
 1120.9626193079184 22.824854639548295
 1133.7023073742118 22.824891359270275
 1146.57842249272 22.82491895665541
 1159.5779716108502 22.82493968201601
 1172.7074512548988 22.824955193807295
 1185.9668614248658 22.8249664446156
 1199.362698647047 22.82497367571684
 1212.8884663951465 22.824977143435575
 1226.5506611954604 22.82497739876724
 1240.3492830479886 22.824976271524864
 1254.2843319527308 22.824978410317875
 1268.3558079096874 22.824989293791326
 1282.5637109188583 22.825010460109418
 1296.9080409802434 22.825037615398085
 1311.4017911464348 22.825064577181664
 1326.0319683648402 22.82508902933143
 1340.805069161756 22.825112338165322
 1355.7210935371818 22.825134362781185
 1370.7800414911178 22.82515224873424
 1385.9884095498599 22.825164365297532
 1401.3461977134082 22.8251719981394
 1416.8469094554666 22.82517708311047
 1432.4970413023311 22.825180575658898
 1448.3030897802976 22.825182857936966
 1464.2520618367744 22.825184287891073
 1480.3634470506488 22.825185191377575
 1496.6177558430336 22.825185745619233
 1513.0344777928162 22.82518604232372
 1529.6006198474051 22.825186183359403
 1546.322678533096 22.825186250491626
 1563.2071503761847 22.825186286245167
 1580.2475388503756 22.825186309721634
 1597.4503404819643 22.825186329773757
 1614.809058744655 22.825186350352915
 1632.3366866910396 22.825186370990558
 1650.0202312685262 22.825186388945212
 1667.8726855297064 22.825186402306837
 1685.887552948285 22.825186411124715
 1704.064833524261 22.825186416491785
 1722.4110237839311 22.825186419539556
 1740.9326202535913 22.825186421534518
 1759.616629880649 22.82518642383358
 1778.4695491914006 22.82518642740848
 1797.4913781858463 22.825186432515867
 1816.6886133902815 22.825186438351107
 1836.0612548047063 22.825186443513044
 1855.6028059028254 22.8251864472428
 1875.3262597372297 22.825186449651618
 1895.2186232553283 22.82518645111419
 1915.2928895097127 22.825186451944134
 1935.5425619740863 22.825186452371682
 1955.96764064845 22.82518645256527
 1976.5811185853954 22.825186452644953
 1997.3700027323302 22.825186452678686
 2018.3407896155509 22.82518645269396
 2039.4934792350573 22.825186452700905
 2060.8280715908495 22.825186452704042
 2082.351063209223 22.825186452705466
 2104.055957563882 22.8251864527062
 2125.949251181123 22.825186452706713
 2148.030944060946 22.82518645270711
 2170.2945396770538 22.82518645270737
 2192.75303108204 22.825186452707484
 2215.399921749607 22.825186452707516
 2238.2352116797556 22.825186452707527
 2261.265397398782 22.825186452707534
 2284.48398238039 22.825186452707534
 2307.89096662458 22.825186452707538
 2331.4993431839425 22.825186452707538
 2355.302615532183 22.825186452707538
 2379.2942871430055 22.825186452707538
 2403.4873510690013 22.825186452707538
 2427.8753107838743 22.825186452707538
 2452.458166287625 22.825186452707538
 2477.242414106549 22.825186452707538
 2502.2215577143506 22.825186452707538
 2527.402093637326 22.825186452707538
 2552.777525349178 22.825186452707538
 2578.3608459025 22.825186452707538
 2604.1390622446993 22.825186452707538
 2630.125167428368 22.825186452707538
 2656.3126649272103 22.825186452707538
 2682.6950582149298 22.825186452707538
 2709.285340344119 22.825186452707538
 2736.0835113147773 22.825186452707538
 2763.083074600609 22.825186452707538
 2790.2840302016143 22.825186452707538
 2817.692874644089 22.825186452707538
 2845.3096079280326 22.825186452707538
 2873.12773352715 22.825186452707538
 2901.153747967737 22.825186452707538
 2929.387651249793 22.825186452707538
 2957.8229468470226 22.825186452707538
 2986.4726278120174 22.825186452707538
 3015.3237010921857 22.825186452707538
 3044.389159740119 22.825186452707538
 3073.656010703226 22.825186452707538
 3103.130750507802 22.825186452707538
 3132.819875680144 22.825186452707538
 3162.710393167659 22.825186452707538
 3192.815296022939 22.825186452707538
 3223.1280877196887 22.825186452707538
 3253.6487682579072 22.825186452707538
 3284.3773376375957 22.825186452707538
 3315.3137958587536 22.825186452707538
 3346.4581429213804 22.825186452707538
 3377.816875351773 22.825186452707538
 3409.3770000973386 22.825186452707538
 3441.1515102106696 22.825186452707538
 3473.1274126391736 22.825186452707538
 3505.317700435444 22.825186452707538
 3537.709380546886 22.825186452707538
 3570.315446026095 22.825186452707538
 3603.1229038204765 22.825186452707538
 3636.144746982624 22.825186452707538
