 1.3632066160638645 0.9978197369698685
 1.9194306602232667 0.9940408798792982
 2.482186577158297 0.9873315447226465
 3.051569722675898 0.9770514684187961
 3.627648208066745 0.9628584230235957
 4.210496955750577 0.9446867033605466
 4.800197699276206 0.9227590364236861
 5.396832172192438 0.8975167306347499
 6.00048891917715 0.8695602627296464
 6.611229240391948 0.8395455567485817
 7.229128058256575 0.8080758511150291
 7.854321595352376 0.7757803363479525
 8.48687115184096 0.7432468871082175
 9.126844839013 0.7109288697976975
 9.774310768159168 0.679130964368009
 10.429473273151489 0.6482232103729613
 11.092264242699288 0.6184479025603659
 11.762819899383913 0.5898560052097058
 12.44127646578671 0.5625799578529161
 13.127702053198355 0.5366719219970527
 13.822232884200195 0.5121723897025017
 14.524868958792231 0.48906787430036663
 15.235746499555809 0.4672846996755995
 15.955001729072277 0.44681108102598993
 16.68270275863231 0.4276172789550577
 17.41891769952658 0.4096234506324674
 18.16378277433644 0.3927508315887096
 18.917434205643232 0.376972436536114
 19.67987199344696 0.3622079493568586
 20.45130047161964 0.34839916122706427
 21.231719640161277 0.33547692799249895
 22.02140194423457 0.3234009917738058
 22.820279272548834 0.3121435109280359
 23.628487847685427 0.30159833639852557
 24.446232003516368 0.2917329743613262
 25.273579851332325 0.2825238919252941
 26.110599502423984 0.27389996086719837
 26.957495290663353 0.26582759801899347
 27.814267216050446 0.2582742277063913
 28.681051501166596 0.25116801375489967
 29.558052479883838 0.2444807579506695
 30.44533826349284 0.2381973014678596
 31.34297696328427 0.23227636560780268
 32.25117291313016 0.2267089701324543
 33.16999422432118 0.22150052634827028
 34.09957711943868 0.2166373033357322
 35.040057821063996 0.21210470820762722
 35.99157255177849 0.20788243718129218
 36.95418942287284 0.20392358972698196
 37.928112768219044 0.20018684750184496
 38.91341069910779 0.19664376015459167
 39.91028754941111 0.19328477354807994
 40.918811430419666 0.190115747403791
 41.93911856471481 0.18712073917360866
 42.97134517487789 0.1842830333301485
 44.015695594780915 0.1816081009441672
 45.072306047005256 0.17913182389484011
 46.14124464284156 0.17687882864596127
 47.222647604871206 0.17483775933611548
 48.31671926696619 0.17298255739525098
 49.423595851707866 0.17128536310135395
 50.543413581677584 0.1697182462937016
 51.676308679456696 0.16825558886403716
 52.82248547891722 0.16688644979199022
 53.98201209134984 0.16559715763922
 55.15509285062656 0.16436002088636495
 56.341932090619395 0.16316266555461448
 57.54259792261905 0.16199508026273604
 58.75729468049752 0.16086886752400031
 59.986158586836176 0.15981764744845622
 61.229393975507016 0.15886411764916733
 62.4871370690914 0.1580091197725646
 63.75959220146136 0.1572322540266564
 65.04682748390755 0.15647580025116778
 66.34911536159265 0.15568046381800588
 67.66666016838873 0.15485878867133557
 68.99946190429577 0.15403255270991276
 70.34806545963914 0.15325665427396118
 71.71233461183752 0.15259858497581463
 73.0922693608909 0.15203848711805157
 74.488550819706 0.15161501143264663
 75.90049787537613 0.15127484611187647
 77.32947275371471 0.1510094527514308
 78.77479434181505 0.15086641893779798
 80.23714375258385 0.15081798584662473
 81.71652098602112 0.1508366341421082
 83.21360715503363 0.15088693900706446
 84.7277211467146 0.1509448403929968
 86.25886296106405 0.15090124270124963
 87.80839482389545 0.15078186368760013
 89.37631673520882 0.1506935912513081
 90.9619475820974 0.150595936078374
 92.56596847746795 0.15044160513550833
 94.18906053422717 0.15032667928303953
 95.83054263946835 0.1502451586494525
 97.49177701900496 0.15020295378569626
 99.17208255993027 0.15023779423213268
 100.87145926224427 0.15024157733665378
 102.59058823885371 0.15015626892987302
 104.33015060266533 0.1500669042881149
 106.08946524077237 0.1500141763989978
 107.86989437898832 0.15006777197800686
 109.67075690440646 0.1503258338098222
 111.49205281702676 0.15071933400169926
 113.33446322975597 0.15114999117384462
 115.19866925550082 0.15156838527950653
 117.08467089426134 0.15198987414580775
 118.99178703313078 0.1523485991858725
 120.92206101082932 0.15274979158814633
 122.87344948863678 0.1531647498966711
 124.8486769181801 0.15351619272072473
 126.8456999607391 0.1538077935299565
 128.86656195503394 0.154066842499709
 130.91058178815794 0.15445519791014303
 132.9784405730178 0.15499103818476795
 135.0701383096135 0.15563786017357936
 137.18567499794509 0.15622597588103618
 139.326412863826 0.15671481047307714
 141.4909896814428 0.1570789923238402
 143.68144878951568 0.15736185314928786
 145.89642796223117 0.1575332195014346
 148.13797053830947 0.15753277936545068
 150.40471429193713 0.15746893611964727
 152.6973403360209 0.1573674057686864
 155.0172108963742 0.15731473164318086
 157.36364486009032 0.1573439889257695
 159.73664222716926 0.15739648000481443
 162.13756522342453 0.15752089680804335
 164.56573273594935 0.1577393661802664
 167.02250699055722 0.15808132680287695
 169.5072068743414 0.15862325617865147
 172.02051350020858 0.15938383293646918
 174.56242686815884 0.16030241932657166
 177.1343092040056 0.1612854627795829
 179.7347982819354 0.1621672827088715
 182.36593744066846 0.1628998292130061
 185.02772668020478 0.1637036445617125
 187.71948488763763 0.16464064050173632
 190.44189317587373 0.16563454997488797
 193.1963137707266 0.1667352832254856
 195.98206555928942 0.16794320416021394
 198.799829654469 0.1690815957977307
 201.64960605626533 0.1699468018920463
 204.53275699049183 0.17052527450760893
 207.44860134424184 0.17097458210481709
 210.39782023042204 0.17136587104654763
 213.38041364903248 0.17159863080207813
 216.3977438258866 0.1716428743596465
 219.44981076098443 0.17174341748838154
 222.53593334141917 0.17205703134110215
 225.65815490591115 0.17263227558296723
 228.81579434155353 0.17341346955935838
 232.00953276125304 0.1741639883185235
 235.24005127791654 0.17475829496900874
 238.5073498915439 0.17538910986085493
 241.81142860213518 0.1762406162553261
 245.15364963550383 0.17708957144977128
 248.53469410455662 0.17774883660447352
 251.95319978348007 0.17832095344189525
 255.41121001099438 0.17892275169073749
 258.9087247870996 0.1795782616680437
 262.4457441117956 0.18020433084030604
 266.0229490979892 0.18056673020023067
 269.64102085858724 0.18053782538920585
 273.3006405064963 0.1804779660382408
 277.00112692880975 0.1806978937981491
 280.743842351341 0.18101951621205298
 284.52946788699677 0.18124342169005328
 288.3580035357772 0.18133789123472394
 292.2294492976821 0.18121623657025132
 296.14584851143184 0.18090319674169517
 300.1058389512128 0.18058481007227628
 304.1107828428386 0.1804172141082675
 308.16068018630915 0.18024166826165336
 312.256893207438 0.17978763732174546
 316.3994219062251 0.17924278636674645
 320.5889473955772 0.17899361368186736
 324.826150788401 0.1790881395318522
 329.1103509717898 0.17919972132877154
 333.4435912844638 0.17917309079679303
 337.8251906135163 0.17905268209428124
 342.25651118476077 0.1787825148493097
 346.7375529981972 0.17819200268778118
 351.2689971667323 0.17718043637401562
 355.85152480327287 0.17587328837486943
 360.4858170207255 0.17448122283469242
 365.1718738190904 0.17309485580012932
 369.9110574241809 0.17159216266646712
 374.7033678359971 0.1696909171626301
 379.5488050545389 0.1672680138711092
 384.4494124185266 0.16460434744404398
 389.4045088150534 0.16191364561524818
 394.4154564699328 0.15941150560685743
 399.4822553831648 0.15723890335622215
 404.60558666765615 0.1549658826824008
 409.7861314363136 0.1520163533305472
 415.0245708020439 0.14825399012216378
 420.3215858777537 0.14422370687997293
 425.67785777634987 0.14049700098018264
 431.09406761073905 0.13696425989088498
 436.57021538092124 0.13330866004398545
 442.10698219980316 0.12943011881807648
 447.7057302931984 0.12537144872797695
 453.36714077401365 0.12130118198295359
 459.09053252934217 0.11729608822005538
 464.8779488979041 0.11322608816974593
 470.73007099260633 0.10891468034421843
 476.6462177005419 0.10439837881735811
 482.62843236043125 0.09986489382374913
 488.6767149722743 0.09517129673405197
 494.7917466489778 0.09026097804172528
 500.9742085034484 0.08548433093969579
 507.2247816485929 0.08092728896233077
 513.5448283102248 0.07655825762175185
 519.9343484883442 0.07239159027694152
 526.3940232958577 0.06823412689817465
 532.9252149585786 0.06387675995052795
 539.5279234765072 0.05920633497780651
 546.2028299625503 0.05432597023694494
 552.9512966425211 0.04957243313728504
 559.7740046293264 0.04517180229340244
 566.6709539229664 0.04100702815231184
 573.6435067492544 0.036912159924997696
 580.6923442210971 0.032908951953991426
 587.8181474514013 0.029246233288537156
 595.0222786659806 0.02616260247815258
 602.3040567519281 0.023372472070850768
 609.665525047964 0.02048234421683542
 617.1073646669952 0.01766457163849586
 624.6295756090217 0.01524270695215694
 632.2342012127634 0.01321509707927319
 639.920560365314 0.01147349455309699
 647.6906964053934 0.00995502459027028
 655.5452904459086 0.008597898070819059
 663.4843424868593 0.007409643209854201
 671.509214754059 0.006413839748477786
 679.6205883604148 0.005562025460945861
 687.8218688704601 0.004832389680917236
 696.1042018164072 0.004231883871266537
 704.4818905692979 0.0037233145155603784
 712.9481240000647 0.0032522677709389217
 721.5097132377749 0.002776683099702251
 730.1530360242939 0.00227420082283492
 738.8985257468236 0.0017741385972739113
 747.7325601472295 0.0013355636941132594
 756.6619503545788 0.0010010262335374658
 765.6866963688717 0.0007710683863929741
 774.8067981901079 0.0006093714283097916
 784.0222558182877 0.0004889426298586805
 793.3398803824783 0.00040963101339401196
 802.7596718826799 0.0003625816026540068
 812.2680080607573 0.0003176967258701911
 821.8853223039131 0.0002570590110786175
 831.6048034830798 0.00018464354925735852
 841.4264515982574 0.00011038299741300062
 851.3434555203784 0.00004533335706575469
 861.376248636645 -0.000014716657915937671
 871.5043975598552 -0.00007224704470267837
 881.7483356772108 -0.00006488208025927121
 892.0944407305776 0.00005176526691455557
 902.5495238490223 0.000186409773430969
 913.1135850325454 0.00024499150684659135
 923.7866242811469 0.00024549992796305665
 934.5754527238939 0.00022821725717897794
 945.4732592317191 0.00020656950616635553
 956.4868549336901 0.00019322094029460408
 967.6162398298067 0.0001963325789049899
 978.8546027910016 0.00020189662083271536
 990.2155660754095 0.00019085629361876636
 1001.6855074248955 0.00016298139542609956
 1013.2848602266621 0.00013000356813941768
 1024.993191093507 0.00010028588326793372
 1036.830933412632 0.00007552771608590774
 1048.784464925903 0.00005439209876124194
 1060.8605967623869 0.00003763757727475876
 1073.066140051151 0.0000257029237452555
 1085.387472534061 0.00001768024381834994
 1097.8382164692514 0.000017068498743921792
 1110.4183718567224 0.000020535658669452594
 1123.1211275674061 0.000017052564847187248
 1135.9601058594378 0.0000086988103547132
 1148.9216844746825 0.0000036468858894212334
 1162.019485671275 0.000001964348326835667
 1175.246698320148 0.0000012528248083882016
 1188.6033224213013 6.090167076582855E-7
 1202.1029802328699 -2.7993827441227393E-8
 1215.732049496719 -5.994002819550941E-8
 1229.4973413419157 8.016768361497729E-7
 1243.3988557684602 0.000001882364455917634
 1257.4434039054202 0.000002644709570407384
 1271.6241746237276 0.0000030477480713241308
 1285.9479790524506 0.000002996914470631003
 1300.4148171915888 0.0000024836209084844858
 1315.0246890411418 0.000001723578228944685
 1329.7775946011104 0.0000010132610843143623
 1344.6735338714939 5.270038863710918E-7
 1359.712506852293 2.577899301472419E-7
 1374.908135801642 1.3859776356899252E-7
 1390.246798461406 1.1408220569271166E-7
 1405.7353059606526 1.2558732734785702E-7
 1421.373658299382 1.2562139307307608E-7
 1437.1618554775937 1.0643925321543162E-7
 1453.1067086243556 8.156748415463583E-8
 1469.2082177396676 5.8341261315284734E-8
 1485.459571694462 3.88883884491654E-8
 1501.8675816178063 2.4855016452927554E-8
 1518.439058638768 1.5732664151975708E-8
 1535.1603804992126 9.811983796464448E-9
 1552.0519805863416 5.981548855200432E-9
 1569.0934255129534 3.5930198621233113E-9
 1586.30514866625 2.1800386971015044E-9
 1603.6735277880966 1.3234480444992274E-9
 1621.2053740075607 7.503463400170849E-10
 1638.9074984537092 3.8299936409808433E-10
 1656.7730899974752 1.8416410475991992E-10
 1674.8089597679261 9.051796239631993E-11
 1693.0082966359944 4.732201511571553E-11
 1711.384722859815 2.503556578430983E-11
 1729.9246161812525 1.22071907947072E-11
 1748.6415988584424 5.163076512896716E-12
 1767.5288597623173 1.9857232444844065E-12
 1786.5863988928766 7.043845424683133E-13
 1805.821027379188 2.4900043732790796E-13
 1825.2395563503196 1.246989223709508E-13
 1844.8283635481355 4.1633097719870355E-14
 1864.5942601017032 0.
 1884.5372460110239 0.
 1904.6641324051636 0.
 1924.9749192841227 0.
 1945.4627955188344 0.
 1966.1413833674328 0.
 1986.9970605717833 0.
 2008.0434493900214 0.
 2029.2737386930783 0.
 2050.6879284809547 0.
 2072.299641011786 0.
 2094.0952540274366 0.
 2116.081578656974 0.
 2138.2586149003982 0.
 2160.62636275771 0.
 2183.1916333579757 0.
 2205.947615572128 0.
 2228.901120529235 0.
 2252.0521482292966 0.
 2275.3938875432445 0.
 2298.939960729215 0.
 2322.6835566581394 0.
 2346.624675330018 0.
 2370.770127873918 0.
 2395.113103160773 0.
 2419.653601190582 0.
 2444.40524422148 0.
 2469.3612211244 0.
 2494.514720770274 0.
 2519.8793654172373 0.
 2545.448343936223 0.
 2571.221656327229 0.
 2597.2061137193255 0.
 2623.3949049834428 0.
 2649.79484124865 0.
 2676.3991113858783 0.
 2703.221337653263 0.
 2730.24789779267 0.
 2757.4924140622334 0.
 2784.9480753328858 0.
 2812.6080704755595 0.
 2840.48602174839 0.
 2868.581929151377 0.
 2896.888981555453 0.
 2925.4071789606182 0.
 2954.1433324959403 0.
 2983.0974421614183 0.
 3012.262696827986 0.
 3041.64590762471 0.
 3071.2470745515902 0.
 3101.05938647956 0.
 3131.096465666753 0.
 3161.344689855036 0.
 3191.817681302542 0.
 3222.501817751138 0.
 3253.4039103298896 0.
 3284.5307701678657 0.
 3315.868775006931 0.
 3347.4315471052196 0.
 3379.2122753336653 0.
 3411.2109596922674 0.
 3443.427600181026 0.
 3475.862196799941 0.
 3508.5147495490123 0.
 3541.392069557308 0.
 3574.4805345666923 0.
 3607.7937668353006 0.
 3641.3181441049983 0.
 3675.06728863392 0.
 3709.02757816393 0.
 3743.2126349531645 0.
 3777.6088367434877 0.
 3812.2298057930357 0.
 3847.061919843672 0.
