 0. 0.
 0.27733945814849353 0.00004209133555761322
 0.8352789206466484 0.0006638467929017725
 1.3997828375944303 0.0029871211371578373
 1.9709309392078262 0.008258243422965866
 2.5487861703941954 0.017641526726336034
 3.133446445453872 0.03202927527367791
 3.724981703172811 0.051900767392786935
 4.323468876215561 0.07727166944414665
 4.928991891125267 0.10773237415379025
 5.541634674445073 0.14254636866791875
 6.16148814659672 0.18077356107634132
 6.788615252487565 0.22139062934408324
 7.42309292478216 0.26339060981105145
 8.06506104105241 0.3058540101722782
 8.714582546205671 0.34799127692192555
 9.371727379027904 0.38916092741712904
 10.036565478305056 0.428869347695836
 10.709306660394992 0.46675879480354276
 11.38988098651176 0.5025897472096091
 12.078428334227262 0.536222657867187
 12.77508858111341 0.5676002724641906
 13.479931665956157 0.5967306782870784
 14.193097466327409 0.6236704403905672
 14.91458598222717 0.6485086567771724
 15.644537091227342 0.6713534489527829
 16.383090670899836 0.6923224042244833
 17.13031666003061 0.711537567097008
 17.886284997405607 0.7291226362927765
 18.651135560596746 0.7452006672273308
 19.425008227175926 0.7598915906828086
 20.20790299714315 0.7733092260260126
 21.000029686856283 0.7855588458323747
 21.801388296315324 0.7967364866285875
 22.612258580664083 0.8069292705460431
 23.432570601116613 0.8162142565585516
 24.262464235244813 0.8246581188289032
 25.102149299406555 0.8323193982829379
 25.951695732387783 0.8392516731934424
 26.81117347297446 0.8455046619919386
 27.680792337524437 0.8511225690510004
 28.56055232603773 0.8561422466646021
 29.45059331608623 0.8605966413349634
 30.351125124027806 0.8645210430393571
 31.262217688648413 0.8679573586257942
 32.183940948734 0.8709508952786381
 33.11650472064243 0.873545305964567
 34.05997894315966 0.8757793728981882
 35.014503493857596 0.8776881103538267
 35.98021825030815 0.8793074516156325
 36.957263090083224 0.8805639893243559
 37.94570795196877 0.8818351881387716
 38.94576265232265 0.8828098440084736
 39.95749712993082 0.8836138397537083
 40.98112120115115 0.8842534705917758
 42.01670480476958 0.8847376968684681
 43.06438781835803 0.8850792468698586
 44.12431011948839 0.8852908948325123
 45.19668152451854 0.8853825201120458
 46.28164191102038 0.8853590394110219
 47.379261217779856 0.8852204067789494
 48.48967932236889 0.8849622569191603
 49.61310604114534 0.884576778248144
 50.74968125168111 0.8840542292617571
 51.899544831548106 0.883386384822068
 53.06283665831824 0.8825655711970392
 54.23976654834937 0.8815859526742832
 55.43040444042745 0.8804498727288536
 56.63496015091035 0.8791709327061571
 57.85364349615592 0.8777670073472865
 59.08652441495013 0.8762499059284908
 60.33381272365081 0.8746243613503674
 61.5956482998299 0.8728969904836551
 62.87224095984524 0.8710736749912327
 64.16373058126875 0.8691489008141512
 65.4703269804583 0.867113340002689
 66.79210009619982 0.8649695198338642
 68.12932968363714 0.8627309038016102
 69.48222555912811 0.8604073712615439
 70.85078772267275 0.857997957253349
 72.23557568455868 0.8554988019357616
 73.636449567214 0.8529174871398362
 75.05340937063868 0.8502761150518593
 76.48715448269229 0.8476010153033121
 77.93698551551529 0.8449132791696736
 79.40430124482674 0.8422310570949841
 80.88840228276712 0.8395672152167908
 82.38998801719596 0.8369212021291986
 83.90905844811324 0.8342752349920979
 85.44631296337853 0.8315989405307782
 87.00105217513227 0.8288553285997914
 88.57327608337448 0.8260160017955506
 90.16438346382422 0.8230756758115633
 91.7743743164815 0.820044413805411
 93.40254925348677 0.8169345764592375
 95.04960766269959 0.8137514021290442
 96.71624893197945 0.8104891929539171
 98.40177367346688 0.8071467542210844
 100.1075806628809 0.8037261077521601
 101.83297051236201 0.8002066217765778
 103.57794322191019 0.7964848257581939
 105.34319817938497 0.7927197703872919
 107.12943477264592 0.7886750243463394
 108.93595361383348 0.7843955631961306
 110.7641534786667 0.7798908986883522
 112.6133349792861 0.7751989399782775
 114.48349811569165 0.7703666944184457
 116.37534227574288 0.7654303709959541
 118.28956684729933 0.7604252137375844
 120.22617183036101 0.7553887641946798
 122.1844578370684 0.7503296151091025
 124.16652303100007 0.7452173932061423
 126.17026924857743 0.7400245741415464
 128.19849404123863 0.7347580045385095
 130.24909924540506 0.7294507687507248
 132.32418302465535 0.7241221659845132
 134.42304599112992 0.7187439826382532
 136.54638753268836 0.7132843290710238
 138.69420764933062 0.7077384723822272
 140.86650634105672 0.7021004390080022
 143.06468238358576 0.6963575466127664
 145.2873370011986 0.6904745971202296
 147.53656835747393 0.6844062373955375
 149.81097767669266 0.678179394426557
 152.11266312243333 0.6719015923627907
 154.44022591897698 0.6656788389875306
 156.79436545418304 0.6595434374961187
 159.17648050377065 0.6534396958931713
 161.58587167988028 0.6472889928881763
 164.02253898251186 0.6410449184849805
 166.48788118738455 0.6347071969806367
 168.98119890663875 0.6283042257787314
 171.50389091599357 0.6218875613304364
 174.0552578275895 0.6155090817403621
 176.63599902928595 0.6091762309880898
 179.2461145210831 0.6028585438979269
 181.8870030786999 0.5965375024219034
 184.5572659264173 0.5901950020664705
 187.2590012278139 0.5837957069038644
 189.9922089828898 0.5773022591847066
 192.75618980378533 0.5706789553773031
 195.55164307836012 0.5638656462886202
 198.3799675823332 0.5568224928427525
 201.240463927845 0.5495576742271406
 204.13383150275519 0.5421137405966734
 207.06007030706363 0.5345134374445146
 210.02057911648944 0.5267527670779267
 213.0146585431731 0.5188654112069888
 216.04300797497416 0.510933161706109
 219.10562741189258 0.502998017324281
 222.20391562964747 0.49510218858187927
 225.33787262823878 0.4871154597794635
 228.50679901980703 0.4791654274384737
 231.71279296793085 0.47119485522789917
 234.95515508475063 0.4632346218778538
 238.23458475812592 0.45531407137204377
 241.55178137591633 0.44742518534974746
 244.90674493812176 0.43949460385169964
 248.2994754447423 0.43140103136617264
 251.73137167149696 0.42310826350111813
 255.2031330062453 0.4146738991973061
 258.7133606732683 0.40613733181087697
 262.2641528361445 0.3975245555347255
 265.8555094948739 0.3888782675653123
 269.48743064945654 0.38023056432076896
 273.1606156877519 0.3715676376784776
 276.87576399761963 0.3628696278361242
 280.6335749669191 0.3541055733527108
 284.433349207791 0.3452097236703214
 288.27648549595426 0.33623960420894006
 292.16368321926836 0.3272955662463868
 296.09494237773345 0.3183406747778026
 300.07026297134934 0.30931858990587735
 304.0917431636949 0.3002084730828336
 308.1579841790508 0.29107153495805277
 312.2703847931363 0.2819460982412295
 316.42894500595133 0.2727531005171353
 320.63506359321497 0.2634994113842107
 324.8887405549272 0.2542605412847111
 329.1906752789476 0.24508894270438758
 333.5415671531356 0.23602639842492512
 337.94071678963184 0.22705566322696116
 342.3902223520148 0.21811083032090944
 346.88938445242496 0.20916424210609236
 351.4396018665815 0.2002676296455484
 356.04087459448425 0.19154158540848912
 360.6939020239929 0.18309043998527605
 365.3993835429669 0.1749616602333606
 370.1580185392658 0.1670510396287076
 374.96980701288965 0.15927355597737478
 379.8361477395574 0.15167311497374242
 384.75704071926924 0.14419607860938552
 389.73248595202506 0.13678809204821568
 394.7645816014035 0.12950595009740615
 399.852628279545 0.12240485767713326
 404.9980247621686 0.11544084016727987
 410.20077104927435 0.10855877535855386
 415.4615665287218 0.10180693424200342
 420.7811105883705 0.09520046209954135
 426.16010261607994 0.08865333501651637
 431.59924199970965 0.07657587791568499
 437.0992281271192 0.07577320554459795
 442.6607603861682 0.0696272446302989
 448.2838387768565 0.0638274057912688
 453.96916268704365 0.05843544189268574
 459.71813089244887 0.05341007560826839
 465.5314427809316 0.04867499236216455
 471.4083989646324 0.04417937872264576
 477.3510976071297 0.039952894353293016
 483.36023809628324 0.03600049685260625
 489.4351210442333 0.03230576443402594
 495.57784461455856 0.028900506325113314
 501.7884088072591 0.025805709034227717
 508.06751301019443 0.022981603789715255
 514.415856611224 0.020348893369337307
 520.8341389982073 0.017874425872178606
 527.3237589468638 0.015600665525709215
 533.884716457193 0.013541473755116745
 540.5177109170546 0.01169666721794114
 547.2241411021679 0.01008414868507461
 554.0040070125326 0.008703149404798698
 560.8580080360084 0.007506185977485138
 567.7875429483144 0.006442703213166238
 574.79331113731 0.005505693202422911
 581.8753126029953 0.004683461545234453
 589.0349461210894 0.003970492712236286
 596.2729110794517 0.0033688083412410277
 603.5899068659419 0.0028510649950796406
 610.987332256279 0.0023970735902177575
 618.4644878626035 0.0020151431701844313
 626.023471848494 0.0017029530973205428
 633.6649836018099 0.001436609162131532
 641.3890231225514 0.001198457645387717
 649.197688574297 0.0009895385905078348
 657.0902805691874 0.0008122563569460437
 665.0688972708008 0.0006664192852033798
 673.134238066997 0.00055784810780724
 681.286302957776 0.0004885198905937377
 689.5264907188567 0.0004483549200192127
 697.8555007380991 0.0004251439024284155
 706.2768299548003 0.00041073458196345583
 714.7813863267866 0.00039977837198948175
 723.3838569991082 0.0003914835777077636
 732.0772480931699 0.00038629121814808004
 740.8685534875668 0.00038321793901273745
 749.7437854251085 0.0003828900602868143
 758.7239255415809 0.00038342969542011826
 767.7949860797933 0.00038397479414900863
 776.963960918341 0.0003834725460896519
 786.2308500572242 0.0003785923190268667
 795.5956534964425 0.0003587695360671232
 805.0583712359964 0.00033873949473438737
 814.625997154481 0.00030249445028640907
 824.2985312518964 0.0002702706757734085
 834.0619857710517 0.00024457596061027706
 843.9373423477332 0.00021173408765940417
 853.9176071033454 0.0001639731884194866
 864.0027800378883 0.00011198322652815275
 874.1858672727667 0.00007074314311997583
 884.4878504437665 0.00004444173305238331
 894.8877479151018 0.000029465628901139326
 905.4065413225585 0.00002134935962996901
 916.0302429089461 0.00001695641822758287
 926.7658465528596 0.000014547366768763946
 937.6133522542993 0.00001311889052192854
 948.5727600132653 0.000012094817655926954
 959.6510637083528 0.00001125584853230415
 970.8412694609663 0.000010513468719783582
 982.1503711497014 0.000009873112323459348
 993.5783687745579 0.00000932085772300032
 1005.1182684569408 0.000008871029065040897
 1016.7840579540405 0.000008598832140079636
 1028.5617495086663 0.000008291525363771349
 1040.4723247566044 0.00000798202674903089
 1052.4948020620684 0.000007666514133996875
 1064.650163060845 0.000007364410331811747
 1076.924419995743 0.000007267324295899202
 1089.3245667453577 0.000006693914089273056
 1101.857597188285 0.0000054953396377366055
 1114.5095235673336 0.000004111842994212265
 1127.2943336396945 0.0000029592131982039115
 1140.212027405368 0.000002453173396210984
 1153.2556109857583 0.0000023482008774868342
 1166.439072138056 0.0000022463711885615683
 1179.7484231050707 0.0000020276306756839455
 1193.1976516439931 0.00000168871464835231
 1206.779763876228 0.0000013254631030082405
 1220.4947598017748 0.0000010651543972397377
 1234.356627177825 9.341913157096534E-7
 1248.3513782471873 8.7638656268944E-7
 1262.4860068884573 8.533840684278921E-7
 1276.7605131016348 8.464044185609187E-7
 1291.1818907653158 8.300720976078394E-7
 1305.743146000904 7.906434055396081E-7
 1320.4512726869955 7.362408728413311E-7
 1335.30627082359 7.177265620058165E-7
 1350.3081404106874 7.294312976684824E-7
 1365.4568814482882 7.41250625148825E-7
 1380.7524939363916 7.979856966834513E-7
 1396.1949778749986 8.343590486881205E-7
 1411.7983210212992 8.409627832134739E-7
 1427.5485356181025 8.476286774990389E-7
 1443.4526155440046 8.190562484912843E-7
 1459.5105607990051 7.683404615567052E-7
 1475.722371383104 7.048904609351419E-7
 1492.0950411748968 6.390555838677062E-7
 1508.6285701743834 5.816423749833528E-7
 1525.3159645029682 5.315411758691152E-7
 1542.164218039247 4.6733740338924293E-7
 1559.180324661815 3.835833189388853E-7
 1576.3502966134815 3.0820540249518364E-7
 1593.6951155300324 3.0656313304504494E-7
 1611.1937997756818 3.398883169937846E-7
 1628.8673309862158 3.7354648639365085E-7
 1646.7017214044438 4.3400975103507394E-7
 1664.7039649089609 4.6741271624438614E-7
 1682.8810553783626 4.761370603132694E-7
 1701.2259989340532 4.438664852249405E-7
 1719.745789454629 3.893963547589997E-7
 1738.4334330614936 3.166151373356908E-7
 1757.3029175118381 2.1651827360044757E-7
 1776.340255048472 1.1586890575357798E-7
 1795.5594334285856 2.6653624718495043E-8
 1814.953458773584 -4.674335777674093E-8
 1834.522331083467 -6.429733095591059E-8
 1854.2730442368297 -6.395997445119343E-8
 1874.2125921122683 -6.361939251247226E-8
 1894.3269869525911 -4.1548409825885834E-8
 1914.6232226363938 -2.0019150806175943E-8
 1935.101299163677 1.743921820102699E-8
 1955.768210413035 8.983176752972248E-8
 1976.6239563844683 1.783845674664538E-7
 1997.6615431993819 2.3769010948107284E-7
 2018.894958614966 2.415216222674238E-7
 2040.3102148740304 2.1361897681008886E-7
 2061.9212997337654 1.9231670586502835E-7
 2083.7212193155756 1.8610974107855844E-7
 2105.7099736194614 1.8241477506512398E-7
 2127.9015504026133 1.8953959381394974E-7
 2150.28196190784 1.9672503976297024E-7
 2172.8582020137383 1.9090405450787128E-7
 2195.6302707203067 1.59069053316109E-7
 2218.598168027546 1.4458836714320376E-7
 2241.7688878140516 1.423267942455261E-7
 2265.1354362012275 1.2672354676171408E-7
 2288.7048070676697 5.924407404248667E-8
 2312.4770004133784 -2.168726575740416E-8
 2336.4450223597573 -3.977694421503366E-8
 2360.6228606639984 -4.277915922145514E-8
 2385.003521447505 -3.9293954864133596E-8
 2409.587004710278 -3.577975712575574E-8
 2434.3803043309126 -6.010370664251541E-8
 2459.376426430813 -7.105153524688722E-8
 2484.57537100998 -7.741497524117836E-8
 2509.991125825603 -8.760267243925357E-8
 2535.616696999088 -1.0288325097852578E-7
 2561.445090651839 -1.0687368183946296E-7
 2587.490294541047 -1.038601625808689E-7
 2613.745314788117 -1.0082236685134092E-7
 2640.210151393048 -8.261729686736282E-8
 2666.891798234436 -5.682075082059336E-8
 2693.7832614336853 -3.2879763266444875E-8
 2720.8915348693918 -1.9075667290226652E-8
 2748.2096246629594 -1.4149488357686274E-8
 2775.7515185715797 -1.19355371706155E-8
 2803.5032288380617 -9.15727075764981E-9
 2831.4787432195953 -6.1321743884121675E-9
 2859.671067837586 -3.729661500694801E-9
 2888.073208813438 -2.1210842793134388E-9
 2916.699153904343 -1.1061353888030552E-9
 2945.5489031102998 -4.664751424211152E-10
 2974.6154625527133 -5.581882792938933E-11
 3003.898832231584 2.1277906156585141E-10
 3033.406006025507 3.9065635398920677E-10
 3063.136983934482 5.090212536665749E-10
 3093.084772079914 5.874565365905025E-10
 3123.2563643403987 6.385528395430441E-10
 3153.651760715935 6.705451798118629E-10
 3184.2639673279286 6.888901782317666E-10
 3215.1069719335696 6.972474238261296E-10
 3246.166786775668 6.981061925569231E-10
 3277.457399611413 6.931920172712094E-10
 3308.964822683616 6.837315463326536E-10
 3340.6960498708704 6.706260067259549E-10
 3372.6580750517733 6.545636908594047E-10
 3404.836910469133 6.360926961925198E-10
 3437.2465438801396 6.156673352321945E-10
 3469.879981406199 5.936771762431656E-10
 3502.73722304731 5.704648260881225E-10
 3535.818268803474 5.463369583456038E-10
 3569.1231186746904 5.215701949728775E-10
 3602.6517726609586 4.964148282957304E-10
 3636.411224640875 4.710966590281182E-10
 3670.387486857248 4.458182966710677E-10
 3704.5945470672686 4.2075974308391516E-10
 3739.0184175137456 3.9607918742780517E-10
 3773.673085953871 3.719136908280097E-10
 3808.544564630453 3.4838005943326217E-10
 3843.6468413006824 3.2557583235131865E-10
 3878.965928207369 3.035804441963867E-10
 3914.5158131077037 2.8297856617059323E-10
