 0. 0.
 0.2558821659990199 0.2558821659990199
 0.7706547811669504 0.7705838172465163
 1.2914839698725455 1.2907959612985123
 1.8184432937377204 1.815568552849955
 2.351590827727145 2.3433647268444067
 2.891016910674749 2.8720980641736773
 3.4367860703190556 3.3992459990229387
 3.9889692871724374 3.9220161343079143
 4.547643994521122 4.4375360207007075
 5.112887625651336 4.943029363579841
 5.6847840666231555 5.435963015512077
 6.263391392401252 5.914150492084692
 6.848780583498001 6.375810860912284
 7.4410806953904425 6.819592205225403
 8.040349803043249 7.2445628825336215
 8.646652434194943 7.650181850086943
 9.260053116584043 8.036253577979968
 9.880745433426116 8.40287629123576
 10.508664856982644 8.750387451467523
 11.143940442730665 9.079312459032819
 11.786701246147226 9.39031657568037
 12.437011794970848 9.684165358498607
 13.095001144678577 9.961689924603066
 13.76066929527041 10.223757736668173
 14.434145302223392 10.47125005947931
 15.115558221014567 10.705042636977485
 15.804972579382454 10.925991430077982
 16.50245290506558 11.134924105368587
 17.208128253540988 11.332632904018947
 17.922127680285715 11.519871881358345
 18.64445118529977 11.697354836559082
 19.375292351798713 11.865752782249448
 20.114651179782545 12.02569555476001
 20.862785780205357 12.177770663947696
 21.619631625328623 12.32252651368835
 22.38531777062939 12.46047355205266
 23.160037799323216 12.592087951869063
 23.94385623914863 12.717813220970042
 24.736837617844156 12.838062042473576
 25.539175518625353 12.95321512460724
 26.35086994149223 13.06361959046191
 27.17204994192182 13.169591968449149
 28.0029091031297 13.271425323391872
 28.843511952854378 13.36939592754465
 29.693923018834386 13.463768551402907
 30.554335884285287 13.55479600363257
 31.424815076945606 13.64271361022566
 32.30548965229238 13.727735303902206
 33.196488665802654 13.810053164039862
 34.09794117295348 13.889839486990564
 35.009911701483375 13.967248166291617
 35.9325938346079 14.042417223052714
 36.86605210006558 14.115471106307766
 37.81048008107199 14.186523453437081
 38.765942305365634 14.255681000765493
 39.73256782842357 14.323045423843809
 40.71048570572284 14.388717478082102
 41.699889520479 14.452799069066364
 42.700908328169106 14.515392792488134
 43.71360665653167 14.576597333440843
 44.73811356104374 14.636499415188414
 45.77462262492088 14.695172418954167
 46.82326290364014 14.752678684272645
 47.88416345267856 14.809078250326568
 48.95745332751318 14.864428625911641
 50.04332611135957 14.918783179190276
 51.14184633195625 14.97218538681203
 52.2532075725188 15.024669754054324
 53.37760341626275 15.076261584787268
 54.51509839092666 15.12698204224768
 55.665886079726064 15.176852749742752
 56.83009553813803 15.225903381811062
 58.007920349378125 15.27416729355412
 59.19948956892337 15.32167645986234
 60.404996779989354 15.368464695907596
 61.62450651031458 15.414575938409808
 62.85827687085314 15.460066776023947
 64.10650144482061 15.504995177616086
 65.36918023221698 15.549410600750534
 66.64682945495043 15.593353301584283
 67.93932005754392 15.636861695992863
 69.24665203999744 15.679981560977657
 70.56947067969622 15.722765114525167
 71.90713069925503 15.76526227427006
 73.26092265344431 15.807512146193423
 74.63020126487886 15.849537963848714
 76.01561181094387 15.89133972723594
 77.41715429163935 15.93289581304791
 78.83547398435053 15.974179767238601
 80.26992561169217 16.015172956958207
 81.72050917366428 16.055862040166122
 83.18851522503732 16.096232984716192
 84.67394376581126 16.136278429482573
 86.1761495186009 16.17601240661141
 87.69577776079146 16.21546137014873
 89.23347376976812 16.25464372290916
 90.7885922681457 16.293557394576055
 92.36242381069464 16.332186282686614
 93.95432312002971 16.37052210597426
 95.56429019615089 16.408576826268497
 97.19297031644344 16.446381958389374
 98.84100875829256 16.483984199479
 100.507760244313 16.521436457629427
 102.19451532927525 16.558783589701303
 103.90062873579406 16.596057340549862
 105.62610046386945 16.63327013207497
 107.37157579088661 16.67041368301005
 109.13769999423077 16.70746775025901
 110.92447307390195 16.74441554125351
 112.73124975251493 16.78124923479733
 114.55996586222534 16.81797113124229
 116.40868557087751 16.854612285338092
 118.27998998801236 16.891248378659864
 120.17194328147423 16.927968204788186
 122.08648128341875 16.964825821991017
 124.02295871646072 17.001833192097866
 125.98202085798535 17.038976512997763
 127.96366770799263 17.076226800257672
 129.9678992664826 17.113563810781503
 131.99600608822564 17.15099076506182
 134.04669761845133 17.18851824471703
 136.12190968931537 17.226143259289756
 138.2203517460473 17.263820721884166
 140.34395962080274 17.301475180960292
 142.49144275881127 17.339076501909187
 144.66344643745816 17.376662640536015
 146.86126121151378 17.414299616938248
 149.08424180359293 17.452048620474514
 151.33238821369562 17.489944846527788
 153.60699099659232 17.527992895801724
 155.90740487489776 17.566165394109568
 158.23492040338238 17.604412883887008
 160.588892304661 17.6427132817565
 162.96996585611876 17.681102013136194
 165.37814105775576 17.7196285355904
 167.8147084643424 17.758306651230082
 170.2783775211082 17.797097714144535
 172.77108406020886 17.83593317384927
 175.2928280816444 17.874768173483638
 177.84296430802956 17.913605473469836
 180.42213801674956 17.952453585109627
 183.03163976257486 17.991295025729116
 185.6708242681202 18.03012657483574
 188.34033681077088 18.06899009883278
 191.04017739052682 18.107960819225017
 193.77163656215848 18.14711648790424
 196.53406904828066 18.186489999901596
 199.32812012627855 18.226019475752903
 202.15378979615218 18.265615891842412
 205.01236861267196 18.305265216023972
 207.90385657583792 18.344998042976897
 210.82760840826484 18.38480908189198
 213.78555994210836 18.424682460341607
 216.77706589998326 18.464626919662727
 219.80277155927473 18.504641999784972
 222.86332219736806 18.544697566099394
 225.9587178142632 18.584749451850893
 229.08895840996016 18.624746589228877
 232.25533453922935 18.664684147494512
 235.45849147945606 18.7046276866749
 238.69713867586978 18.74474421231277
 241.97321196062623 18.78528538289813
 245.28671133372535 18.826443047773456
 248.63763679516717 18.86823860021074
 252.0266336223369 18.91051515621531
 255.4543470926198 18.95306959472073
 258.921422483401 18.995839116122085
 262.4272145172954 19.038875708370696
 265.97301374907335 19.082212496532893
 269.55946545612005 19.125808304310947
 273.18656963843557 19.169523730384064
 276.8543262960199 19.213301956062097
 280.5646712610287 19.257305846254475
 284.3163139786914 19.301718048896362
 288.1105450037786 19.346535803565565
 291.9473643362903 19.39160291637295
 295.8280625309969 19.43675399202206
 299.75263958789833 19.481869412217833
 303.7217407843799 19.526899489360783
 307.7360113978267 19.571933247066656
 311.79480615085373 19.6170771916251
 315.9000608756164 19.662312690186308
 320.0511302947297 19.707523114912586
 324.249304962964 19.75259022771997
 328.4945848803192 19.797546693604414
 332.7876153241807 19.84254870645506
 337.12904157193356 19.887751540020304
 341.51950890096305 19.93333025107428
 345.9590173112692 19.97941089889718
 350.4488573576224 20.02601280644435
 354.9890290400227 20.073005773802315
 359.57953235847003 20.120210833598843
 364.2223031451202 20.167588879852854
 368.9166961225878 20.21514474330319
 373.6640018456433 20.262867152225883
 378.4642203142868 20.310808554642627
 383.3179968059035 20.358953538196168
 388.22597659787857 20.407286690529254
 393.18880496759726 20.455932460675797
 398.2071271924448 20.504791473436818
 403.2815885498063 20.553696033164034
 408.4128343170671 20.60270134830133
 413.6008644942272 20.651855036131543
 418.8463243586717 20.70109935782379
 424.1505044651712 20.750553149553514
 429.51405009111085 20.800534457964485
 434.9363159591054 20.85106046668486
 440.4192379013105 20.901891018983772
 445.96346119511145 20.952849148795078
 451.56834056312294 21.003594726097457
 457.23581183750065 21.053923157599307
 462.9658750182446 21.10411517823774
 468.75917538274007 21.154584874345364
 474.61635820837216 21.20561141662004
 480.5380687725261 21.257044937140165
 486.5255976299725 21.30868337300115
 492.5789447807111 21.36049661259756
 498.6987555021273 21.41234840609061
 504.8863203489915 21.46391339171772
 511.1416393213036 21.51511572687911
 517.465357696449 21.566176659413618
 523.858766029198 21.617136215443058
 530.3225095969359 21.668157903975377
 536.8565883996627 21.719422831710016
 543.4622929921487 21.770886440832054
 550.1402686517791 21.82231018485691
 556.8911606559394 21.873290973133724
 563.7162595594 21.92369793864699
 570.6149200847755 21.973730337872066
 577.5890780642214 22.023552737978743
 584.6393787751233 22.073290807187398
 591.765822217481 22.122730405746342
 598.9703442234502 22.17139524580954
 606.2522995156456 22.219127408223986
 613.613623926223 22.266060382406273
 621.0549627325676 22.312209557710133
 628.5763159346792 22.35744075461342
 636.1789740873285 22.40148522301205
 643.8635824679005 22.44397746000403
 651.6333674633215 22.484829017061575
 659.4799404675834 22.524049877711608
 667.4168523057762 22.561629391325173
 675.4376502040473 22.597606939925566
 683.548786936249 22.632006999256237
 691.7373569546771 22.664607194305955
 700.022718580888 22.695264144145266
 708.3919662671773 22.72399981713413
 716.8515527873972 22.750767355105804
 725.4014781415478 22.77559086574745
 734.0417423296291 22.798633335887153
 742.7723453516411 22.820061214382502
 751.5997399814358 22.83982536801879
 760.5239262190134 22.857895814010295
 769.5319985166694 22.87440568291872
 778.6433151959606 22.8894231456705
 787.8514234830344 22.90304204971916
 797.1563233778912 22.915451983161336
 806.5515621066787 22.926706815636138
 816.0564979909533 22.936771427672205
 825.6517727091586 22.945758481300675
 835.356744582851 22.953858206416335
 845.1585080643264 22.961064842938203
 855.0635159274366 22.967233309976834
 865.0717681721819 22.972402228139067
 875.1832647985625 22.976836402425604
 885.4044585804301 22.980767900840185
 895.7288967439326 22.984271625828786
 906.1630320629225 22.987340055240935
 916.7068645373996 22.98998597443209
 927.3539413935118 22.992247366351574
 938.1171681789633 22.99415609846336
 948.9836393460498 22.99577147360755
 959.972713216328 22.997160485620544
 971.0650314682412 22.99835429253781
 982.2799524233458 22.9993469493301
 993.6045705339378 23.000143501359062
 1005.0453385738691 23.000778850022716
 1016.6087093169921 23.001276987254514
 1028.2817772156022 23.001663232382924
 1040.077447817404 23.001983005003677
 1051.9957211223975 23.002255892842612
 1064.0301443567303 23.002467431885538
 1076.1936230681067 23.002619574648072
 1088.4732517088228 23.002738922605793
 1100.8819358265825 23.00284457185336
 1113.4132226475338 23.002938588589785
 1126.0671121716766 23.003021774625704
 1138.8565099467157 23.003095218556616
 1151.768510424946 23.003156654973033
 1164.8095663802203 23.00320517127938
 1177.9796778125383 23.003241876061207
 1191.2852974957525 23.00326814534297
 1204.7199726560102 23.003286349062147
 1218.290156067164 23.00329881686784
 1231.995847729214 23.0033058432787
 1245.8370476421594 23.003307005798302
 1259.8137558060012 23.00330441180656
 1273.925972220739 23.003303735710155
 1288.1736968863727 23.00331111171928
 1302.5698353506066 23.003328917111833
 1317.1014820657365 23.00335429005461
 1331.7750898056145 23.003381830306065
 1346.590658570241 23.003408757315928
 1361.5481883596153 23.00343515876901
 1376.6541319475903 23.003459395699135
 1391.9084893341653 23.003478370836692
 1407.3048077454887 23.003491523243195
 1422.8495399554124 23.003500607664506
 1438.5491387377886 23.0035070604012
 1454.390698544913 23.003511447546636
 1470.393577698342 23.00351426127028
 1486.5384178765191 23.003516060247843
 1502.8445774010013 23.003517157374194
 1519.2991507240836 23.00351772495394
 1535.9085906196185 23.003517969429378
 1552.6793498614581 23.00351806593041
 1569.6049756757502 23.003518107404705
 1586.691920836347 23.003518131338684
 1603.9337325693966 23.003518150409377
 1621.343316422603 23.003518168839534
 1638.9077668482619 23.0035181881242
 1656.6399893940775 23.00351820659816
 1674.533531286198 23.003518221716476
 1692.588392524623 23.0035182324612
 1710.8110258832053 23.00351823913036
 1729.2078841357968 23.00351824253436
 1747.7660617346928 23.003518243421713
 1766.4920114537454 23.003518243431387
 1785.3857332929556 23.003518244796826
 1804.4536800261744 23.00351824851535
 1823.6958516534023 23.003518254134253
 1843.1057954007874 23.003518260660165
 1862.6964168160334 23.003518267060134
 1882.454810351437 23.00351827255422
 1902.3938815547015 23.00351827669277
 1922.5071776519749 23.003518279411736
 1942.7946986432576 23.003518280950086
 1963.2693500762539 23.00351828168272
 1983.918226403259 23.00351828198693
 2004.7477803981258 23.00351828210895
 2025.7580120608534 23.003518282157682
 2046.9489213914428 23.003518282177314
 2068.3269611637456 23.003518282186032
 2089.885678603909 23.00351828219027
 2111.6315264857867 23.0035182821925
 2133.564504809378 23.00351828219385
 2155.6781608008296 23.003518282194833
 2177.985400007848 23.00351828219555
 2200.4797696565793 23.00351828219593
 2223.161269747024 23.0035182821961
 2246.036353053035 23.00351828219618
 2269.0985668007584 23.003518282196215
 2292.3479109901964 23.003518282196236
 2315.7972911690513 23.003518282196243
 2339.4402545634725 23.00351828219625
 2363.270348399607 23.00351828219625
 2387.3004782251596 23.003518282196254
 2411.5241912662777 23.003518282196254
 2435.9414875229613 23.003518282196254
 2460.558819769063 23.003518282196254
 2485.36973523073 23.003518282196254
 2510.3806866818154 23.003518282196254
 2535.5852213484663 23.003518282196254
 2560.996244778387 23.003518282196254
 2586.600851423874 23.003518282196254
 2612.4119468326303 23.003518282196254
 2638.423078230805 23.003518282196254
 2664.6277928445447 23.003518282196254
 2691.0389962215554 23.003518282196254
 2717.656688361835 23.003518282196254
 2744.4744164915332 23.003518282196254
 2771.4921806106495 23.003518282196254
 2798.7164334930358 23.003518282196254
 2826.147175138691 23.003518282196254
 2853.7779527737653 23.003518282196254
 2881.61521917211 23.003518282196254
 2909.6589743337236 23.003518282196254
 2937.9027654847555 23.003518282196254
 2966.3594981729093 23.003518282196254
 2995.0162668504818 23.003518282196254
 3023.8859770651757 23.003518282196254
 3052.9557232692882 23.003518282196254
 3082.23195823667 23.003518282196254
 3111.7211347411744 23.003518282196254
 3141.410347235097 23.003518282196254
 3171.312501266141 23.003518282196254
 3201.421144060456 23.003518282196254
 3231.7362756180405 23.003518282196254
 3262.257895938895 23.003518282196254
 3292.9860050230204 23.003518282196254
 3323.9206028704148 23.003518282196254
 3355.068142254932 23.003518282196254
 3386.4157176288672 23.003518282196254
 3417.976234539924 23.003518282196254
 3449.736787440399 23.003518282196254
 3481.7102818779967 23.003518282196254
 3513.8838123050114 23.003518282196254
 3546.2702842691488 23.003518282196254
 3578.856792222704 23.003518282196254
 3611.6562417133814 23.003518282196254
