 1.3339386269863678 1.3116055129360427
 1.8782205641626746 1.8503913188241528
 2.4288941350790885 2.378952827797961
 2.9860526482573615 2.889858523056091
 3.5497627526416053 3.3741308022364467
 4.120097762070339 3.822758514238901
 4.697137655276494 4.227940110399036
 5.280962410993003 4.583832410446587
 5.871658672847206 4.887010556524389
 6.4692864248888045 5.136368659950275
 7.073918980956318 5.332520902241771
 7.685689638937965 5.478149479915066
 8.304658382883444 5.577444444626237
 8.930891861736866 5.63507100988961
 9.564456724442337 5.655563186285346
 10.20555291783219 5.644709028444539
 10.854113792962314 5.607793562616634
 11.510272647720928 5.548617334498913
 12.17416277999625 5.47174283164951
 12.84585083873239 5.380976278624424
 13.525470121817568 5.279916551085224
 14.213020629251785 5.171435599562169
 14.908635658923258 5.057498796357151
 15.612448508720206 4.940439165428802
 16.32452582758674 4.822165044807337
 17.044934264466967 4.703787674922298
 17.773807117249113 4.586187853423216
 18.511277683821387 4.470640281587866
 19.257345964183795 4.357582457706472
 20.012211905168666 4.247519987698335
 20.775875506776 4.140675064137465
 21.548603364782235 4.037537662754791
 22.330328830243257 3.9386992172450603
 23.12118520104729 3.8437083638434615
 23.92137242402666 3.752955644611456
 24.73095714812548 3.6668691022117725
 25.550006022287857 3.585125677570835
 26.37871899334612 3.5077426099770217
 27.21709606130027 3.4346914828663184
 28.065270524038525 3.365390739042971
 28.923442328393214 3.2998310005428957
 29.791678123308447 3.2381135175766245
 30.67004455772833 3.1798315471144747
 31.558741578485193 3.1248788755333856
 32.45783583452315 3.0732624957192267
 33.36746062373042 3.024720898129877
 34.287749243995215 2.9790400198313307
 35.21883499320577 2.936055201941399
 36.16078452030617 2.8953697237659934
 37.11379777212876 2.856724249985717
 38.07794139761765 2.819948833301447
 39.05341534360516 2.7848432807404864
 40.040286259035405 2.751263481128794
 41.03868744179661 2.7188773799126604
 42.04875218977699 2.6875003995406983
 43.07068044980886 2.657258315343643
 44.10460551978046 2.628602377542313
 45.15059404863588 2.6018862347262965
 46.20877933426336 2.5772386130658
 47.279361323495216 2.5547977893907436
 48.36247331421967 2.534551215292213
 49.45824860432493 2.5161474506030403
 50.56682049169924 2.4990006173618804
 51.688388923174905 2.4827777382184926
 52.823020547696046 2.4674340137341235
 53.970915312094995 2.4530062494282663
 55.13227316320406 2.4397950361849645
 56.30716074996738 2.427992592182318
 57.49577801921726 2.4178530559656637
 58.69825826884194 2.4097548331502567
 59.91480144567373 2.403919507842163
 61.14554084760085 2.4001816987896745
 62.390676421455645 2.3979201450552545
 63.65027481618221 2.395960919871563
 64.92460262755698 2.3931792131370835
 66.2138598024123 2.3894903778346217
 67.51804634074816 2.3848209871114996
 68.83769543411744 2.3797343564004785
 70.17267378463193 2.3753552999141347
 71.52298139229158 2.3719983190353986
 72.88928474653757 2.3712626924840614
 74.27091735792874 2.372847593052535
 75.66921220534729 2.375989218600341
 77.08350279935215 2.3802587929577768
 78.51445562938439 2.3848588858887645
 79.96207069544401 2.3903226952799126
 81.42701448697214 2.3974732968749017
 82.90862051452766 2.4063995989632847
 84.40688877811054 2.414483884752771
 85.92315225660302 2.4203719112436315
 87.45741095000508 2.4247557611298447
 89.00899836887562 2.4276988217969913
 90.57858100265577 2.4299281036307265
 92.16682534078656 2.4338479750730415
 93.77306489382694 2.4390059298828692
 95.39863264065909 2.4448549486545352
 97.04286209184193 2.452228697084327
 98.70575324737544 2.4600208738494618
 100.38797259670072 2.467145338312258
 102.09018662925888 2.4738426989909814
 103.81172885560879 2.4791553097328256
 105.55393225463267 2.4829689685276475
 107.31613033688943 2.487039194663688
 109.09832310237907 2.4916575198884727
 110.90117704054265 2.4968192032872167
 112.72535864082128 2.5029820555142335
 114.57086790321499 2.511530101914006
 116.43703833828266 2.521087699633465
 118.32586941434758 2.5305175184999182
 120.23536166308645 2.5369914690955606
 122.16818104226367 2.5402778069309
 124.12232808355596 2.542498575539765
 126.09980225528659 2.544091722915407
 128.09993706801447 2.5461995254809535
 130.1233990111807 2.548905857849013
 132.17018808478525 2.5543959795183886
 134.24030428882818 2.5633150103971083
 136.33508060219165 2.575764644533365
 138.45318404599345 2.589908226923556
 140.59661408855686 2.6053908559280523
 142.76403775099976 2.621708266709409
 144.95745450164534 2.638182895411682
 147.1755313616115 2.656619715979707
 149.41893482033927 2.6760638973010513
 151.68899785671087 2.6954630184210417
 153.9850539812852 2.713826908732857
 156.30710319406225 2.730834679389671
 158.65647847392424 2.7488088579087955
 161.03251333143 2.76802681478746
 163.43654074546183 2.78656728807654
 165.86789422657856 2.8024876472916853
 168.3272402642213 2.8145041991259174
 170.81457885839006 2.8231565181826284
 173.33124298796704 2.8312562331328475
 175.87589967407 2.840298135297212
 178.4505483850223 2.850376194123201
 181.05518912082388 2.863850544372859
 183.68915539203368 2.8814443152751106
 186.35311368809278 2.9016281271154614
 189.04839698788334 2.9224786855573948
 191.77433880196432 2.940627508113917
 194.53160561977683 2.9543841644403344
 197.3201974413208 2.9672014670846867
 200.14144724547845 2.9849883796222576
 202.9946885428087 3.009963672930305
 205.8805878227526 3.039438821782513
 208.79914508531022 3.0704011016557287
 211.7516933093637 3.102171617668378
 214.73823249491306 3.1360321560632234
 217.7580961525172 3.1681139426841796
 220.81328375049944 3.192047217650348
 223.90312879941862 3.205763955767665
 227.02829778871583 3.21386343494224
 230.18945720783225 3.224242471217302
 233.38660705676782 3.238352767160284
 236.61974733552256 3.251874154504674
 239.89021102297863 3.2642201150385017
 243.1986646085772 3.2797232347316654
 246.54377511343597 3.2995137592638635
 249.9275420058783 3.3225740557764056
 253.34996528590418 3.3481405966960294
 256.8110449535136 3.3734529980326053
 260.31144749814763 3.3965981804040863
 263.8518394092475 3.4191395921236483
 267.4328871762541 3.4443058474827315
 271.0539243097265 3.472676451733203
 274.7162837885468 3.504364331978288
 278.42063210215605 3.5391625537800553
 282.1669692505544 3.573279606299137
 285.95529523374177 3.602567237701234
 289.7876095200415 3.625664404735298
 293.66257913057126 3.6399449769331587
 297.58153704421335 3.646491538031355
 301.54448326096775 3.651593693320924
 305.5527507597167 3.65695708340311
 309.6063395404601 3.6653370580670632
 313.7059160926391 3.6826903446156956
 317.8521469056948 3.7067900724859313
 322.04436549018607 3.7309670130692143
 326.2845713144362 3.758500339079963
 330.57209788900417 3.7928418410926135
 334.9082781927721 3.8252564095586985
 339.29311222574006 3.8432988872477365
 343.7272664773491 3.8465195756286863
 348.21140743704024 3.8475710572545068
 352.74620159425467 3.855647465866298
 357.3316489489924 3.871088453975976
 361.9690824801355 3.890994439280231
 366.65850218768406 3.9073925560937677
 371.39990807163815 3.9137461171785652
 376.195299600321 3.9162330220617716
 381.04401028429146 3.9194441646428455
 385.94737310243175 3.9180842023173277
 390.9053880547419 3.9075168632366233
 395.91872163066296 3.8923130158681483
 400.988040319636 3.882349184706638
 406.1140106111023 3.8764478894790457
 411.2972989945027 3.863695324418926
 416.53857195927844 3.840591397337343
 421.83849599487064 3.8143015617239424
 427.1970711012792 3.791295199589443
 432.61496376794526 3.7716862119122068
 438.09350697375106 3.756286748620057
 443.6333672081377 3.7437022184771434
 449.23387798166397 3.72401367300542
 454.8970387626532 3.6904828166444035
 460.62351604054663 3.6409272027955604
 466.41264332590293 3.5749126087066876
 472.2664200870455 3.499031868472141
 478.1848463239744 3.4171147170263207
 484.1685885261307 3.3293739034126224
 490.2183131829554 3.2410186244757373
 496.33468678388965 3.1527581803866433
 502.5190423078157 3.0581627946209253
 508.77137975473346 2.9562372495146465
 515.0923656140841 2.85269608062251
 521.4833328647497 2.7523663553421116
 527.9442815067305 2.651000500733821
 534.4758780294674 2.5403967743809988
 541.0794554118424 2.4225535257831945
 547.755680143297 2.308131339931108
 554.5045522238311 2.201715104421442
 561.3274046323266 2.0950606648202537
 568.2249038582249 1.9808473264673403
 575.197716390967 1.8620756685591557
 582.2471752094352 1.743796782268074
 589.3726138241882 1.6243722328791432
 596.5760317035493 1.5037799890560468
 603.8580953369598 1.3934872037956973
 611.2188047244196 1.3005973382134703
 618.6601593342518 1.2121301846482064
 626.1814926770157 1.1170999799980452
 633.7848042210342 1.024043231497737
 641.4707604557486 0.9362413613989443
 649.2393613811589 0.8423206834912348
 657.0919399761472 0.7415055834552926
 665.0291627301547 0.6491278109003885
 673.0543620903867 0.5750534620974407
 681.1588736941092 0.5126051868492553
 689.356693819585 0.45412634536763447
 697.6411575724032 0.3986682985352001
 706.0189298469749 0.34688678221603764
 714.476680854478 0.30047055158068836
 723.0344052781454 0.2612227913794328
 731.6787733291553 0.2286927554484018
 740.4164499019184 0.20110810293517853
 749.2474349964351 0.17700967488833477
 758.1717286127051 0.15505840581441918
 767.1893307507286 0.13359193159809357
 776.3069063049163 0.11204876657265073
 785.5244552752685 0.09225579201514297
 794.8286478729628 0.07558174671990232
 804.2394787812327 0.06209078048554204
 813.7502831056668 0.0516415665908604
 823.3610608462652 0.043025225819512306
 833.0651471086172 0.03459304499872911
 842.8825365759552 0.02657345375224257
 852.7932345650469 0.02022359698381347
 862.8172357591245 0.015881399946602433
 872.9412103693667 0.013087351571203337
 883.171823290184 0.011345868292008404
 893.5090745215766 0.01019869919117322
 903.9529640635446 0.00907797060430384
 914.5101568104989 0.007602866055743696
 925.1739878680283 0.005894794184836148
 935.9511221305441 0.00445103009392911
 946.8415595980462 0.0036950132891709676
 957.8386353761235 0.0036630481074649375
 968.9556792535981 0.004057918415994317
 980.1793614416479 0.004479311930902938
 991.5296766235059 0.004668129630632117
 1002.9866301159392 0.004526805732729
 1014.5702166021806 0.004003809287084398
 1026.2671062934082 0.003167929442027892
 1038.0839640840331 0.0023188297577036803
 1050.0274548684663 0.0018766170551961646
 1062.0842488578855 0.002003205436083729
 1074.267675841113 0.002419828857716282
 1086.5777358181488 0.0027052010482841666
 1099.0077638945816 0.002633046167461148
 1111.5710898592336 0.0022717992814908976
 1124.2543839232826 0.0018422192999230202
 1137.070975875551 0.0014952719757180223
 1150.0142008216274 0.0013434988193829385
 1163.084058761512 0.0014527691078379526
 1176.2938794840268 0.0015968012740473591
 1189.6303332003497 0.001449082693076166
 1203.1000848048916 0.001041019406058549
 1216.7031342976527 0.0006410855131781723
 1230.446146573044 0.00038230266839561284
 1244.3224567366542 0.00023929661512843897
 1258.3387296828944 0.00016212067835044407
 1272.494965411765 0.00011862389437968323
 1286.7911639232655 0.00009005538811010459
 1301.227325217396 0.0000703761417412217
 1315.8034492941565 0.000057838622438434044
 1330.5195361535475 0.00004776879477416412
 1345.3889155843904 0.000040041679280139006
 1360.398257797863 0.000039336586161045216
 1375.5542276883766 0.00004194530505223154
 1390.8568252559317 0.00003832381208324276
 1406.3060505005276 0.000027813253317355898
 1421.9085683165754 0.00001710564516832912
 1437.6643787040753 0.000009831820653474398
 1453.5668167686163 0.000005623847246672345
 1469.6225474046091 0.0000034567243118464096
 1485.8382355064648 0.000002495977700842039
 1502.2005512853618 0.0000020649830437618165
 1518.7294894245324 0.0000017183380984659533
 1535.4050552407443 0.0000013350960714726679
 1552.24724341723 0.0000010260475341817846
 1569.2427241651676 8.589578927853957E-7
 1586.3981623789684 7.929038626439763E-7
 1603.7202229530428 7.281653650659839E-7
 1621.2022409929803 6.000400184494338E-7
 1638.8508813931917 4.256424708969098E-7
 1656.659479259266 2.5727256949054545E-7
 1674.6413643800252 1.3567761344536416E-7
 1692.7832069666474 6.640480845467296E-8
 1711.0983368079542 3.250177317174534E-8
 1729.5800890095352 1.6897842902814136E-8
 1748.2284635713897 9.417869939110455E-9
 1767.0501253879293 5.4647295978898195E-9
 1786.051739353565 3.1869719253418465E-9
 1805.2199756794741 1.74692478032576E-9
 1824.561499260068 8.600301409249439E-10
 1844.0763100953475 4.1333991183487287E-10
 1863.771073079722 2.2725801608612735E-10
 1883.6457882131926 1.4549763777430073E-10
 1903.6937906013482 9.268236891071551E-11
 1923.9284100330103 5.146434289324421E-11
 1944.3363167193575 2.4596313426033114E-11
 1964.9308404492117 1.0462760444057453E-11
 1985.7053163281612 4.3951197758244925E-12
 2006.6597443562066 2.3706836006907554E-12
 2027.80745432217 1.0177719890692175E-12
 2049.135116437229 3.398509496000378E-13
 2070.649395595795 3.4045002765528944E-13
 2092.350291797867 0.
 2114.2378050434468 0.
 2136.318600226944 0.
 2158.5860124539477 0.
 2181.046706618869 0.
 2203.7006827217087 0.
 2226.5412758680545 0.
 2249.5818158467296 0.
 2272.815637763322 0.
 2296.242741617832 0.
 2319.8697923046707 0.
 2343.6901249294274 0.
 2367.7037394921017 0.
 2391.9239657815156 0.
 2416.3441389032578 0.
 2440.9575939629185 0.
 2465.7776607493183 0.
 2490.797674368047 0.
 2516.0176348191044 0.
 2541.4442069969014 0.
 2567.0707260070267 0.
 2592.9038567438924 0.
 2618.936934313086 0.
 2645.1832885034305 0.
 2671.629589526104 0.
 2698.2891671699276 0.
 2725.155356540491 0.
 2752.2214927433834 0.
 2779.500905567426 0.
 2806.993595012619 0.
 2834.692896184552 0.
 2862.5988090832248 0.
 2890.7179986030483 0.
 2919.0504647440216 0.
 2947.589542611735 0.
 2976.341897100599 0.
 3005.3075282106133 0.
 3034.4797710473676 0.
 3063.8719553996834 0.
 3093.4707514787387 0.
 3123.2894890733555 0.
 3153.3148383947123 0.
 3183.5534643372193 0.
 3214.0120317952883 0.
 3244.677210980097 0.
 3275.5623316804663 0.
 3306.660729001987 0.
 3337.972402944658 0.
 3369.4973535084796 0.
 3401.235580693452 0.
 3433.1870844995747 0.
 3465.3585298212593 0.
 3497.7365868696834 0.
 3530.334585433669 0.
 3563.1391957243936 0.
 3596.1637475306807 0.
 3629.394911063707 0.
 3662.846016112295 0.
 3696.5037328876224 0.
 3730.381391178512 0.
 3764.46566119614 0.
