 0. 0.
 0.21152862247037635 0.05289251513150382
 0.637072707369058 0.14429310345494706
 1.0676235447012705 0.22348296905320128
 1.503241945225316 0.29160089610630263
 1.943975917434591 0.34982791900582355
 2.389900141207711 0.3994379321657956
 2.841067959315118 0.4417278478185339
 3.2975380488042942 0.47791864583468363
 3.7593744209997704 0.5091017751655192
 4.226641087226073 0.5362285873369165
 4.699407393084776 0.5601122596625646
 5.177721347069275 0.5814272981034692
 5.661641626227055 0.6007090849270996
 6.151274916098995 0.6183590717931572
 6.646669225178492 0.6346576413550127
 7.147877896235989 0.6497838831935905
 7.6549542720419215 0.6638411169707961
 8.168058380907613 0.6768866656299788
 8.687136880062626 0.6889613287870819
 9.212296455047838 0.7001113323795517
 9.743643791404129 0.7103987285080559
 10.28123223190194 0.7199014165824162
 10.825168462082154 0.7287054257015024
 11.375452481944768 0.7368933513965177
 11.932190977030665 0.7445335010800654
 12.495490632880722 0.7516722290442538
 13.065404792265385 0.7583308859831907
 13.64198679795509 0.7645091231286817
 14.225343335490718 0.7701948781894294
 14.815581090413152 0.7753805419599743
 15.412700062722392 0.7800800359971659
 16.016860280729755 0.7843340287952637
 16.628061744435247 0.7881985823341755
 17.246517824920623 0.7917273860131632
 17.872175179415446 0.7949602283019063
 18.505140493460598 0.7979254123880398
 19.145573795367397 0.800650360987493
 19.793528427906285 0.8031652539043188
 20.449057733847702 0.8054987458882575
 21.11232174150297 0.807676855888935
 21.783320450872093 0.8097213408372194
 22.46216054749594 0.8116417790352087
 23.14900205968584 0.8134354571851234
 23.843898330212237 0.8150978959209931
 24.54690270184556 0.8166210126250234
 25.258175202897142 0.8179783590278913
 25.977769176137418 0.8191247281071412
 26.705791307107262 0.8200232296644986
 27.442348281347567 0.8206706599361694
 28.187546784399206 0.8210919634098734
 28.941440159032627 0.8213185185453226
 29.70418843355914 0.8213595216334892
 30.475844950749188 0.8211864937571335
 31.256569738914102 0.8207660336216006
 32.04641614082431 0.8200886634062793
 32.8454908420207 0.8191465542062158
 33.653900528044154 0.8179078500734901
 34.471805227205984 0.8163220866577586
 35.29931162504708 0.8143780609902643
 36.13647306433788 0.8121716864236094
 36.983396230619256 0.8098668634470167
 37.840241152202545 0.8075635306997615
 38.707114514628614 0.8052495883867936
 39.58412300343835 0.8029127969466422
 40.47137330417264 0.8006096158187122
 41.36902544514278 0.7984258785982346
 42.27713276911924 0.7964470224007674
 43.195855304413335 0.7947374620396414
 44.125353079336364 0.793312728694354
 45.0656794366588 0.7921294845264759
 46.016994404691935 0.791090453234602
 46.97940466897667 0.7900671601137101
 47.953070257824315 0.7889466036551775
 48.93809785677575 0.7876269565800452
 49.934647494142304 0.7859818927331013
 50.94277251269441 0.7839069508719881
 51.96268628351383 0.7813933886730657
 52.994548834911896 0.7785094362402356
 54.038360166888594 0.7753506101504691
 55.094547021607454 0.7719770553251362
 56.1630027135276 0.7684344839935955
 57.243727242649015 0.7648236061744406
 58.337254036676114 0.7612131085546974
 59.4430496679045 0.7575375933944477
 60.56218099174297 0.7536219494489188
 61.694114580487124 0.7493142083983273
 62.83938386184136 0.7445702897674458
 63.997988835805685 0.739445299505654
 65.17046293008451 0.7339956155773454
 66.35627271697341 0.7282221302388747
 67.55541819647239 0.7222053578808726
 68.76896622399028 0.7161328576685704
 69.99691679952706 0.7100992226404401
 71.23873649537832 0.7040376678300609
 72.49495873924849 0.6978352782827759
 73.76611695884193 0.691439296728801
 75.05167772645429 0.6848242315242932
 76.35270789749433 0.6779481958272618
 77.66867404425768 0.6707910582111215
 78.99957616674433 0.6632707984835078
 80.34594769265867 0.655261854053655
 81.70832204970513 0.6468132569100916
 83.08616581017927 0.6379247933848342
 84.48054582948993 0.6286728367389036
 85.89092867993268 0.6191726940490658
 87.31731436150756 0.6094266549660393
 88.76023630191894 0.5994251395525511
 90.22022792887121 0.5891964067601386
 91.6972892423644 0.5788838630183204
 93.19088681469411 0.5685810360706668
 94.70262092897353 0.5584039345929499
 96.23089130208945 0.5484959767956511
 97.77783164485949 0.5389411990612958
 99.34184167417045 0.5298626783701428
 100.92452167313553 0.5212796098972569
 102.52533821405034 0.5130259569991298
 104.14482472461927 0.5048856038061702
 105.78298120484229 0.4967620168888301
 107.43980765471946 0.4886228423354576
 109.11637092965955 0.48042108093114927
 110.81160417425376 0.47211226225300695
 112.5271076716153 0.4637067547115341
 114.26181456633537 0.45546798553316253
 116.01732514152717 0.4477268641203039
 117.79257254178191 0.4406687650309016
 119.58809019480395 0.4343275253035612
 121.40494495600215 0.4285914956008715
 123.2426033976721 0.42327631404814714
 125.10106551981377 0.418258313095904
 126.981398177836 0.41359588057912644
 128.88306794403434 0.4094369975793959
 130.80714167381763 0.4058178206427092
 132.75308593948148 0.4025978846969507
 134.72143416873024 0.3995568797862828
 136.712186361564 0.39654051242838306
 138.72640937339148 0.393489519409175
 140.7630363488039 0.3903862470841733
 142.82366757091447 0.38722541572171315
 144.90830303972322 0.3840088368779192
 147.01640932752574 0.3807490227663334
 149.14851986202638 0.3774870539984182
 151.30570149863397 0.37428242461021033
 153.48742080964414 0.3711622605471553
 155.69421122276128 0.3681167235706505
 157.92607273798538 0.36513043218157165
 160.18407221072525 0.36219075948162
 162.4676762132765 0.35931110783711284
 164.77741817334348 0.35655979000469074
 167.11329809092626 0.35403317169870036
 169.47638282143362 0.35180989237094695
 171.86667236486554 0.3499420822798255
 174.28363329351762 0.34846222443846014
 176.72886589050313 0.34738023937577966
 179.2018367281176 0.3466831566766042
 181.7030792340654 0.3463571939809976
 184.23312683605107 0.34642241333960316
 186.79197953407447 0.34694180096054505
 189.37963732813571 0.34797987525906504
 191.99716707364348 0.3495270944550059
 194.64510219830228 0.3514479288776736
 197.32237584670327 0.3535163852360008
 200.03058830195968 0.3555225023289194
 202.76973956407147 0.35735131095460915
 205.53982963303866 0.358982514193198
 208.34139193656563 0.36045242652431164
 211.17495990235685 0.3618011430112161
 214.04106695811666 0.3630089728537757
 216.9391796761407 0.3640067358363752
 219.87036491183775 0.36477180172988755
 222.83515609291217 0.36535367240802974
 225.83355321936406 0.36578684959716085
 228.86555629119334 0.36603528957300346
 231.9327655915133 0.36604496746335957
 235.03411426491502 0.36584189414384494
 238.1706691668074 0.36556781064457794
 241.3424302971904 0.3653992714103229
 244.55046451147282 0.3654038050295215
 247.79477180965472 0.3654946494988499
 251.07588561944044 0.3655692923201685
 254.39433936853436 0.36563951901850633
 257.7495996292322 0.36580879059182947
 261.143266684647 0.36614847032457176
 264.5748071070745 0.3665864136999702
 268.0452877519234 0.3670235759746284
 271.55470861919383 0.3674998539300464
 275.1036031365901 0.36809865796660257
 278.6925047318166 0.3687592803462088
 282.3219468325778 0.3692603556258591
 285.9919294388736 0.36928440281472835
 289.7035194061129 0.368649410761653
 293.4567167342957 0.3674937108814028
 297.25152142342193 0.3661463431082791
 301.0895337566049 0.3649296234812479
 304.9702203061401 0.36398591364176
 308.8946479274364 0.3632846495181873
 312.86281662049373 0.3628575833891481
 316.8752598130166 0.36281171942846596
 320.93251093270936 0.36307355315865586
 325.03510340727644 0.3634401907511603
 329.1835706644222 0.36399588498217206
 333.37844613185104 0.36475401486941234
 337.6202632372674 0.3650783343440417
 341.90902198067124 0.3646351425557624
 346.24525578976693 0.36400915795486505
 350.63003151996344 0.36401025496286926
 355.06388259896505 0.36480235495196534
 359.54627559906737 0.36602533058387365
 364.0788108033836 0.3674534934307568
 368.6620216396182 0.3690401643058561
 373.2953746800667 0.3707010231529461
 377.9804702078423 0.3721395025302184
 382.71730822294506 0.37329942819185946
 387.5064221530794 0.374533663674497
 392.3483454259496 0.37612247495454026
 397.2436114692602 0.3779245479584819
 402.19328713842 0.3796673686385118
 407.1973724334289 0.3811297572294218
 412.2564007819914 0.38226337632881924
 417.3714390395162 0.3832575586233756
 422.54248720600333 0.38433625822207707
 427.77007870915736 0.3856273545456819
 433.05528040438685 0.387057869666998
 438.39862571939636 0.38830751028210986
 443.80011465418585 0.3890150624374718
 449.26081406416415 0.390054325544104
 454.78125737703556 0.3926713860381888
 460.3619780205046 0.3960398104209981
 466.00404284998007 0.3978751612699405
 471.7069184377575 0.39790962123569085
 477.47220506695015 0.39765974865513826
 483.3004361652624 0.39827502328767483
 489.1916117326943 0.39993921401813654
 495.14733205235893 0.4020495418634763
 501.167063696552 0.4034569028321792
 507.25240694838675 0.40294510273417533
 513.4038952355676 0.4009476975148587
 519.6215285580944 0.39873625283494324
 525.9063737713759 0.39717830634877305
 532.2589643031168 0.3971811632564251
 538.681967291839 0.39790229824586176
 545.168448177385 0.3976870792805106
 551.7296089415477 0.3957096436802643
 558.3601153072827 0.39091643192709935
 565.0653015516343 0.38365889816176124
 571.8344991205142 0.3771187558805333
 578.6837108450547 0.3746625757823263
 585.6022681711677 0.377436347505104
 592.5955053758971 0.3828839585429647
 599.6634224592431 0.38682006997625484
 606.8060194212054 0.3896592383559214
 614.0232962617843 0.39270259767651755
 621.3205872580237 0.3948481998483319
 628.6978924099236 0.3962357189372546
 636.144543163396 0.39869694576094356
 643.6765423495729 0.4018508891584259
 651.2885556914104 0.40366500049781173
 658.9805831889083 0.40270171239058583
 666.7472905650228 0.3991515664031991
 674.6046806508857 0.3938012374752833
 682.5367506153653 0.3878052316774808
 690.5595032895934 0.3834868968576329
 698.6622701194821 0.3808486956404238
 706.8503853820752 0.3792368581840051
 715.1238490773729 0.3792697383279097
 723.4826612053753 0.3815079976265719
 731.9321560431262 0.3879980631600008
 740.4669993135816 0.39742558670078765
 749.0925252937856 0.40404232204765717
 757.8087339837382 0.4084359233136704
 766.6102911063955 0.4086862403771007
 775.5078652158453 0.40547764544337134
 784.4907877579996 0.4009956084464211
 793.5750615639906 0.3976466841713988
 802.7446838026862 0.3946956699361833
 812.0156573052183 0.39248840572927324
 821.3773135174991 0.39262750431992016
 830.8349867165725 0.39109465840976804
 840.3940111794826 0.3873552176406628
 850.0437183521414 0.3850558105206214
 859.7947767886366 0.3853442894477127
 869.6471864889687 0.3869129061861063
 879.5956131760934 0.3875326538091491
 889.6507254040987 0.3857150759736525
 899.8018546188965 0.38281300167977406
 910.0596693745752 0.37911825122505255
 920.4188353940905 0.37461636292702605
 930.8793526774424 0.3717090059178782
 941.4518897787191 0.37187458981021204
 952.1257781438325 0.37242355918853237
 962.9063520498264 0.374890454032331
 973.793611496701 0.37750451322019535
 984.7928907615005 0.3763098515225573
 995.8988555671807 0.3708460870228897
 1007.1168401907855 0.3705263892380919
 1018.4468446323152 0.3808031815978561
 1029.8888688917693 0.39252480918086463
 1041.4429129691484 0.4000273056690906
 1053.1089768644522 0.40690424282514165
 1064.8870605776808 0.4182652324298963
 1076.7878326629223 0.4289911682381515
 1088.8006245660881 0.4252351595192147
 1100.930770564223 0.4140053981393264
 1113.1782706573265 0.40955529044663475
 1125.5431248453988 0.41357331050322627
 1138.0306674054839 0.4204877882194343
 1150.6408983375818 0.42886323718573865
 1163.3684833646485 0.43069839456492126
 1176.218756763728 0.42364088167759045
 1189.1970528118643 0.4200814277173181
 1202.2927029549694 0.4199486453436059
 1215.5217100241753 0.41659582033587655
 1228.8680711883499 0.40558154502496374
 1242.3477892786254 0.38852284706654805
 1255.9501957409138 0.37524915989010776
 1269.6806248522591 0.3700483226419809
 1283.544410889705 0.37171373912543776
 1297.536219576208 0.36471279067533535
 1311.6613851888117 0.3492227162704259
 1325.9145734504723 0.3357785712486409
 1340.3064529152778 0.3413637988835193
 1354.8263550291401 0.34376315068841
 1369.4849483461471 0.33894245875770546
 1384.2768985892553 0.3331940953233852
 1399.2022057584643 0.340494400089195
 1414.266204130818 0.347123493577774
 1429.474227983361 0.33647946822616676
 1444.8156087620046 0.33483193174353826
 1460.295680743793 0.337677330221775
 1475.9144439287265 0.3345172555029646
 1491.6772325938489 0.3221705180871914
 1507.5840467391602 0.3177172523352873
 1523.6295520876165 0.31755246326155523
 1539.8244171933056 0.3125289025238832
 1556.1579735021396 0.30850950121623033
 1572.640889568207 0.3116948486420959
 1589.2678311144628 0.3095479938054107
 1606.0387981409076 0.3076928727062043
 1622.9644592016298 0.30876462763042867
 1640.0341457425407 0.3199019166528676
 1657.2531920406846 0.31640004793767
 1674.6215980960612 0.3001376535314778
 1692.139363908671 0.284862272138801
 1709.811823755558 0.2615440162943163
 1727.6336433596775 0.23062955190055043
 1745.6101569980742 0.1936610229902599
 1763.7413646707482 0.14882958724653536
 1782.0219321006548 0.1146412281684136
 1800.4625278418828 0.0923988141152874
 1819.0578176173874 0.07746118358837743
 1837.8078014271691 0.06535067083712474
 1856.717813548272 0.05431442780359075
 1875.7825197036518 0.04642347915544389
 1895.0019198933087 0.04035610091646936
 1914.3866826713304 0.03546114905013921
 1933.9314737606735 0.03114176715668271
 1953.6309588842935 0.02760874893345631
 1973.4958065962785 0.024808971383398534
 1993.5206826195847 0.02248663170494523
 2013.7055869542116 0.020482887620878413
 2034.0558538772038 0.01871313585463801
 2054.566149111517 0.017127441193943986
 2075.2418069341957 0.015693260275917883
 2096.0774930681946 0.014387831564947454
 2117.083876067603 0.013194370567213178
 2138.250287378333 0.012099967047845
 2159.587395554471 0.011094333914245896
 2181.089866318975 0.010169023506296677
 2202.7523653947997 0.009316919001992057
 2224.5855613360336 0.00853189132605468
 2246.5894541426765 0.0078085664499108936
 2268.7587095376844 0.007142159845866166
 2291.0933275210573 0.006528360486217414
 2313.5986423698396 0.005963246546588125
 2336.2746540840308 0.0054432231056327305
 2359.116028386587 0.0049649762352740046
 2382.128099554553 0.004525437990218838
 2405.310867587927 0.004121759261375396
 2428.658998209667 0.003751288494582588
 2452.18315997386 0.003411554560247661
 2475.8726843264176 0.0031002525075949526
 2499.7382398214286 0.002815231845696177
 2523.7691579048046 0.0025544860458945073
 2547.97077285359 0.0023161432477335946
 2572.348418944828 0.0020984583522139014
 2596.891427624432 0.0018998054060286817
 2621.610467446488 0.0017186706025333913
 2646.500204133954 0.0015536458213633866
 2671.5606376868286 0.0014034224644620477
 2696.7917681051126 0.001266785590129952
 2722.1935953888055 0.0011426084591236198
 2747.766119537908 0.0010298471243691933
 2773.514674829463 0.0009275354097067844
 2799.4285927093833 0.0008347801409751388
 2825.5185417317566 0.0007507563845757594
 2851.7738533424954 0.0006747031806585647
 2878.2051960956874 0.0006059192793930202
 2904.8019014372435 0.000543759142454426
 2931.5746379212533 0.00048762915376346204
 2958.5127369936286 0.00043698401922944737
 2985.626867208457 0.00039132335406035125
 3012.9063600116497 0.0003501884521943016
 3040.356549680252 0.00031315925357225475
 3067.972101937219 0.0002798514720036489
 3095.7636853366403 0.0002499138915187868
 3123.7152970473817 0.00022302585311921745
 3151.8429399005763 0.00019889488180396077
 3180.1306110650917 0.00017725445874186603
 3208.5889790950173 0.0001578619569008901
 3237.218043990351 0.00014049671416941386
 3266.007137197006 0.0001249582248131319
 3294.961592992026 0.00011106447773343788
 3324.0814113754113 0.0000986503916852467
 3353.3665923471613 0.0000875663877224324
 3382.8171359072767 0.00007767705832586094
 3412.427707778713 0.0000688599265228023
 3442.203642238514 0.00006100431328992174
 3472.1342707325925 0.00005401029248715273
 3502.230261815036 0.0000477877222617563
 3532.486281208801 0.000042255358953456085
 3562.9023289138863 0.00003734004225470711
 3593.4730706532487 0.000032975946149859884
 3624.203840703932 0.000029103896382832695
 3655.089304788893 0.00002567073905514233
 3686.1294629081303 0.000022628772699424547
 3717.3243150616454 0.00001993522173162405
 3748.6738612494373 0.000017551759827059925
 3780.1781014715057 0.000015444075680592984
 3811.831701450807 0.00001358147627065417
 3843.6293269102976 0.000011936528996318594
 3875.5816464040654 0.000010484733471626898
 3907.683325655066 0.000009204226055729305
 3939.929030386255 0.000008075510805551228
 3972.318760597633 0.000007081217936351375
 4004.852516289201 0.000006205882500553142
 4037.5356317380015 0.000005435746746938081
 4070.352104112902 0.0000047585808140941305
 4103.312601967992 0.000004163521198972614
 4136.411791026228 0.000003640925537201326
 4169.6443370105635 0.000003182241283534571
 4203.015574198044 0.0000027798883841462263
 4236.520168311626 0.0000024271537474581905
 4270.163453628352 0.000002118095932582846
 4303.929427317092 0.0000018474605567162743
 4337.828757931931 0.0000016106039894806133
 4371.856111195829 0.0000014034252816286241
 4406.011487108783 0.0000012223052288235676
 4440.289551393749 0.0000010640520209086607
 4474.690304050729 9.258526855428808E-7
 4509.213745079721 8.052297473173815E-7
 4543.854540203682 7.0000271107795E-7
 4578.612689422612 6.082537080850268E-7
 4613.48819273651 5.282969812957579E-7
 4648.481050145378 4.5865174202245496E-7
 4683.580593095126 3.9801806917287074E-7
 4718.797490139842 3.4525555793185603E-7
 4754.115738448396 2.993643310216336E-7
 4789.546006574874 2.5946832945755085E-7
 4825.077625965188 2.248003630062939E-7
 4860.710596619339 1.9468904852501259E-7
 4896.444918537328 1.685471586926842E-7
 4932.275257442108 1.4586139038966395E-7
 4968.206947610726 1.2618330990935564E-7
 5004.229320489092 1.0912137651957408E-7
 5040.347710354251 9.433392236015833E-8
 5076.551448652114 8.152296361047439E-8
 5112.845869659726 7.042874669236216E-8
 5149.225639100042 6.082497820428389E-8
 5185.685422696019 5.25146109983167E-8
 5222.2305547247 4.5326156774463315E-8
 5258.8503666319975 3.9110446427211636E-8
 5295.550192694956 3.37377906018328E-8
 5332.324698636531 2.909549438770952E-8
 5369.163215902635 2.5085675549852787E-8
 5406.076413047354 2.162336052533478E-8
 5443.0429529625135 1.8634818237672508E-8
 5480.116178418555 1.6056102947631187E-8
 5517.242746645036 1.3831782035478055E-8
 5554.369314871518 1.1913826432222597E-8
 5591.602568638879 1.0260641982233363E-8
 5628.889165176681 8.83622610904389E-9
 5666.229104484924 7.609431691063692E-9
 5703.622386563607 6.5533282507893425E-9
 5741.01566864229 5.644644971118948E-9
 5778.515636261854 4.863287024898922E-9
 5816.015603881417 4.1919154103474685E-9
 5853.62225704186 3.615583230249544E-9
 5891.175567431866 3.121419213785482E-9
 5928.835563362749 2.6983551269284838E-9
 5966.495559293634 2.3368892528698365E-9
 6004.208897994959 2.028883272785989E-9
 6041.922236696284 1.7673870589930325E-9
 6079.635575397609 1.5464886978759777E-9
 6117.402256869375 1.3611863953457347E-9
 6155.22228111158 1.2072801171851674E-9
 6193.042305353786 1.0812800209095305E-9
 6230.808986825551 9.803308755990905E-10
 6268.682353838198 9.021502459532547E-10
 6306.502378080403 8.449798397363422E-10
 6344.375745093049 8.075447207728818E-10
 6382.195769335254 7.891031774259347E-10
