 0.21152862247037635 0.00008157706180507325
 0.637072707369058 0.000984761526084972
 1.0676235447012705 0.00364690774779512
 1.503241945225316 0.008763958547552006
 1.943975917434591 0.016642043165168433
 2.389900141207711 0.02723791349405043
 2.841067959315118 0.04028944062791295
 3.2975380488042942 0.05540975472124563
 3.7593744209997704 0.07214319666134851
 4.226641087226073 0.09001915452219478
 4.699407393084776 0.10860218830460994
 5.177721347069275 0.12752355419903771
 5.661641626227055 0.14649043484413146
 6.151274916098995 0.1652799218275782
 6.646669225178492 0.1837284751783436
 7.147877896235989 0.2017239527501551
 7.6549542720419215 0.2192002015888655
 8.168058380907613 0.23612970408983314
 8.687136880062626 0.25251103692867993
 9.212296455047838 0.26835152231859505
 9.743643791404129 0.2836512314257974
 10.28123223190194 0.29839963164988964
 10.825168462082154 0.31258883935528914
 11.375452481944768 0.32623112676107735
 11.932190977030665 0.3393616816088221
 12.495490632880722 0.35202407343920583
 13.065404792265385 0.3642555063699987
 13.64198679795509 0.37608597300878843
 14.225343335490718 0.38754730837749674
 14.815581090413152 0.39868002977675127
 15.412700062722392 0.4095293751997
 16.016860280729755 0.4201279704040301
 16.628061744435247 0.43047980069800007
 17.246517824920623 0.44056301805240744
 17.872175179415446 0.4503453999848053
 18.505140493460598 0.459795823135461
 19.145573795367397 0.46888609777433204
 19.793528427906285 0.4775875676372745
 20.449057733847702 0.48587167925579366
 21.11232174150297 0.4937170906715769
 21.783320450872093 0.501110786373923
 22.46216054749594 0.5080409448631368
 23.14900205968584 0.5144934277837301
 23.843898330212237 0.5204532744150182
 24.54690270184556 0.5259007242702197
 25.258175202897142 0.5308044642130181
 25.977769176137418 0.5351354742408173
 26.705791307107262 0.5388891839008921
 27.442348281347567 0.5420910074407481
 28.187546784399206 0.544556081162164
 28.941440159032627 0.5470499170179101
 29.70418843355914 0.5489034095597538
 30.475844950749188 0.5503609648890636
 31.256569738914102 0.5514003158866809
 32.04641614082431 0.5519509921811786
 32.8454908420207 0.5519182952572724
 33.653900528044154 0.5512526459824615
 34.471805227205984 0.5499579110546394
 35.29931162504708 0.5480567134240589
 36.13647306433788 0.5455851264563454
 36.983396230619256 0.5425735064975387
 37.840241152202545 0.539039392066919
 38.707114514628614 0.5349995467627164
 39.58412300343835 0.5304757237258417
 40.47137330417264 0.5254927757814066
 41.36902544514278 0.5200772083922728
 42.27713276911924 0.514245492584437
 43.195855304413335 0.5080162897219666
 44.125353079336364 0.5014094709946502
 45.0656794366588 0.4944138553987628
 46.016994404691935 0.4869855017478119
 46.97940466897667 0.479082809433171
 47.953070257824315 0.4707025522529168
 48.93809785677575 0.46187300691802563
 49.934647494142304 0.45261332504873975
 50.94277251269441 0.4429607898364055
 51.96268628351383 0.43302111474552135
 52.994548834911896 0.42290040860846856
 54.038360166888594 0.4126319455862621
 55.094547021607454 0.4022108626539438
 56.1630027135276 0.39163397314637843
 57.243727242649015 0.3809311668755044
 58.337254036676114 0.37013291879772653
 59.4430496679045 0.35924792700646613
 60.56218099174297 0.3483066427360551
 61.694114580487124 0.33739964476843903
 62.83938386184136 0.32661276747097
 63.997988835805685 0.315946335045312
 65.17046293008451 0.3053835206343737
 66.35627271697341 0.29499545882762546
 67.55541819647239 0.28490938691710443
 68.76896622399028 0.27520003734001425
 69.99691679952706 0.26586843805285015
 71.23873649537832 0.25687948829497864
 72.49495873924849 0.24819153210626974
 73.76611695884193 0.23978330660198743
 75.05167772645429 0.23165535738980983
 76.35270789749433 0.2237965904469462
 77.66867404425768 0.2162206696874254
 78.99957616674433 0.209205231095826
 80.34594769265867 0.20210825033222005
 81.70832204970513 0.1955378845236963
 83.08616581017927 0.18918815771583836
 84.48054582948993 0.18293977160369532
 85.89092867993268 0.17664440787972002
 87.31731436150756 0.17020396786483638
 88.76023630191894 0.16366474123076058
 90.22022792887121 0.15714289496881195
 91.6972892423644 0.1506757201776945
 93.19088681469411 0.14420811838926367
 94.70262092897353 0.13769181518503165
 96.23089130208945 0.13117008753344783
 97.77783164485949 0.12468246431543288
 99.34184167417045 0.11829130295345928
 100.92452167313553 0.11209554030651464
 102.52533821405034 0.1061741313407907
 104.14482472461927 0.10051593458935067
 105.78298120484229 0.09508983459981946
 107.43980765471946 0.08991049952064838
 109.11637092965955 0.08489268012895175
 110.81160417425376 0.07989738089185844
 112.5271076716153 0.07494778697275059
 114.26181456633537 0.07015646198006381
 116.01732514152717 0.06558444597048516
 117.79257254178191 0.061215668821051034
 119.58809019480395 0.05699553813450679
 121.40494495600215 0.05288095406721451
 123.2426033976721 0.04887043319887799
 125.10106551981377 0.04500900397766735
 126.981398177836 0.041341225154708006
 128.88306794403434 0.037870057244706226
 130.80714167381763 0.03456837405722429
 132.75308593948148 0.03140896242089023
 134.72143416873024 0.028399826163123126
 136.712186361564 0.025586273652554118
 138.72640937339148 0.023016951744216585
 140.7630363488039 0.020711650182115335
 142.82366757091447 0.01867661024364798
 144.90830303972322 0.016927937634887563
 147.01640932752574 0.015468637942479001
 149.14851986202638 0.014282723279978322
 151.30570149863397 0.013365861206125986
 153.48742080964414 0.012701122068181235
 155.69421122276128 0.012239366382728744
 157.92607273798538 0.011927109573321418
 160.18407221072525 0.011717743301729507
 162.4676762132765 0.011566331635867443
 164.77741817334348 0.01143722662595199
 167.11329809092626 0.011313911383312008
 169.47638282143362 0.011206575611383841
 171.86667236486554 0.011098004145467336
 174.28363329351762 0.01102343697203872
 176.72886589050313 0.01097438842323644
 179.2018367281176 0.010940712568452525
 181.7030792340654 0.010905647390928513
 184.23312683605107 0.010857188731007345
 186.79197953407447 0.010797114162690016
 189.37963732813571 0.01073893498800275
 191.99716707364348 0.010698503877573607
 194.64510219830228 0.010719331133675382
 197.32237584670327 0.010740389151075625
 200.03058830195968 0.010871084330615633
 202.76973956407147 0.01110533663822143
 205.53982963303866 0.011449294835206054
 208.34139193656563 0.011893811690233444
 211.17495990235685 0.012429253669471708
 214.04106695811666 0.013050694489101377
 216.9391796761407 0.013749374378311509
 219.87036491183775 0.01450463141154787
 222.83515609291217 0.015283636612031469
 225.83355321936406 0.01605254807046762
 228.86555629119334 0.016782554538502175
 231.9327655915133 0.01744616055209487
 235.03411426491502 0.018017364347066613
 238.1706691668074 0.018477407298850886
 241.3424302971904 0.018817271856777177
 244.55046451147282 0.019027826604224734
 247.79477180965472 0.01908210903305929
 251.07588561944044 0.018930793046224862
 254.39433936853436 0.018521709060852473
 257.7495996292322 0.017821141685369933
 261.143266684647 0.01681226801636484
 264.5748071070745 0.01549131070908507
 268.0452877519234 0.013900291043584328
 271.55470861919383 0.012159656263880889
 275.1036031365901 0.010432604743158339
 278.6925047318166 0.008846623645955782
 282.3219468325778 0.007443300929127387
 285.9919294388736 0.006202832299130253
 289.7035194061129 0.005112886389847532
 293.4567167342957 0.004171934155529354
 297.25152142342193 0.003367595916103595
 301.0895337566049 0.002718122011186666
 304.9702203061401 0.0022519575784732656
 308.8946479274364 0.0019456856899283516
 312.86281662049373 0.0018943504710801817
 316.8752598130166 0.0019618921791933097
 320.93251093270936 0.0020301881419569965
 325.03510340727644 0.0021619032124874297
 329.1835706644222 0.0018890953462871428
 333.37844613185104 0.0016132356240550407
 337.6202632372674 0.0009381756447509711
 341.90902198067124 0.00003672123520623247
 346.24525578976693 -0.0009846979509294206
 350.63003151996344 -0.0020022204505175476
 355.06388259896505 -0.0029819255376760333
 359.54627559906737 -0.003948394024413254
 364.0788108033836 -0.004987157505356738
 368.6620216396182 -0.006001731272201494
 373.2953746800667 -0.006259730297530718
 377.9804702078423 -0.006155570201112604
 382.71730822294506 -0.00605025975409076
 387.5064221530794 -0.0055205127329096765
 392.3483454259496 -0.00500947697122275
 397.2436114692602 -0.004444924924584524
 402.19328713842 -0.00383530133467693
 407.1973724334289 -0.00328464947391443
 412.2564007819914 -0.00289179051664211
 417.3714390395162 -0.0027390524706068856
 422.54248720600333 -0.0029177098070808606
 427.77007870915736 -0.0035400757875562404
 433.05528040438685 -0.00462918604728191
 438.39862571939636 -0.005997181932121465
 443.80011465418585 -0.00725431183914053
 449.26081406416415 -0.008168109890974874
 454.78125737703556 -0.00872453878816702
 460.3619780205046 -0.0092360523124035
 466.00404284998007 -0.010107510338597048
 471.7069184377575 -0.011096711292490636
 477.47220506695015 -0.011933664772817959
 483.3004361652624 -0.01266076212397099
 489.1916117326943 -0.013075140876029609
 495.14733205235893 -0.013138105649787594
 501.167063696552 -0.012942046424214176
 507.25240694838675 -0.012743850266009346
 513.4038952355676 -0.011657613381908589
 519.6215285580944 -0.010432826939908463
 525.9063737713759 -0.009661934688379567
 532.2589643031168 -0.009879662990692336
 538.681967291839 -0.0110244799525135
 545.168448177385 -0.012061440555911495
 551.7296089415477 -0.011695139739371191
 558.3601153072827 -0.011324967450786148
 565.0653015516343 -0.010439497586826775
 571.8344991205142 -0.009400763363106615
 578.6837108450547 -0.007849798734104916
 585.6022681711677 -0.006008000304424476
 592.5955053758971 -0.004436282736181925
 599.6634224592431 -0.0036214632941835917
 606.8060194212054 -0.0037166152964293003
 614.0232962617843 -0.004753037725065251
 621.3205872580237 -0.006616411933624187
 628.6978924099236 -0.008623153020513474
 636.144543163396 -0.009953922567908148
 643.6765423495729 -0.010423359460587343
 651.2885556914104 -0.010598180068053216
 658.9805831889083 -0.010871510537193272
 666.7472905650228 -0.011181281273353662
 674.6046806508857 -0.01165224033238157
 682.5367506153653 -0.012575288332127925
 690.5595032895934 -0.01220200103542725
 698.6622701194821 -0.011824990793613191
 706.8503853820752 -0.009777186798418075
 715.1238490773729 -0.00777502090866835
 723.4826612053753 -0.005411592993028972
 731.9321560431262 -0.002244404707661311
 740.4669993135816 0.0015056326173711575
 749.0925252937856 0.004359883427984492
 757.8087339837382 0.0060834513622918425
 766.6102911063955 0.00847188052414615
 775.5078652158453 0.010496865466618571
 784.4907877579996 0.010038124856640185
 793.5750615639906 0.0071904746337563335
 802.7446838026862 0.004381430424081123
 812.0156573052183 0.0023597962244152875
 821.3773135174991 0.0001652383528483824
 830.8349867165725 -0.003674499207157313
 840.3940111794826 -0.006722000620018868
 850.0437183521414 -0.007801073279936446
 859.7947767886366 -0.008975276355013332
 869.6471864889687 -0.009011310974585929
 879.5956131760934 -0.00914080344502651
 889.6507254040987 -0.01170016366418945
 899.8018546188965 -0.015200371345181627
 910.0596693745752 -0.01872460474167476
 920.4188353940905 -0.022192854045965833
 930.8793526774424 -0.024867026726081622
 941.4518897787191 -0.027409236677225206
 952.1257781438325 -0.027451988050374382
 962.9063520498264 -0.026670473992555278
 973.793611496701 -0.025881226000467807
 984.7928907615005 -0.0241631683083428
 995.8988555671807 -0.023636628432353275
 1007.1168401907855 -0.02501193617174344
 1018.4468446323152 -0.023619994205829522
 1029.8888688917693 -0.022214290101834556
 1041.4429129691484 -0.018037562110726456
 1053.1089768644522 -0.016607208882487963
 1064.8870605776808 -0.016125098867694046
 1076.7878326629223 -0.0027607172863325863
 1088.8006245660881 -0.007181844019447109
 1100.930770564223 -0.008943569936838217
 1113.1782706573265 -0.00923907797062118
 1125.5431248453988 -0.009537417527375925
 1138.0306674054839 -0.011526106907473112
 1150.6408983375818 -0.010117312404023533
 1163.3684833646485 -0.008695407291827812
 1176.218756763728 -0.0028783992483051007
 1189.1970528118643 0.00013692281674566127
 1202.2927029549694 0.0020663448511317978
 1215.5217100241753 0.0021036848173061912
 1228.8680711883499 -0.002091558014531898
 1242.3477892786254 -0.003023869760225666
 1255.9501957409138 -0.0028700975623760718
 1269.6806248522591 -0.002714878096782009
 1283.544410889705 -0.0007691063036361451
 1297.536219576208 0.0027707193030312278
 1311.6613851888117 0.004995048494782049
 1325.9145734504723 0.005278011311650344
 1340.3064529152778 0.0024236354066388974
 1354.8263550291401 -0.0034831832190331253
 1369.4849483461471 -0.009257157049986451
 1384.2768985892553 -0.011400196470050543
 1399.2022057584643 -0.011792055486081022
 1414.266204130818 -0.01181286837056392
 1429.474227983361 -0.011833880245089683
 1444.8156087620046 -0.01266660645201429
 1460.295680743793 -0.014555371344152695
 1475.9144439287265 -0.016691829470439984
 1491.6772325938489 -0.014220445392977532
 1507.5840467391602 -0.011726480141203243
 1523.6295520876165 -0.008141091240601256
 1539.8244171933056 -0.0046659617444139954
 1556.1579735021396 -0.0028567616338897356
 1572.640889568207 -0.0018697246074921947
 1589.2678311144628 -0.0014059379172258505
 1606.0387981409076 -0.0006110367249449068
 1622.9644592016298 0.00019119657120887182
 1640.0341457425407 0.0010600526181069648
 1657.2531920406846 0.00011201110554146753
 1674.6215980960612 -0.0035290058031326255
 1692.139363908671 -0.00560549721746101
 1709.811823755558 -0.009221708365616137
 1727.6336433596775 -0.010536327219480958
 1745.6101569980742 -0.010810015270332637
 1763.7413646707482 -0.009974723352293357
 1782.0219321006548 -0.0091325505358413
 1800.4625278418828 -0.0068576696856714366
 1819.0578176173874 -0.005028793459871873
 1837.8078014271691 -0.0020793565663013353
 1856.717813548272 -0.0019667584741111595
 1875.7825197036518 -0.0018532392691781032
 1895.0019198933087 -0.001210403432865946
 1914.3866826713304 -0.0007904801523221904
 1933.9314737606735 -0.0005780163947746904
 1953.6309588842935 -0.00045583094748919176
 1973.4958065962785 -0.00036614152187388027
 1993.5206826195847 -0.0002948547394907854
 2013.7055869542116 -0.00023748685969898897
 2034.0558538772038 -0.00019123897046062146
 2054.566149111517 -0.00015394402087336157
 2075.2418069341957 -0.00012386988052066452
 2096.0774930681946 -0.00009962339950132595
 2117.083876067603 -0.00008008133766035967
 2138.250287378333 -0.00006433694485288338
 2159.587395554471 -0.00005165773881718057
 2181.089866318975 -0.00004145187360111938
 2202.7523653947997 -0.00003324111221368566
 2224.5855613360336 -0.000026639059250828385
 2246.5894541426765 -0.000021333589956013072
 2268.7587095376844 -0.00001707264939660799
 2291.0933275210573 -0.000013652754375117028
 2313.5986423698396 -0.000010909702283934333
 2336.2746540840308 -0.000008711037765705751
 2359.116028386587 -0.0000069499681597599475
 2382.128099554553 -0.00000554043018074063
 2405.310867587927 -0.00000441310334517086
 2428.658998209667 -0.0000035121833741616732
 2452.18315997386 -0.000002792772923532857
 2475.8726843264176 -0.0000022187718217168482
 2499.7382398214286 -0.0000017611721643745967
 2523.7691579048046 -0.0000013966802991769127
 2547.97077285359 -0.0000011066045768766232
 2572.348418944828 -8.759569173317349E-7
 2596.891427624432 -6.927279736585722E-7
 2621.610467446488 -5.473026440759425E-7
 2646.500204133954 -4.3198900688751656E-7
 2671.5606376868286 -3.406386487039918E-7
 2696.7917681051126 -2.6834114786535084E-7
 2722.1935953888055 -2.1117819515455845E-7
 2747.766119537908 -1.6602591776352825E-7
 2773.514674829463 -1.303960916440391E-7
 2799.4285927093833 -1.0230861164346482E-7
 2825.5185417317566 -8.018924146292878E-8
 2851.7738533424954 -6.27875914270776E-8
 2878.2051960956874 -4.91114961136326E-8
 2904.8019014372435 -3.837444623969496E-8
 2931.5746379212533 -2.995359189450077E-8
 2958.5127369936286 -2.335618766720925E-8
 2985.626867208457 -1.1152407556874028E-8
 3012.9063600116497 -1.10781218243387E-8
 3040.356549680252 -1.1003371261251722E-8
 3067.972101937219 -8.543817710418495E-9
 3095.7636853366403 -6.627037050106094E-9
 3123.7152970473817 -5.134848364073933E-9
 3151.8429399005763 -3.9744437862533225E-9
 3180.1306110650917 -3.0730205910029298E-9
 3208.5889790950173 -2.3735315418838943E-9
 3237.218043990351 -1.8313239483618714E-9
 3266.007137197006 -1.4114851658420239E-9
 3294.961592992026 -1.0867482529203482E-9
 3324.0814113754113 -8.358411523258994E-10
 3353.3665923471613 -6.421869585429338E-10
 3382.8171359072767 -4.928822160355772E-10
 3412.427707778713 -3.778938559116744E-10
 3442.203642238514 -2.894294776811657E-10
 3472.1342707325925 -2.2144370082500167E-10
 3502.230261815036 -1.6925170059708084E-10
 3532.486281208801 -1.29227083702942E-10
 3562.9023289138863 -9.85658853031736E-11
 3593.4730706532487 -7.510246358658869E-11
 3624.203840703932 -5.716606425602989E-11
 3655.089304788893 -4.346914649767025E-11
 3686.1294629081303 -3.3020599730742335E-11
 3717.3243150616454 -2.505833654646684E-11
 3748.6738612494373 -1.899702191100559E-11
 3780.1781014715057 -1.4387570888813515E-11
 3811.831701450807 -1.0885814156456592E-11
 3843.6293269102976 -8.228273812433711E-12
 3875.5816464040654 -6.21346658814704E-12
 3907.683325655066 -4.687483990481165E-12
 3939.929030386255 -3.5328848365041854E-12
 3972.318760597633 -2.6601517488886618E-12
 4004.852516289201 -2.0011244116728973E-12
 4037.5356317380015 -1.5039594204912203E-12
 4070.352104112902 -1.1292659568876662E-12
 4103.312601967992 -8.471459852718868E-13
 4136.411791026228 -6.349304396811981E-13
 4169.6443370105635 -4.75448975315156E-13
 4203.015574198044 -3.5570970865722325E-13
 4236.520168311626 -2.6589232618032784E-13
 4270.163453628352 -1.98581379041213E-13
 4303.929427317092 -1.4818296521353672E-13
 4337.828757931931 -1.1048152209127243E-13
 4371.856111195829 -8.230329725424181E-14
 4406.011487108783 -6.126123576027753E-14
 4440.289551393749 -4.556170771866792E-14
 4474.690304050729 -3.385827436208785E-14
 4509.213745079721 -2.5141152675401842E-14
 4543.854540203682 -1.7450602905625818E-14
 4578.612689422612 -1.3829696526641913E-14
 4613.48819273651 -1.0245427307883968E-14
 4648.481050145378 -7.584434453361474E-15
 4683.580593095126 -5.610451730547315E-15
 4718.797490139842 -4.147236156480519E-15
 4754.115738448396 -3.0634570372862945E-15
 4789.546006574874 -2.2613189410546455E-15
 4825.077625965188 -1.6680726749555674E-15
 4860.710596619339 -1.2296294613434886E-15
 4896.444918537328 -9.05836054337286E-16
 4932.275257442108 -6.668717997486291E-16
 4968.206947610726 -4.906339565701323E-16
 5004.229320489092 -3.607474229607815E-16
 5040.347710354251 -2.6508050149189445E-16
 5076.551448652114 -1.9466399498502364E-16
 5112.845869659726 -1.4287693845000668E-16
 5149.225639100042 -1.0480461653161908E-16
 5185.685422696019 -7.682736509676468E-17
 5222.2305547247 -5.629479363421278E-17
 5258.8503666319975 -4.1221737863909125E-17
 5295.550192694956 -3.0169592439165776E-17
 5332.324698636531 -2.2067037706099366E-17
 5369.163215902635 -1.613191026557863E-17
 5406.076413047354 -1.1792952552599763E-17
 5443.0429529625135 -8.614392458966772E-18
 5480.116178418555 -6.285664875369176E-18
 5517.242746645036 -4.584889899504257E-18
 5554.369314871518 -3.344205635863853E-18
 5591.602568638879 -2.440258807417657E-18
 5628.889165176681 -1.7721377716771562E-18
 5666.229104484924 -1.2944947813700737E-18
 5703.622386563607 -9.42758274806731E-19
 5741.01566864229 -6.867399926487453E-19
 5778.515636261854 -4.977968997613711E-19
 5816.015603881417 -3.537563145587578E-19
 5853.62225704186 -2.603693215227266E-19
 5891.175567431866 -1.9038372647130081E-19
 5928.835563362749 -1.3441036455358325E-19
 5966.495559293634 -9.59886955739687E-20
 6004.208897994959 -7.059189723482368E-20
 6041.922236696284 -4.637007372886274E-20
 6079.635575397609 -3.488969427997653E-20
 6117.402256869375 -2.300869250914525E-20
 6155.22228111158 -2.077293615762551E-20
 6193.042305353786 -1.399915278267419E-20
 6230.808986825551 -8.231909615483783E-21
 6268.682353838198 -4.23213690211428E-21
 6306.502378080403 -4.062987293411892E-21
