 1.2914839698725455 0.9974218382345575
 1.8184432937377204 0.9932367804283699
 2.351590827727145 0.986051660843272
 2.891016910674749 0.9753758532502219
 3.4367860703190556 0.961032307500684
 3.9889692871724374 0.9430815030892825
 4.547643994521122 0.9218038432134895
 5.112887625651336 0.8976277204413651
 5.6847840666231555 0.8710850778978467
 6.263391392401252 0.8427326325054459
 6.848780583498001 0.8130623206032653
 7.4410806953904425 0.7825964408285734
 8.040349803043249 0.751831233691268
 8.646652434194943 0.7211482162975664
 9.260053116584043 0.6908022077795748
 9.880745433426116 0.6611341101492522
 10.508664856982644 0.6323748201406392
 11.143940442730665 0.6045758005365609
 11.786701246147226 0.5778826988212324
 12.437011794970848 0.5523671272309156
 13.095001144678577 0.5280928537768532
 13.76066929527041 0.5050705913143116
 14.434145302223392 0.48324817353899
 15.115558221014567 0.46263396282880614
 15.804972579382454 0.44321663788330934
 16.50245290506558 0.42493029958239065
 17.208128253540988 0.40770765608962684
 17.922127680285715 0.39153446980341794
 18.64445118529977 0.37633950793666204
 19.375292351798713 0.36207006173335776
 20.114651179782545 0.3486567125415786
 20.862785780205357 0.33605730176565185
 21.619631625328623 0.32424053066537706
 22.38531777062939 0.3130986961274758
 23.160037799323216 0.3026048016596307
 23.94385623914863 0.2927466157431712
 24.736837617844156 0.2834674839074706
 25.539175518625353 0.27475050824868613
 26.35086994149223 0.2665780356606646
 27.17204994192182 0.2588883735608145
 28.0029091031297 0.2516620672354294
 28.843511952854378 0.2448893617521285
 29.693923018834386 0.23852682212604412
 30.554335884285287 0.2325531079313868
 31.424815076945606 0.2269516037014804
 32.30548965229238 0.22167995128450113
 33.196488665802654 0.21670129869188565
 34.09794117295348 0.21199508266705336
 35.009911701483375 0.20754137972869383
 35.9325938346079 0.20333782774755296
 36.86605210006558 0.19938159773615852
 37.81048008107199 0.19566669885154028
 38.765942305365634 0.19219256904758442
 39.73256782842357 0.1889417086940761
 40.71048570572284 0.18589444089642132
 41.699889520479 0.18304148998911515
 42.700908328169106 0.18039278692347233
 43.71360665653167 0.17794134002230713
 44.73811356104374 0.1756543834823353
 45.77462262492088 0.1735030161236885
 46.82326290364014 0.17147695275433372
 47.88416345267856 0.16957743388926555
 48.95745332751318 0.16779699358284247
 50.04332611135957 0.1661205024569611
 51.14184633195625 0.16451740796543549
 52.2532075725188 0.1629585464807521
 53.37760341626275 0.16144931534957038
 54.51509839092666 0.1599910360745825
 55.665886079726064 0.15858038469775976
 56.83009553813803 0.15721990546330789
 58.007920349378125 0.1559225213968633
 59.19948956892337 0.15470751343047817
 60.404996779989354 0.15358832722516436
 61.62450651031458 0.15256713624341842
 62.85827687085314 0.15165362267243615
 64.10650144482061 0.15088181167970277
 65.36918023221698 0.15022543816829256
 66.64682945495043 0.14966670317140962
 67.93932005754392 0.1492155190491116
 69.24665203999744 0.1488143315613413
 70.56947067969622 0.1484874747231425
 71.90713069925503 0.14818489366130777
 73.26092265344431 0.1478847981049229
 74.63020126487886 0.14761107387083866
 76.01561181094387 0.14733886683876365
 77.41715429163935 0.14707464241538057
 78.83547398435053 0.14683137130193882
 80.26992561169217 0.14662197176922745
 81.72050917366428 0.1463571024221469
 83.18851522503732 0.14605814223024072
 84.67394376581126 0.14583438150216624
 86.1761495186009 0.14566353172537705
 87.69577776079146 0.14548727609255513
 89.23347376976812 0.14536495553270387
 90.7885922681457 0.14526798315216222
 92.36242381069464 0.14520439342985017
 93.95432312002971 0.1452470183271491
 95.56429019615089 0.14534727211975265
 97.19297031644344 0.14548490337055833
 98.84100875829256 0.14574124820803247
 100.507760244313 0.14609303461785736
 102.19451532927525 0.14649652999020524
 103.90062873579406 0.14696302527371644
 105.62610046386945 0.14742116408675704
 107.37157579088661 0.14786692818794395
 109.13769999423077 0.14835928085666839
 110.92447307390195 0.14894626942306213
 112.73124975251493 0.1495426957027823
 114.55996586222534 0.15023380205537784
 116.40868557087751 0.15102587925371128
 118.27998998801236 0.15191692270913865
 120.17194328147423 0.15291313078798846
 122.08648128341875 0.15391994746255747
 124.02295871646072 0.15494588183390498
 125.98202085798535 0.155925069430894
 127.96366770799263 0.156852588608507
 129.9678992664826 0.15770216489996455
 131.99600608822564 0.158591373876544
 134.04669761845133 0.15953575602065695
 136.12190968931537 0.16051494232153585
 138.2203517460473 0.1614595325324172
 140.34395962080274 0.16230617995013777
 142.49144275881127 0.16312058022163778
 144.66344643745816 0.16387118508326198
 146.86126121151378 0.1646654529575476
 149.08424180359293 0.1655878029733624
 151.33238821369562 0.16655864835040518
 153.60699099659232 0.16756088980420156
 155.90740487489776 0.16858467104863475
 158.23492040338238 0.16963673284950492
 160.588892304661 0.17070172602233416
 162.96996585611876 0.17169761432027383
 165.37814105775576 0.17258757344392195
 167.8147084643424 0.1734101315794981
 170.2783775211082 0.174096200935774
 172.77108406020886 0.17455057970431875
 175.2928280816444 0.1748726877714029
 177.84296430802956 0.17514210432765615
 180.42213801674956 0.17543811869535025
 183.03163976257486 0.17588661595355556
 185.6708242681202 0.17647728131371263
 188.34033681077088 0.17708551641785922
 191.04017739052682 0.17761993555235622
 193.77163656215848 0.17812647268381185
 196.53406904828066 0.17871506160726036
 199.32812012627855 0.17943250764923263
 202.15378979615218 0.18026761796487192
 205.01236861267196 0.18120584168859402
 207.90385657583792 0.18227646485378113
 210.82760840826484 0.18335584631443602
 213.78555994210836 0.18438094788636256
 216.77706589998326 0.1853532201555721
 219.80277155927473 0.18624496297702745
 222.86332219736806 0.1871110484956382
 225.9587178142632 0.1879406322457719
 229.08895840996016 0.188671205025021
 232.25533453922935 0.18943881688730096
 235.45849147945606 0.19058863144740568
 238.69713867586978 0.19215803974563064
 241.97321196062623 0.1938657616567831
 245.28671133372535 0.19549270517542117
 248.63763679516717 0.19692790445378924
 252.0266336223369 0.19816634471895753
 255.4543470926198 0.1992116902131882
 258.921422483401 0.20004246654377814
 262.4272145172954 0.2006399599047879
 265.97301374907335 0.20112135851087132
 269.55946545612005 0.20170284101235372
 273.18656963843557 0.20246953664174372
 276.8543262960199 0.203391575719474
 280.5646712610287 0.2045195158215862
 284.3163139786914 0.2057771651848796
 288.1105450037786 0.20700645862439182
 291.9473643362903 0.2081971280529073
 295.8280625309969 0.2094327603300596
 299.75263958789833 0.21072572749699817
 303.7217407843799 0.2117935368541384
 307.7360113978267 0.21241178144533454
 311.79480615085373 0.2125911087005804
 315.9000608756164 0.21252065324210898
 320.0511302947297 0.2124647325466047
 324.249304962964 0.2127061404981044
 328.4945848803192 0.21332110131438262
 332.7876153241807 0.21402211398565218
 337.12904157193356 0.21456807083176407
 341.51950890096305 0.21494078642811318
 345.9590173112692 0.2151355061856163
 350.4488573576224 0.21513611206315078
 354.9890290400227 0.21497324009040733
 359.57953235847003 0.21476814607469386
 364.2223031451202 0.21490403526388335
 368.9166961225878 0.21566206100616164
 373.6640018456433 0.21690651580448903
 378.4642203142868 0.21812117756704932
 383.3179968059035 0.21887450097530245
 388.22597659787857 0.21939540237881486
 393.18880496759726 0.22008552587645233
 398.2071271924448 0.220921728395199
 403.2815885498063 0.22157778682576465
 408.4128343170671 0.22180659892248927
 413.6008644942272 0.22165537378608657
 418.8463243586717 0.22124647721148005
 424.1505044651712 0.22075145698782722
 429.51405009111085 0.22049653425864868
 434.9363159591054 0.22056019177635175
 440.4192379013105 0.22077801303578082
 445.96346119511145 0.22099817998178803
 451.56834056312294 0.22103942003012955
 457.23581183750065 0.22089450258258408
 462.9658750182446 0.22077383013231336
 468.75917538274007 0.22082547710866218
 474.61635820837216 0.220817849989735
 480.5380687725261 0.22027939372331404
 486.5255976299725 0.21902240574676815
 492.5789447807111 0.21714800549297286
 498.6987555021273 0.21481028957398174
 504.8863203489915 0.21225350680912783
 511.1416393213036 0.2096946231079451
 517.465357696449 0.20717161973141454
 523.858766029198 0.2047914372996805
 530.3225095969359 0.20265941664214082
 536.8565883996627 0.20047161734591043
 543.4622929921487 0.19768440600661297
 550.1402686517791 0.19406778999691313
 556.8911606559394 0.1898951084013809
 563.7162595594 0.18551257256057155
 570.6149200847755 0.1809993710400512
 577.5890780642214 0.1762811607290853
 584.6393787751233 0.17121888070230637
 591.765822217481 0.16570463494157714
 598.9703442234502 0.15981753747179223
 606.2522995156456 0.1537299539647087
 613.613623926223 0.1474448093244453
 621.0549627325676 0.140777534114383
 628.5763159346792 0.13381182539458233
 636.1789740873285 0.12685110217777243
 643.8635824679005 0.11978146212736074
 651.6333674633215 0.11257536468462358
 659.4799404675834 0.10545757823945724
 667.4168523057762 0.09851481997566548
 675.4376502040473 0.09142717091007795
 683.548786936249 0.08407094393240296
 691.7373569546771 0.07679296314426313
 700.022718580888 0.06994803896291854
 708.3919662671773 0.06355970104863776
 716.8515527873972 0.05750219103338066
 725.4014781415478 0.051828579861885896
 734.0417423296291 0.046539500202833234
 742.7723453516411 0.04158229404438486
 751.5997399814358 0.03701927281486814
 760.5239262190134 0.03294115112365653
 769.5319985166694 0.029235017275222784
 778.6433151959606 0.025867564940309503
 787.8514234830344 0.02285176287062745
 797.1563233778912 0.020069103985082996
 806.5515621066787 0.0174134236320271
 816.0564979909533 0.014908626543380958
 825.6517727091586 0.012550213502227755
 835.356744582851 0.010321164063766498
 845.1585080643264 0.008284155536342378
 855.0635159274366 0.006526904735394128
 865.0717681721819 0.0050710204392909195
 875.1832647985625 0.0038429341256692277
 885.4044585804301 0.002754862469844338
 895.7288967439326 0.0017720022059455832
 906.1630320629225 0.0008987033052086702
 916.7068645373996 0.0001571494461517615
 927.3539413935118 -0.0003835546341806227
 938.1171681789633 -0.0007135155097660849
 948.9836393460498 -0.0008664149625345394
 959.972713216328 -0.0008592009600331189
 971.0650314682412 -0.0007388868107754054
 982.2799524233458 -0.0005528748176252338
 993.6045705339378 -0.00028393034976601417
 1005.0453385738691 0.00019023260354250452
 1016.6087093169921 0.0009755036494517706
 1028.2817772156022 0.0019736455912034937
 1040.077447817404 0.002952010486901178
 1051.9957211223975 0.003671209276502186
 1064.0301443567303 0.004001100947230178
 1076.1936230681067 0.003949824091402442
 1088.4732517088228 0.00359061332673097
 1100.8819358265825 0.0030182891174204206
 1113.4132226475338 0.0023349013436758845
 1126.0671121716766 0.0016440890372184868
 1138.8565099467157 0.0010049614251104698
 1151.768510424946 0.00025459479894754817
 1164.8095663802203 -0.0009804023421956971
 1177.9796778125383 -0.002667933442181084
 1191.2852974957525 -0.004148548176238633
 1204.7199726560102 -0.004859791058810809
 1218.290156067164 -0.004827202478444822
 1231.995847729214 -0.004436928588915471
 1245.8370476421594 -0.0039785550306031476
 1259.8137558060012 -0.0033766165938636564
 1273.925972220739 -0.0023433118104899658
 1288.1736968863727 -0.0008835444072945478
 1302.5698353506066 0.0006121145100102054
 1317.1014820657365 0.001829040953053223
 1331.7750898056145 0.0026574080794948213
 1346.590658570241 0.0029248038301516468
 1361.5481883596153 0.002464898449536723
 1376.6541319475903 0.0014416284915347319
 1391.9084893341653 0.0004369143444749553
 1407.3048077454887 0.0002486112039058403
 1422.8495399554124 0.0012549921794990457
 1438.5491387377886 0.002971867720473184
 1454.390698544913 0.004236300852555672
 1470.393577698342 0.0040502343725921834
 1486.5384178765191 0.002659432600651645
 1502.8445774010013 0.0010425051038764623
 1519.2991507240836 -0.0005142570309339603
 1535.9085906196185 -0.0017699018123208759
 1552.6793498614581 -0.0014652791549417323
 1569.6049756757502 0.0008355796638682932
 1586.691920836347 0.0034627334717893606
 1603.9337325693966 0.005109243450177055
 1621.343316422603 0.006060872977557696
 1638.9077668482619 0.006530081822254489
 1656.6399893940775 0.006507666094177416
 1674.533531286198 0.00592097906187811
 1692.588392524623 0.004216392885172932
 1710.8110258832053 0.001219234776111262
 1729.2078841357968 -0.002710396018769938
 1747.7660617346928 -0.006769787580987349
 1766.4920114537454 -0.008846268661403813
 1785.3857332929556 -0.007218340457211674
 1804.4536800261744 -0.0029565596338255364
 1823.6958516534023 0.002059861130155994
 1843.1057954007874 0.007036905698607167
 1862.6964168160334 0.010637025485021576
 1882.454810351437 0.011563808810591705
 1902.3938815547015 0.010692580957016277
 1922.5071776519749 0.009250807439831836
 1942.7946986432576 0.007611050592128772
 1963.2693500762539 0.006829362859088555
 1983.918226403259 0.007648802095969867
 2004.7477803981258 0.008819267460366351
 2025.7580120608534 0.009299920141498228
 2046.9489213914428 0.009611679877276975
 2068.3269611637456 0.009390713261540519
 2089.885678603909 0.00790944040520175
 2111.6315264857867 0.005069777916228193
 2133.564504809378 0.0008787739192268582
 2155.6781608008296 -0.002481076227210937
 2177.985400007848 -0.0023632485457408528
 2200.4797696565793 -0.00021800020889361604
 2223.161269747024 0.0013688245545597122
 2246.036353053035 0.0024817470449308193
 2269.0985668007584 0.0036876047462513105
 2292.3479109901964 0.005024193736093824
 2315.7972911690513 0.006385153250431021
 2339.4402545634725 0.0070926545420877535
 2363.270348399607 0.0064849104565224795
 2387.3004782251596 0.004886856269000955
 2411.5241912662777 0.0032272671432477464
 2435.9414875229613 0.002261891805303784
 2460.558819769063 0.002200387868971479
 2485.36973523073 0.0024438319457698757
 2510.3806866818154 0.002781786017380519
 2535.5852213484663 0.003564674652001126
 2560.996244778387 0.004143637076973592
 2586.600851423874 0.003603858209399345
 2612.4119468326303 0.00212156947713109
 2638.423078230805 0.0004207923875454937
 2664.6277928445447 -0.0006595789506464632
 2691.0389962215554 -0.0008088347161347528
 2717.656688361835 -0.0006634990586741471
 2744.4744164915332 -0.00042714813605944585
 2771.4921806106495 0.00027285335803914996
 2798.7164334930358 0.0013235507413292508
 2826.147175138691 0.002257347698646533
 2853.7779527737653 0.0028064569333614902
 2881.61521917211 0.0030186375126626712
 2909.6589743337236 0.0030672347082660073
 2937.9027654847555 0.003064086680302907
 2966.3594981729093 0.0030609194748385795
 2995.0162668504818 0.0030630542924808984
 3023.8859770651757 0.0030652259697005265
 3052.9557232692882 0.003073043377052677
 3082.23195823667 0.003080280674486429
 3111.7211347411744 0.003093168938449463
 3141.410347235097 0.0031062193151545937
 3171.312501266141 0.0031137746899748686
 3201.421144060456 0.0031270155641832283
 3231.7362756180405 0.0031456784445360506
 3262.257895938895 0.003164484806955911
 3292.9860050230204 0.003183433732436075
 3323.9206028704148 0.003202193106241675
 3355.068142254932 0.003221423500078752
 3386.4157176288672 0.0032407981779713573
 3417.976234539924 0.0032603072740949165
 3449.736787440399 0.0032799588072507336
 3481.7102818779967 0.003299743081482296
 3513.8838123050114 0.0033250661249317787
 3546.2702842691488 0.003355997801116594
 3578.856792222704 0.0033762709249397127
 3611.6562417133814 0.0033966058401416893
 3644.6557271934767 0.003428396618521456
