 0. 0.
 0.25761715165407756 0.00003780909215366276
 0.7758801355213893 0.000572424583998624
 1.300240758970049 0.0025583419459755973
 1.8307730823998298 0.007062923640864808
 2.3675355745473956 0.015102276979281475
 2.910619186780888 0.027489934058698248
 3.4600888843632682 0.04472183711052106
 4.016016129083789 0.06692696504425176
 4.578478879258003 0.09388325883867747
 5.14755509320146 0.12508044035362487
 5.723329225756009 0.15980640459951795
 6.305859745658311 0.1972374718773792
 6.895218114697623 0.23651921106272664
 7.491534263399861 0.2768305986208423
 8.094866660501689 0.3174288624593205
 8.70528027126607 0.35767567465896016
 9.322840060955956 0.3970475758644502
 9.947740925360229 0.4351349476017689
 10.579917899215932 0.47163385932955404
 11.219500913048979 0.5063342685347836
 11.866619897385288 0.5391064816732858
 12.521339817487823 0.569887209307377
 13.183790603882498 0.598666169340886
 13.853972256569316 0.6254740341468094
 14.532014706074191 0.6503713052443921
 15.218047882923045 0.6734391432082304
 15.912136752378837 0.6947720421358902
 16.614346279704527 0.7144724013757096
 17.32480639542603 0.7326454661663051
 18.043647030069266 0.749396165536262
 18.770868183634235 0.7648265299222159
 19.506664751909817 0.7790347952404315
 20.251036734896008 0.7921147177650691
 21.004243993644646 0.8041536768679998
 21.766221562892774 0.8152311993719935
 22.537099373166306 0.825420066285828
 23.317072320254123 0.8347878938544429
 24.106205369419182 0.8433993997308282
 24.904563485924445 0.8513172462027732
 25.712341565558788 0.8586015658778193
 26.529539608322214 0.8653068522846247
 27.35628754474063 0.8714787977726534
 28.19278027060293 0.8771538718988019
 29.039082751172064 0.8823616930026309
 29.895259951710987 0.8871284011133612
 30.761506768008584 0.8914771322649198
 31.637888165327812 0.8954286509160021
 32.52453407419459 0.8990045120503808
 33.42157442513483 0.9022298016638404
 34.329139148674464 0.9049714484176077
 35.24729321007644 0.9077450843210433
 36.17623150512964 0.9100960004974058
 37.116018999097015 0.912218296821431
 38.066850587767455 0.9141408011076021
 39.02879123640391 0.9158818535377113
 40.00197087553231 0.9174477783123763
 40.98651943567856 0.9188390497466434
 41.98263181263154 0.9200572488906673
 42.990437936917175 0.9211084891383785
 44.01000277379841 0.9220048918742948
 45.04145625380119 0.9227644283685051
 46.084993272714364 0.9234071779579714
 47.14074376106387 0.9239526402612658
 48.20883764937561 0.9244180487250718
 49.28940486817552 0.9248143125954553
 50.38264031325246 0.9251455426028181
 51.4886089498694 0.9254138468140326
 52.60750567381522 0.9256230197494698
 53.73952538087878 0.9257779099629367
 54.88473303632307 0.9258852632684257
 56.043323535936935 0.925954987580238
 57.21542681024632 0.9259962529892698
 58.401237755040086 0.926012274297502
 59.60088630084415 0.9259948827458027
 60.8145673434474 0.9259222598420404
 62.04234584811279 0.9257669480151991
 63.28448167589215 0.9255092895416912
 64.54116972257437 0.9251417480824473
 65.81240998815944 0.9246621628689229
 67.09872219475105 0.9240705339011179
 68.39997641182326 0.9233760312699283
 69.71617263937608 0.9225998410474241
 71.0479605300391 0.9217645195491426
 72.39469043118274 0.9208840854197866
 73.75766164806616 0.9199630710031323
 75.1362245280598 0.918996048026983
 76.53102872379321 0.917969366758338
 77.94207423526642 0.9168598911632702
 79.37001071510902 0.9156440108928062
 80.81418851069141 0.9143169300948107
 82.27460762201359 0.9128985172995584
 83.75256735433474 0.9114201827034513
 85.24806770765488 0.9099153918680927
 86.7604590293444 0.908416082006603
 88.29039097203291 0.9069327407516734
 89.83851318834996 0.9054501373201493
 91.404176025666 0.9039522504037985
 92.98867878924021 0.9024463001316599
 94.59137182644298 0.9009552644326453
 96.21225513727431 0.8995003001141185
 97.85197837436381 0.8980284243866791
 99.51119119034107 0.8965694313041285
 101.18924393257647 0.8951121246750758
 102.88743590632922 0.8936513924373554
 104.60511745896973 0.8921547703611282
 106.34228859049799 0.8905699783879532
 108.09959895354359 0.8888522200967867
 109.8776982007361 0.8869995455257714
 111.67658633207559 0.8850600713012754
 113.4956136949324 0.8830920854723272
 115.33672924719534 0.8811295279155759
 117.1979840309756 0.8791756661346742
 119.08197665679157 0.8772088924441777
 120.9867581667545 0.8751862022798845
 122.91427751875312 0.8730707571731954
 124.86388506015788 0.8708573923602724
 126.83623044359834 0.868565396653
 128.8313136690745 0.8662096846245024
 130.8491347365864 0.8637619027753424
 132.89099295139314 0.8611707196771714
 134.95558900823565 0.858426807134078
 137.0448718650026 0.8555743291470439
 139.15754221643488 0.85267600070553
 141.2955490204212 0.849766815719622
 143.45759297170244 0.8468233219453619
 145.64432372290818 0.8438054661121697
 147.85704057929757 0.8407148819718714
 150.09509388824105 0.83759257142514
 152.3584836497386 0.8344902348120269
 154.6485091690494 0.8314334851450345
 156.96452079354387 0.8283963404999575
 159.30781782848118 0.8253277856584784
 161.67775062123178 0.822192879412183
 164.0749688244252 0.8189943095463341
 166.4994724380615 0.8157644348874266
 168.95256076739986 0.8125444154411485
 171.43293450718102 0.809345160453566
 173.94254261529383 0.8061435865924235
 176.48138509173828 0.802936320950725
 179.04881228388476 0.7997316376909455
 181.64547384436284 0.7965172046218799
 184.27266907843176 0.793268251957775
 186.92974833346187 0.7899704448438968
 189.61736126208282 0.7866431247938017
 192.33550786429458 0.7833574917661129
 195.0854874453563 0.780196708998956
 197.86665035263846 0.7771799599008719
 200.6796462387706 0.7742733572968828
 203.52447510375274 0.7714470720407411
 206.40243625284404 0.7687125232262316
 209.31352968604455 0.765946493149975
 212.2571057507246 0.7632722522170221
 215.23511340477307 0.7605828332025864
 218.24690299556028 0.7577123839454631
 221.29312417571583 0.7545491769014027
 224.37442659786936 0.7511108671304632
 227.49081026202083 0.747469603221361
 230.64227516817027 0.7436852542732786
 233.8301206215768 0.7398176366837271
 237.05499627487012 0.7358947877421127
 240.31560282279094 0.7318412913560667
 243.61388922322809 0.7275591751176834
 246.94985547618157 0.7230771087364307
 250.32350158165136 0.7184712461280826
 253.73547719226704 0.7137055920507887
 257.1864319606583 0.7087518984084558
 260.67701553945454 0.703692537914132
 264.2065782760264 0.6985156526916588
 267.7764194756329 0.6931392916413626
 271.3871887909036 0.687609621427754
 275.0388862218387 0.681928644714362
 278.731511768438 0.6760572568606993
 282.4670143885904 0.6700673956487945
 286.24409477703665 0.6639999048743049
 290.06405223903596 0.6577276681048106
 293.9268867745883 0.6512542163523235
 297.8338976889529 0.6447397099974916
 301.7850849821298 0.6382121336280494
 305.78109830674845 0.6317205525004576
 309.82258731543845 0.625269498958492
 313.90890235557043 0.6188142292827813
 318.04199238503287 0.61245413882637
 322.2212077511964 0.606318662895238
 326.44784775932015 0.6002451114284895
 330.72191240940407 0.5939470508398056
 335.0440513540778 0.5874672221850284
 339.41491424597086 0.5807980891250889
 343.8351507377129 0.573913248122407
 348.304760829304 0.5668665602855785
 352.8250438260031 0.5596309896569619
 357.3959997278104 0.552342295743155
 362.01762853472593 0.5451554214592962
 366.6918792046384 0.5379040403291349
 371.41810208491813 0.5305043566944837
 376.19759648082436 0.5230557395575514
 381.0303623923572 0.5153946292798576
 385.91704947214606 0.5072671144767604
 390.85830737282066 0.4987187979048823
 395.8547857470106 0.4900264055025939
 400.90713424734537 0.48149288979849175
 406.01600252645466 0.4728639110795694
 411.182040236968 0.46430552848837436
 416.40524737888546 0.4556830501239169
 421.68627360483646 0.44712890474713596
 427.0264182200804 0.4385116174973524
 432.4263308772468 0.4297198771735239
 437.885361923706 0.42076366547229244
 443.4054603173468 0.4117700092332358
 448.9872757107989 0.4028356265644705
 454.6301584514325 0.39366797048574653
 460.3360574971366 0.3841738328202905
 466.10497284791103 0.3744936002814854
 471.93755415638554 0.3646767281181633
 477.8344510751895 0.35463297525767384
 483.7963132569527 0.3442217863412842
 489.8244400069343 0.33355554241397434
 495.9188313251342 0.32281015638609867
 502.08013686418207 0.31211125850293175
 508.30965592933705 0.3015290421211652
 514.6073885205991 0.29113929751503737
 520.9739842905981 0.2810242603732498
 527.4107425445928 0.27105154409620097
 533.918312935213 0.26095193273375394
 540.4966954624588 0.25073820117115675
 547.1471894315891 0.24060779622186765
 553.8704444952339 0.23045947270416114
 560.6671103060223 0.2200203308210403
 567.538486169214 0.2093684691799691
 574.4839224321792 0.19883283580592057
 581.5053680528064 0.18846477793774497
 588.6034726837255 0.17817857630623382
 595.7782363249364 0.16805182885296874
 603.0316079343279 0.15800912475574844
 610.3629378592705 0.14802637408038588
 617.7741750576528 0.1382817295582874
 625.2659691821045 0.12892744104916196
 632.8383202326256 0.12002681380119469
 640.4925275144752 0.11150751476981836
 648.229240680283 0.1034000160616769
 656.0517079931969 0.09577432130744333
 663.9514839690322 0.08851038136888827
 671.9422113130103 0.08154489099782648
 680.0173934988354 0.07487244827289687
 688.1835270528032 0.06843140804857638
 696.4276189223222 0.06232915525135706
 704.7691586862799 0.056624362652471484
 713.1951532920845 0.05120033346703452
 721.7120992660318 0.04612590503772188
 730.3199966081222 0.04148722984148443
 739.0188453183553 0.037265596676760646
 747.8086453967312 0.03335576241300111
 756.6958933695458 0.029689841499723077
 765.6805892367994 0.026285837882052285
 774.7497399458998 0.02319596679537374
 783.9228350757348 0.02038484328319684
 793.1933781000087 0.017805952322960172
 802.5613690187212 0.015507880112927511
 812.0203113055767 0.013505213421824048
 821.5896945394626 0.011743461356075765
 831.2500291414916 0.010187418144876222
 841.0208046905509 0.008753297616339108
 850.8890281340492 0.007404641807935643
 860.861195998282 0.006217139279677624
 870.9373082832495 0.00520059212090943
 881.1173649889519 0.00429237203642031
 891.4078626416847 0.0034615373476704478
 901.8023047151521 0.002752883000056523
 912.3071877356502 0.002203285196574852
 922.9225117031789 0.0017889237301947514
 933.6417800914423 0.0014682002754235336
 944.4779859530322 0.001210764466479155
 955.4181362353567 0.0009918834087784274
 966.4817205173038 0.0008089883174337008
 977.6492492199853 0.0006700092130031098
 988.9402119222893 0.0005673947364405172
 1000.3416155716241 0.00048807380856181586
 1011.8599566942852 0.0004236383624841641
 1023.5017318165687 0.00036904497996896244
 1035.253947885883 0.00032160427362277815
 1047.1295979548195 0.0002792126404045792
 1059.1286820233786 0.00023899215796017873
 1071.2447035652642 0.0001989782766096308
 1083.4906556330682 0.00016188590189586147
 1095.8535451741984 0.00013226318282641325
 1108.3463652412472 0.00011118540742184694
 1120.9626193079184 0.00009643440447676994
 1133.7023073742118 0.00008548490487395139
 1146.57842249272 0.0000771296029049317
 1159.5779716108502 0.00007113496692156037
 1172.7074512548988 0.00006736840478771587
 1185.9668614248658 0.00006555778615080976
 1199.362698647047 0.00006579427636195346
 1212.8884663951465 0.00006603306036757965
 1226.5506611954604 0.00006727321502808206
 1240.3492830479886 0.00006836284317354393
 1254.2843319527308 0.00006808846245956896
 1268.3558079096874 0.00006516304535874169
 1282.5637109188583 0.000059303894833274615
 1296.9080409802434 0.000051782284826843954
 1311.4017911464348 0.000044732829702111904
 1326.0319683648402 0.00003761701932967966
 1340.805069161756 0.000030483513920802005
 1355.7210935371818 0.000023311119421274706
 1370.7800414911178 0.000017479839647930736
 1385.9884095498599 0.00001363606324067537
 1401.3461977134082 0.000011302306728656176
 1416.8469094554666 0.000009811794357242646
 1432.4970413023311 0.00000882942149216011
 1448.3030897802976 0.000008217347964807595
 1464.2520618367744 0.000007835381530970978
 1480.3634470506488 0.0000075497326725450494
 1496.6177558430336 0.000007269580071472798
 1513.0344777928162 0.000006891172054517189
 1529.6006198474051 0.0000063091880196712265
 1546.322678533096 0.000005511785374261169
 1563.2071503761847 0.000004588388051515827
 1580.2475388503756 0.0000036423636875897142
 1597.4503404819643 0.0000027547349895058047
 1614.809058744655 0.0000019702891555150225
 1632.3366866910396 0.0000012615682983912662
 1650.0202312685262 5.914048802964232E-7
 1667.8726855297064 2.1239011953353214E-8
 1685.887552948285 -3.350048014977406E-7
 1704.064833524261 -3.302726517705553E-7
 1722.4110237839311 -3.254965292439035E-7
 1740.9326202535913 -6.662461028287691E-8
 1759.616629880649 2.659713295503397E-7
 1778.4695491914006 6.379428807867422E-7
 1797.4913781858463 0.0000010353819457501094
 1816.6886133902815 0.0000014249730466583597
 1836.0612548047063 0.0000017764378082131505
 1855.6028059028254 0.0000020642283571783325
 1875.3262597372297 0.0000022278154532299086
 1895.2186232553283 0.0000022501794603666464
 1915.2928895097127 0.0000022109715773041816
 1935.5425619740863 0.000002119595784957995
 1955.96764064845 0.0000018947019408181227
 1976.5811185853954 0.0000015980199873975413
 1997.3700027323302 0.0000015477351808001771
 2018.3407896155509 0.0000016234069268075796
 2039.4934792350573 0.0000016997350572289242
 2060.8280715908495 0.0000018760405423364815
 2082.351063209223 0.000002019685589281291
 2104.055957563882 0.000002203300374656335
 2125.949251181123 0.000002454072320707955
 2148.030944060946 0.000002758651725053489
 2170.2945396770538 0.0000030911077314077
 2192.75303108204 0.0000033658144579245295
 2215.399921749607 0.000003376900043784311
 2238.2352116797556 0.0000030016526776550603
 2261.265397398782 0.000002623202631302797
 2284.48398238039 0.00000221950134288758
 2307.89096662458 0.000001938555107339454
 2331.4993431839425 0.0000017980493408797007
 2355.302615532183 0.0000016795582221742176
 2379.2942871430055 0.0000015130839704355522
 2403.4873510690013 0.0000012983666083166374
 2427.8753107838743 0.0000010400559516201153
 2452.458166287625 7.521250581028878E-7
 2477.242414106549 4.769009856246776E-7
 2502.2215577143506 2.2400006067704566E-7
 2527.402093637326 -2.1994859330536454E-8
 2552.777525349178 -2.743552221763195E-7
 2578.3608459025 -5.209739550086511E-7
 2604.1390622446993 -6.960790435969237E-7
 2630.125167428368 -7.648677426295759E-7
 2656.3126649272103 -7.832465020452687E-7
 2682.6950582149298 -7.958407259624513E-7
 2709.285340344119 -7.929757580575612E-7
 2736.0835113147773 -7.900883911854207E-7
 2763.083074600609 -7.56762120100951E-7
 2790.2840302016143 -6.973620657972812E-7
 2817.692874644089 -6.22543504983816E-7
 2845.3096079280326 -5.438527942370233E-7
 2873.12773352715 -4.681672803818527E-7
 2901.153747967737 -3.9876161868775375E-7
 2929.387651249793 -3.369483021299633E-7
 2957.8229468470226 -2.8298998530047723E-7
 2986.4726278120174 -2.3656862942038836E-7
 3015.3237010921857 -1.97059498331657E-7
 3044.389159740119 -1.6370333485893338E-7
 3073.656010703226 -1.3571247035559182E-7
 3103.130750507802 -1.1233191121153251E-7
 3132.819875680144 -9.287091769493355E-8
 3162.710393167659 -7.671612666853308E-8
 3192.815296022939 -6.333376505984558E-8
 3223.1280877196887 -5.2265903299312464E-8
 3253.6487682579072 -4.3123642575186466E-8
 3284.3773376375957 -3.557920431259203E-8
 3315.3137958587536 -2.9357868398787712E-8
 3346.4581429213804 -2.423036622385619E-8
 3377.816875351773 -2.0005987829047516E-8
 3409.3770000973386 -1.6526502768935156E-8
 3441.1515102106696 -1.3660893633351418E-8
 3473.1274126391736 -1.1300850581463905E-8
 3505.317700435444 -9.356953632669195E-9
 3537.709380546886 -7.755456283561897E-9
 3570.315446026095 -6.4355940335550325E-9
 3603.1229038204765 -5.347336658577075E-9
 3636.144746982624 -4.335384874784538E-9
