 0. 0.
 0.25761715165407756 0.0032180682901555404
 0.7758801355213893 0.011670385828348739
 1.300240758970049 0.024400055799221186
 1.8307730823998298 0.04056361536989583
 2.3675355745473956 0.059426554311525694
 2.910619186780888 0.08035935068665881
 3.4600888843632682 0.10283477924500539
 4.016016129083789 0.1264219030360855
 4.578478879258003 0.15077618914202112
 5.14755509320146 0.17562731108717372
 5.723329225756009 0.2007662969483168
 6.305859745658311 0.2260332155703143
 6.895218114697623 0.25130598584241004
 7.491534263399861 0.2764908075082284
 8.094866660501689 0.3015146047640356
 8.70528027126607 0.3263194591666349
 9.322840060955956 0.35085831792574734
 9.947740925360229 0.375091565757065
 10.579917899215932 0.3989845378229706
 11.219500913048979 0.4225062535067148
 11.866619897385288 0.4456289064620214
 12.521339817487823 0.46832788131170894
 13.183790603882498 0.49058187186832897
 13.853972256569316 0.5123731127281013
 14.532014706074191 0.5336875144479135
 15.218047882923045 0.5545147164652464
 15.912136752378837 0.5748477544078956
 16.614346279704527 0.594682569479771
 17.32480639542603 0.6140174252113011
 18.043647030069266 0.6328523150544085
 18.770868183634235 0.6511880874090289
 19.506664751909817 0.6690256383466359
 20.251036734896008 0.6863655622286292
 21.004243993644646 0.7032082282972264
 21.766221562892774 0.7195540993025885
 22.537099373166306 0.7354044234764162
 23.317072320254123 0.7507619490246952
 24.106205369419182 0.765631270507481
 24.904563485924445 0.7800182316642281
 25.712341565558788 0.7939290786130072
 26.529539608322214 0.8073701639203963
 27.35628754474063 0.820349273920658
 28.19278027060293 0.8328760045714281
 29.039082751172064 0.8449618320198914
 29.895259951710987 0.8566190390850847
 30.761506768008584 0.8678599834214162
 31.637888165327812 0.8786965755855844
 32.52453407419459 0.8891403323125652
 33.42157442513483 0.8992023920345807
 34.329139148674464 0.9088931735111645
 35.24729321007644 0.9182224289906579
 36.17623150512964 0.9271995763516341
 37.116018999097015 0.935834121978759
 38.066850587767455 0.9441354656620093
 39.02879123640391 0.9521124068638395
 40.00197087553231 0.9597731453083441
 40.98651943567856 0.9671260770648205
 41.98263181263154 0.9741804430400469
 42.990437936917175 0.9809466790912427
 44.01000277379841 0.9874362153174375
 45.04145625380119 0.9936598114404531
 46.084993272714364 0.9996261945259329
 47.14074376106387 1.005341906067709
 48.20883764937561 1.0108127278945649
 49.28940486817552 1.0160443472941656
 50.38264031325246 1.0210417464777626
 51.4886089498694 1.0258095179089588
 52.60750567381522 1.0303532293656912
 53.73952538087878 1.0346802638046548
 54.88473303632307 1.038798999797596
 56.043323535936935 1.0427175552877905
 57.21542681024632 1.0464424075764738
 58.401237755040086 1.049977699916946
 59.60088630084415 1.0533258471046452
 60.8145673434474 1.056489511467618
 62.04234584811279 1.0594726603169677
 63.28448167589215 1.062279850704433
 64.54116972257437 1.0649156030066849
 65.81240998815944 1.0673828104966478
 67.09872219475105 1.0696836112642218
 68.39997641182326 1.0718211162562603
 69.71617263937608 1.0737987830225588
 71.0479605300391 1.0756183357951492
 72.39469043118274 1.0772801056225543
 73.75766164806616 1.0787853899628304
 75.1362245280598 1.0801388409030803
 76.53102872379321 1.0813490153301493
 77.94207423526642 1.082426121075138
 79.37001071510902 1.083380199924529
 80.81418851069141 1.0842200339813604
 82.27460762201359 1.0849530625836794
 83.75256735433474 1.0855866228288922
 85.24806770765488 1.0861275642180883
 86.7604590293444 1.0865798765704724
 88.29039097203291 1.0869466869209523
 89.83851318834996 1.0872334265289556
 91.404176025666 1.0874457475333175
 92.98867878924021 1.0875881051483993
 94.59137182644298 1.0876654528162522
 96.21225513727431 1.0876832694495144
 97.85197837436381 1.08764547921465
 99.51119119034107 1.0875532282757439
 101.18924393257647 1.0874073607302328
 102.88743590632922 1.0872105764449487
 104.60511745896973 1.0869671638234633
 106.34228859049799 1.0866824634904497
 108.09959895354359 1.0863610804289614
 109.8776982007361 1.086005583815538
 111.67658633207559 1.085617806204184
 113.4956136949324 1.0851993341458472
 115.33672924719534 1.0847508201641713
 117.1979840309756 1.0842720548905227
 119.08197665679157 1.0837616700750308
 120.9867581667545 1.0832162005267714
 122.91427751875312 1.0826300288273976
 124.86388506015788 1.0819961908603417
 126.83623044359834 1.0813086371968088
 128.8313136690745 1.080564305106723
 130.8491347365864 1.079763422782512
 132.89099295139314 1.0789074701948922
 134.95558900823565 1.077995030353944
 137.0448718650026 1.0770234105073162
 139.15754221643488 1.0759939119503348
 141.2955490204212 1.074909344157149
 143.45759297170244 1.073770707005588
 145.64432372290818 1.0725799904189341
 147.85704057929757 1.0713413499963387
 150.09509388824105 1.0700575587619536
 152.3584836497386 1.0687280050586585
 154.6485091690494 1.067351793637167
 156.96452079354387 1.0659312194714998
 159.30781782848118 1.0644701115634
 161.67775062123178 1.0629681773820205
 164.0749688244252 1.061423535924151
 166.4994724380615 1.05983791191818
 168.95256076739986 1.0582148995423721
 171.43293450718102 1.0565607598452607
 173.94254261529383 1.0548854286997627
 176.48138509173828 1.0532043955248858
 179.04881228388476 1.0515309922032992
 181.64547384436284 1.0498638080086495
 184.27266907843176 1.0481909713516748
 186.92974833346187 1.0464977582653607
 189.61736126208282 1.044770292505612
 192.33550786429458 1.0429938109860644
 195.0854874453563 1.0411522664228
 197.86665035263846 1.039231770129969
 200.6796462387706 1.037226846562766
 203.52447510375274 1.0351409707777472
 206.40243625284404 1.032975974807867
 209.31352968604455 1.0307361184956587
 212.2571057507246 1.028431591310123
 215.23511340477307 1.026072842496033
 218.24690299556028 1.023674600102603
 221.29312417571583 1.0212548306068274
 224.37442659786936 1.0188246570193016
 227.49081026202083 1.0163775530914179
 230.64227516817027 1.0138896298718834
 233.8301206215768 1.0113310139398581
 237.05499627487012 1.0086732877805142
 240.31560282279094 1.0058993953353081
 243.61388922322809 1.0030053963171786
 246.94985547618157 0.9999918739639314
 250.32350158165136 0.9968602845819586
 253.73547719226704 0.993619840220868
 257.1864319606583 0.9902798085814076
 260.67701553945454 0.9868397997393314
 264.2065782760264 0.9832954300587928
 267.7764194756329 0.9796349822371925
 271.3871887909036 0.9758338226132467
 275.0388862218387 0.9718682488925025
 278.731511768438 0.9677260483999246
 282.4670143885904 0.9634072393549579
 286.24409477703665 0.9589226672171777
 290.06405223903596 0.9542908607727009
 293.9268867745883 0.9495349027537365
 297.8338976889529 0.9446789905674573
 301.7850849821298 0.9397327506601648
 305.78109830674845 0.9346988841505991
 309.82258731543845 0.9295967280401262
 313.90890235557043 0.9244492572598626
 318.04199238503287 0.9192489542401183
 322.2212077511964 0.9139583448672801
 326.44784775932015 0.9085468946267657
 330.72191240940407 0.9029935979542
 335.0440513540778 0.8972918702222026
 339.41491424597086 0.8914528273684318
 343.8351507377129 0.8854996112991157
 348.304760829304 0.8794616072678466
 352.8250438260031 0.8733402309243065
 357.3959997278104 0.8670881894597077
 362.01762853472593 0.8606695591967338
 366.6918792046384 0.8540690053516471
 371.41810208491813 0.8472524199445356
 376.19759648082436 0.8401915124823989
 381.0303623923572 0.8328842936713314
 385.91704947214606 0.8253516411047508
 390.85830737282066 0.8176293152920885
 395.8547857470106 0.8097303244182656
 400.90713424734537 0.8016430287515232
 406.01600252645466 0.7933565291660984
 411.182040236968 0.7848607124063467
 416.40524737888546 0.7761631290269964
 421.68627360483646 0.7672871767134749
 427.0264182200804 0.7582489850352263
 432.4263308772468 0.749029442874506
 437.885361923706 0.7395870976000849
 443.4054603173468 0.7299294948926044
 448.9872757107989 0.7201318913766924
 454.6301584514325 0.7102629399225734
 460.3360574971366 0.7003297106257709
 466.10497284791103 0.6902661700457182
 471.93755415638554 0.6799928804578448
 477.8344510751895 0.6694659371522451
 483.7963132569527 0.6586726605264179
 489.8244400069343 0.6476180668619114
 495.9188313251342 0.6363021763306858
 502.08013686418207 0.6247265045974216
 508.30965592933705 0.6129353532484418
 514.6073885205991 0.6009882669724891
 520.9739842905981 0.5889463195870264
 527.4107425445928 0.5768118834878665
 533.918312935213 0.5645335645816112
 540.4966954624588 0.5520558323540103
 547.1471894315891 0.5393364642635626
 553.8704444952339 0.5263479262696095
 560.6671103060223 0.5131200128384507
 567.538486169214 0.4997517624596067
 574.4839224321792 0.4863522133384497
 581.5053680528064 0.47296212043110414
 588.6034726837255 0.4595705245495058
 595.7782363249364 0.4462189706876561
 603.0316079343279 0.4329883079852175
 610.3629378592705 0.4198715921154499
 617.7741750576528 0.40679130662156227
 625.2659691821045 0.3937408259327506
 632.8383202326256 0.38075945219788804
 640.4925275144752 0.3678465162560288
 648.229240680283 0.354995437567271
 656.0517079931969 0.3422174923558082
 663.9514839690322 0.3295682967539505
 671.9422113130103 0.31712299542916905
 680.0173934988354 0.30493230116971576
 688.1835270528032 0.29301711277927145
 696.4276189223222 0.2813584694104941
 704.7691586862799 0.26994869111288883
 713.1951532920845 0.258824266367824
 721.7120992660318 0.2480221435414768
 730.3199966081222 0.23756971654117245
 739.0188453183553 0.22745192845552695
 747.8086453967312 0.21761851590682088
 756.6958933695458 0.2080616195264186
 765.6805892367994 0.19886237729982673
 774.7497399458998 0.19012948520597636
 783.9228350757348 0.1819555849424507
 793.1933781000087 0.17442292650445756
 802.5613690187212 0.16755200457547736
 812.0203113055767 0.16127849089278568
 821.5896945394626 0.15552808517626668
 831.2500291414916 0.15025729666262602
 841.0208046905509 0.14544024222983606
 850.8890281340492 0.14106936731641415
 860.861195998282 0.13713407240759504
 870.9373082832495 0.13364302599690267
 881.1173649889519 0.13061700197478426
 891.4078626416847 0.1280559486399273
 901.8023047151521 0.12593764212650602
 912.3071877356502 0.12422124212220789
 922.9225117031789 0.12285326109598414
 933.6417800914423 0.12177558898724716
 944.4779859530322 0.1209173051754667
 955.4181362353567 0.12020242924305367
 966.4817205173038 0.11956666996793142
 977.6492492199853 0.11895897861315784
 988.9402119222893 0.11833718640911972
 1000.3416155716241 0.11766811395455624
 1011.8599566942852 0.11693599486336079
 1023.5017318165687 0.11615018484066131
 1035.253947885883 0.115344214365586
 1047.1295979548195 0.11457802343019327
 1059.1286820233786 0.11394352591399967
 1071.2447035652642 0.11354937713916266
 1083.4906556330682 0.11347712161405211
 1095.8535451741984 0.11372540404535822
 1108.3463652412472 0.11418581506012719
 1120.9626193079184 0.1146873248376754
 1133.7023073742118 0.11506718231001566
 1146.57842249272 0.11520479479194455
 1159.5779716108502 0.11505100481723061
 1172.7074512548988 0.11466400137875576
 1185.9668614248658 0.11418024968042517
 1199.362698647047 0.11373369868184478
 1212.8884663951465 0.11339120754074217
 1226.5506611954604 0.11315165047374154
 1240.3492830479886 0.11301701935400388
 1254.2843319527308 0.11305659136157419
 1268.3558079096874 0.11336042468814676
 1282.5637109188583 0.11397652508534954
 1296.9080409802434 0.11487871461538271
 1311.4017911464348 0.11598363221772218
 1326.0319683648402 0.11724264762249972
 1340.805069161756 0.11866272800131943
 1355.7210935371818 0.12025786452154533
 1370.7800414911178 0.12197687768737704
 1385.9884095498599 0.12369773151932788
 1401.3461977134082 0.12529892782215438
 1416.8469094554666 0.12673667288773155
 1432.4970413023311 0.12805067800419123
 1448.3030897802976 0.12930495281215149
 1464.2520618367744 0.13055619379314967
 1480.3634470506488 0.13171939508957908
 1496.6177558430336 0.13259494955321321
 1513.0344777928162 0.13313046224875685
 1529.6006198474051 0.13345175587374866
 1546.322678533096 0.1337131816565973
 1563.2071503761847 0.13406234353916813
 1580.2475388503756 0.13460935789632114
 1597.4503404819643 0.13542988279934817
 1614.809058744655 0.1364733953570812
 1632.3366866910396 0.13745900835815175
 1650.0202312685262 0.13816082491951315
 1667.8726855297064 0.13854329530964776
 1685.887552948285 0.13842022984151447
 1704.064833524261 0.13735758507513499
 1722.4110237839311 0.1350162221396437
 1740.9326202535913 0.1313499532606807
 1759.616629880649 0.1267229127767733
 1778.4695491914006 0.12187899562942203
 1797.4913781858463 0.1175307639025178
 1816.6886133902815 0.11423181710272796
 1836.0612548047063 0.11213570241134571
 1855.6028059028254 0.11076083279883475
 1875.3262597372297 0.10968533118195109
 1895.2186232553283 0.10863405675649732
 1915.2928895097127 0.10742495619938336
 1935.5425619740863 0.10600311022519036
 1955.96764064845 0.10431884087227447
 1976.5811185853954 0.10280328571141173
 1997.3700027323302 0.10187811205430444
 2018.3407896155509 0.10141999947267838
 2039.4934792350573 0.10103297674888682
 2060.8280715908495 0.10055537311404371
 2082.351063209223 0.10011856930272749
 2104.055957563882 0.09971164175877938
 2125.949251181123 0.09929226069055652
 2148.030944060946 0.09863922041087216
 2170.2945396770538 0.09732634878733519
 2192.75303108204 0.0950024555264652
 2215.399921749607 0.09156849512766115
 2238.2352116797556 0.08770596943710637
 2261.265397398782 0.0843491994692882
 2284.48398238039 0.0819163946122793
 2307.89096662458 0.08046248165169304
 2331.4993431839425 0.07985028735926612
 2355.302615532183 0.07969019323544412
 2379.2942871430055 0.07976440244269956
 2403.4873510690013 0.07981485441451056
 2427.8753107838743 0.07945707285020859
 2452.458166287625 0.07831814143108826
 2477.242414106549 0.07623766401244117
 2502.2215577143506 0.07359129284817024
 2527.402093637326 0.07088167906245059
 2552.777525349178 0.06835495377503673
 2578.3608459025 0.06567066977039575
 2604.1390622446993 0.06201955953546905
 2630.125167428368 0.05684137939884735
 2656.3126649272103 0.05069006107305623
 2682.6950582149298 0.044517474399953634
 2709.285340344119 0.03863359791500381
 2736.0835113147773 0.03275799053550528
 2763.083074600609 0.026890667304196977
 2790.2840302016143 0.021478741963991507
 2817.692874644089 0.017046868222553278
 2845.3096079280326 0.013739591446741074
 2873.12773352715 0.011318910305862025
 2901.153747967737 0.009495532899826594
 2929.387651249793 0.008073004652642603
 2957.8229468470226 0.006932763395785969
 2986.4726278120174 0.006000621345037443
 3015.3237010921857 0.005227099055985876
 3044.389159740119 0.004577426315838678
 3073.656010703226 0.004026233180357535
 3103.130750507802 0.003554504762198026
 3132.819875680144 0.0031477041856476018
 3162.710393167659 0.002794546465975602
 3192.815296022939 0.002486160809016876
 3223.1280877196887 0.0022154971394803048
 3253.6487682579072 0.001976895913961786
 3284.3773376375957 0.0017657694493757713
 3315.3137958587536 0.0015783633465748222
 3346.4581429213804 0.0014115758907328067
 3377.816875351773 0.0012628202131739878
 3409.3770000973386 0.0011299189085876898
 3441.1515102106696 0.0010110225630634252
 3473.1274126391736 0.0009045469232312887
 3505.317700435444 0.0008091239884713612
 3537.709380546886 0.0007235637204794041
 3570.315446026095 0.0006468241342171266
 3603.1229038204765 0.0005779874726097725
 3636.144746982624 0.0005162413123632794
 3669.367982459944 0.00046086334801420935
 3702.799106778734 0.00041120907329371723
 3736.431623412697 0.00036670168453612726
 3770.278525414426 0.00032682373324662304
 3804.320323205032 0.00029111010277014837
 3838.576506363403 0.0002591421793614825
 3873.027585310652 0.0002305427349958334
 3907.6865530993705 0.00020497162433657623
 3942.553409729558 0.00018212198504755854
 3977.615162148623 0.00016171691987194357
 4012.8783068828616 0.0001435065639427623
 4048.3428439322734 0.00012726547137190965
 4084.0087732968586 0.00011279028322957442
 4119.876094976617 0.00009989763809419107
 4155.938312445253 0.00008842226781329193
 4192.201922229063 0.00007821529794535741
 4228.653931275455 0.00006914271195647508
 4265.3073326370195 0.00006108392454486838
 4302.155629787462 0.00005393052427620929
 4339.198822726781 0.000047585107734846285
 4376.430414928683 0.00004196022642967766
 4413.856902919461 0.00003697742950209402
 4451.471790172823 0.00003256638838628045
 4489.275076688764 0.000028664107063434204
 4527.266762467289 0.0000252142028852325
 4565.446847508393 0.000022166246951904964
 4603.81533181208 0.000019475175653192474
 4642.365718852053 0.000017100749126339316
 4681.091512102015 0.000015007063890100029
 4720.005704614559 0.000013162110300778011
 4759.101799863389 0.000011537372860921793
 4798.373301322208 0.00001010746878451234
 4837.820208991016 0.00000884982089376708
 4877.4425228698165 0.000007744362665793673
 4917.246739484901 0.000006773273421375747
 4957.2133692573825 0.0000059207389848186615
 4997.355405239856 0.000005172735682456368
 5037.666350906022 0.000004516837264115165
 5078.139709729586 0.000003942041195145168
 5118.781978236843 0.000003438612532775669
 5159.586659901499 0.0000029979441796061092
 5200.560251249849 0.000002612431728911759
 5241.683262703005 0.000002275361404195052
 5282.968687313559 0.000001980810094122993
 5324.410028555215 0.0000017235556560595578
 5366.007286427972 0.0000014989973053941135
 5407.753964405536 0.000001303084430234472
 5449.650062487906 0.0000011322531671444106
 5491.695580675081 9.83370057032733E-7
 5533.884022440768 8.536819418315987E-7
 5576.215387784965 7.407712246015069E-7
 5618.6896767076705 6.425165366785368E-7
 5661.306889208888 5.570574932311145E-7
 5704.054032236023 4.827636902695389E-7
 5746.944098841668 4.1820713489788856E-7
 5789.957599446936 3.6213788218513454E-7
 5833.107527104418 3.134625247071248E-7
 5876.380888761521 2.7122514327665794E-7
 5919.777684418249 2.3459049608571937E-7
 5963.297914074598 2.028292543786415E-7
 6006.935081204273 1.7530490164757512E-7
 6050.695682333572 1.514622454077483E-7
 6094.566724409901 1.3081730338208636E-7
 6138.554703959556 1.1294839518870603E-7
 6182.646627929946 9.74883233420944E-8
 6226.848992847366 8.411750060265051E-8
 6271.155302185522 7.255792372042552E-8
 6315.559059418116 6.256789003490148E-8
 6360.066761071444 5.393735599970099E-8
 6404.665414092915 4.6483885348820014E-8
 6449.361515008825 4.004909528898918E-8
 6494.148567292879 3.4495548813101543E-8
 6539.013577892483 2.970403942987846E-8
 6583.96953986023 2.5571222016737403E-8
 6628.990467090935 2.200753606981755E-8
 6674.14132484756 1.893540157038098E-8
 6719.357147867144 1.628764305208138E-8
 6764.572970886728 1.4006114399182947E-8
 6809.91872443223 1.2040503288220325E-8
 6855.32944324069 1.0347287730027664E-8
 6900.805127312111 8.888830736954026E-9
 6946.34577664649 7.632590043092668E-9
 6991.88642598087 6.550431826174678E-9
 7037.557005841168 5.618034316382286E-9
 7083.227585701465 4.814368884425518E-9
 7129.028096087681 4.121248610959112E-9
 7174.763641210939 3.522936238975223E-9
 7220.629116860113 3.005802349414527E-9
 7266.494592509289 2.558028416736999E-9
 7312.425033421424 2.1693471068191343E-9
 7358.355474333558 1.8308158385392453E-9
 7404.285915245692 1.5346179517452303E-9
 7450.281321420787 1.27388790004878E-9
 7496.3416928588385 1.0425562359646407E-9
 7542.402064296892 8.352112606634433E-10
 7588.397470471986 6.469740021915058E-10
 7634.522807172998 4.733830311458275E-10
 7680.583178611051 3.102859177975789E-10
 7726.708515312062 1.5373847625552377E-10
 7772.768886750116 4.1165507769546524E-17
