 0. 0.
 0.25761715165407756 0.25761715165407756
 0.7758801355213893 0.7757391597363655
 1.300240758970049 1.2991692968755115
 1.8307730823998298 1.8266319044160262
 2.3675355745473956 2.3561717143544563
 2.910619186780888 2.8852808633715634
 3.4600888843632682 3.411098176255653
 4.016016129083789 3.9306301301432485
 4.578478879258003 4.440950853709556
 5.14755509320146 4.939364444682771
 5.723329225756009 5.423517645444339
 6.305859745658311 5.891469110816003
 6.895218114697623 6.341717115174622
 7.491534263399861 6.773196781740683
 8.094866660501689 7.185254453497105
 8.70528027126607 7.577602669127647
 9.322840060955956 7.950270290210245
 9.947740925360229 8.303544778061138
 10.579917899215932 8.637919088431463
 11.219500913048979 8.954040644237475
 11.866619897385288 9.252667696854692
 12.521339817487823 9.534632383298154
 13.183790603882498 9.800809093933
 13.853972256569316 10.052090228748991
 14.532014706074191 10.289366802380156
 15.218047882923045 10.513514821439996
 15.912136752378837 10.725383739890312
 16.614346279704527 10.925791610296104
 17.32480639542603 11.11551931151
 18.043647030069266 11.29530754706814
 18.770868183634235 11.465853612693444
 19.506664751909817 11.627806316657901
 20.251036734896008 11.781766210675201
 21.004243993644646 11.928287437041698
 21.766221562892774 12.067882577381535
 22.537099373166306 12.201027501391712
 23.317072320254123 12.328164368446197
 24.106205369419182 12.449703936522175
 24.904563485924445 12.566029487374626
 25.712341565558788 12.677497750106836
 26.529539608322214 12.784439132063008
 27.35628754474063 12.887159104184017
 28.19278027060293 12.985940279041
 29.039082751172064 13.081047028687854
 29.895259951710987 13.172725946446457
 30.761506768008584 13.261207924940296
 31.637888165327812 13.346705847168222
 32.52453407419459 13.429417588108562
 33.42157442513483 13.509528785430595
 34.329139148674464 13.587213301279805
 35.24729321007644 13.662632067814764
 36.17623150512964 13.73593216363663
 37.116018999097015 13.807249353608013
 38.066850587767455 13.876711321349696
 39.02879123640391 13.944436745670155
 40.00197087553231 14.010531606283562
 40.98651943567856 14.075087105776202
 41.98263181263154 14.138180824069561
 42.990437936917175 14.199884568769544
 44.01000277379841 14.26027107105255
 45.04145625380119 14.319418141732688
 46.084993272714364 14.377404053409325
 47.14074376106387 14.434298766547373
 48.20883764937561 14.490160466087953
 49.28940486817552 14.545038332159866
 50.38264031325246 14.598976465254196
 51.4886089498694 14.652016656935796
 52.60750567381522 14.704205316621985
 53.73952538087878 14.755595549616165
 54.88473303632307 14.806244386396335
 56.043323535936935 14.85620354691016
 57.21542681024632 14.90551436093724
 58.401237755040086 14.954210769693224
 59.60088630084415 15.00232394368229
 60.8145673434474 15.049887824120088
 62.04234584811279 15.09694004650424
 63.28448167589215 15.143518246332379
 64.54116972257437 15.189653825001303
 65.81240998815944 15.23537102623647
 67.09872219475105 15.280688552340385
 68.39997641182326 15.32562510561555
 69.71617263937608 15.370206084250551
 71.0479605300391 15.41445965714545
 72.39469043118274 15.458407528206854
 73.75766164806616 15.502057085998718
 75.1362245280598 15.545406945165299
 76.53102872379321 15.588458260169716
 77.94207423526642 15.631220959394776
 79.37001071510902 15.673714668713474
 80.81418851069141 15.715964324529155
 82.27460762201359 15.757998326634498
 83.75256735433474 15.799847614641052
 85.24806770765488 15.841543359052991
 86.7604590293444 15.883105185743307
 88.29039097203291 15.924538405242345
 89.83851318834996 15.965849251650933
 91.404176025666 16.007060814231426
 92.98867878924021 16.04820703419947
 94.59137182644298 16.08932277634122
 96.21225513727431 16.130432746167376
 97.85197837436381 16.171551951698472
 99.51119119034107 16.21269078310257
 101.18924393257647 16.253853858232127
 102.88743590632922 16.295034250308447
 104.60511745896973 16.336218105774122
 106.34228859049799 16.37739618892421
 108.09959895354359 16.41856873065133
 109.8776982007361 16.459750508083392
 111.67658633207559 16.500956991026168
 113.4956136949324 16.542182638056694
 115.33672924719534 16.583416135436416
 117.1979840309756 16.62466787333339
 119.08197665679157 16.665965789755067
 120.9867581667545 16.70733597556789
 122.91427751875312 16.748793207899773
 124.86388506015788 16.790335177824467
 126.83623044359834 16.831939257864885
 128.8313136690745 16.873580049832434
 130.8491347365864 16.91525385944514
 132.89099295139314 16.956984237750603
 134.95558900823565 16.998815285239903
 137.0448718650026 17.040788331692646
 139.15754221643488 17.08292992976053
 141.2955490204212 17.125256241927207
 143.45759297170244 17.16777073158202
 145.64432372290818 17.210458159811825
 147.85704057929757 17.253296360924764
 150.09509388824105 17.29626016762488
 152.3584836497386 17.339331108502293
 154.6485091690494 17.382512877838977
 156.96452079354387 17.42582717954154
 159.30781782848118 17.469299642691194
 161.67775062123178 17.512963054040465
 164.0749688244252 17.556840271959086
 166.4994724380615 17.600917673782263
 168.95256076739986 17.6451539297304
 171.43293450718102 17.689510480735375
 173.94254261529383 17.733958234326625
 176.48138509173828 17.778479873557387
 179.04881228388476 17.82309017555557
 181.64547384436284 17.867831624563895
 184.27266907843176 17.9127547860669
 186.92974833346187 17.957915997864713
 189.61736126208282 18.003369057938617
 192.33550786429458 18.04914698393376
 195.0854874453563 18.095247466923908
 197.86665035263846 18.14162894623684
 200.6796462387706 18.18824616691835
 203.52447510375274 18.235063340611795
 206.40243625284404 18.282048373242517
 209.31352968604455 18.32917725197767
 212.2571057507246 18.376460136092685
 215.23511340477307 18.423938124474542
 218.24690299556028 18.471660628144672
 221.29312417571583 18.51968767918518
 224.37442659786936 18.56807584628881
 227.49081026202083 18.61685514549663
 230.64227516817027 18.666021882526653
 233.8301206215768 18.71555897132475
 237.05499627487012 18.76545048029989
 240.31560282279094 18.815680246968437
 243.61388922322809 18.866250580256626
 246.94985547618157 18.91717025408414
 250.32350158165136 18.96841387026241
 253.73547719226704 19.019950950965125
 257.1864319606583 19.071751941936483
 260.67701553945454 19.12378405642395
 264.2065782760264 19.176072461723486
 267.7764194756329 19.228684578481143
 271.3871887909036 19.281651808093724
 275.0388862218387 19.334972996098102
 278.731511768438 19.388663150514812
 282.4670143885904 19.442698720296253
 286.24409477703665 19.496992197138127
 290.06405223903596 19.551475698609128
 293.9268867745883 19.606127520802648
 297.8338976889529 19.66096498066545
 301.7850849821298 19.716017170668096
 305.78109830674845 19.771289863126164
 309.82258731543845 19.82678813767738
 313.90890235557043 19.88250760736189
 318.04199238503287 19.93839331973531
 322.2212077511964 19.994397480024585
 326.44784775932015 20.050528169471523
 330.72191240940407 20.106794854673694
 335.0440513540778 20.163191994208134
 339.41491424597086 20.219775925874973
 343.8351507377129 20.276594675339894
 348.304760829304 20.333622613521698
 352.8250438260031 20.390844270614597
 357.3959997278104 20.44830305443182
 362.01762853472593 20.506054379202997
 366.6918792046384 20.56414557791594
 371.41810208491813 20.622624907128962
 376.19759648082436 20.6814681231166
 381.0303623923572 20.740536228519506
 385.91704947214606 20.799653975836463
 390.85830737282066 20.858697837513905
 395.8547857470106 20.917652112853435
 400.90713424734537 20.976589302138827
 406.01600252645466 21.0355754406604
 411.182040236968 21.09458605380006
 416.40524737888546 21.15357750285197
 421.68627360483646 21.212600815085924
 427.0264182200804 21.271714175443034
 432.4263308772468 21.330854781129716
 437.885361923706 21.389838148939806
 443.4054603173468 21.448498497969638
 448.9872757107989 21.50681874216508
 454.6301584514325 21.564869303776295
 460.3360574971366 21.62269081990501
 466.10497284791103 21.680278903591383
 471.93755415638554 21.73760769486158
 477.8344510751895 21.794709980468145
 483.7963132569527 21.851592918082392
 489.8244400069343 21.908109429103174
 495.9188313251342 21.96410666261374
 502.08013686418207 22.01950773137047
 508.30965592933705 22.07425167972076
 514.6073885205991 22.12827847558251
 520.9739842905981 22.18160381965411
 527.4107425445928 22.234266501896315
 533.918312935213 22.286145072789164
 540.4966954624588 22.336988552050933
 547.1471894315891 22.38660876219348
 553.8704444952339 22.435004779646317
 560.6671103060223 22.48224587219648
 567.538486169214 22.528305718084894
 574.4839224321792 22.57302938836121
 581.5053680528064 22.616187375757676
 588.6034726837255 22.657496836810523
 595.7782363249364 22.696699633566702
 603.0316079343279 22.733722111279313
 610.3629378592705 22.76858851367383
 617.7741750576528 22.80130045699861
 625.2659691821045 22.831868793206965
 632.8383202326256 22.860389342737633
 640.4925275144752 22.886977782794983
 648.229240680283 22.91165143032578
 656.0517079931969 22.934435914411225
 663.9514839690322 22.955424746563832
 671.9422113130103 22.974664567093544
 680.0173934988354 22.992187931860272
 688.1835270528032 23.008069650074024
 696.4276189223222 23.022421242871946
 704.7691586862799 23.035378244224024
 713.1951532920845 23.047061180079716
 721.7120992660318 23.057538163762946
 730.3199966081222 23.06683736417378
 739.0188453183553 23.075067762630507
 747.8086453967312 23.08241730572864
 756.6958933695458 23.08901275351847
 765.6805892367994 23.094896128457478
 774.7497399458998 23.100079667854704
 783.9228350757348 23.104568220455246
 793.1933781000087 23.108396420152616
 802.5613690187212 23.111642770438806
 812.0203113055767 23.114401937289447
 821.5896945394626 23.116736261712873
 831.2500291414916 23.1187057757912
 841.0208046905509 23.120368202680286
 850.8890281340492 23.121744322716253
 860.861195998282 23.12281566448922
 870.9373082832495 23.123570683368015
 881.1173649889519 23.124046322172394
 891.4078626416847 23.124302612984458
 901.8023047151521 23.124385734328914
 912.3071877356502 23.124325702246807
 922.9225117031789 23.124129443516846
 933.6417800914423 23.123824665253846
 944.4779859530322 23.123462163834976
 955.4181362353567 23.123122751678455
 966.4817205173038 23.122866460866387
 977.6492492199853 23.122714071734883
 988.9402119222893 23.122651730726542
 1000.3416155716241 23.122677128915132
 1011.8599566942852 23.122799502005577
 1023.5017318165687 23.12305348389141
 1035.253947885883 23.12346447276121
 1047.1295979548195 23.124055557877334
 1059.1286820233786 23.12480826782989
 1071.2447035652642 23.125648716979374
 1083.4906556330682 23.126484548276387
 1095.8535451741984 23.12731576172093
 1108.3463652412472 23.12820238939511
 1120.9626193079184 23.129174447339985
 1133.7023073742118 23.13016497669473
 1146.57842249272 23.13099619013927
 1159.5779716108502 23.13143719505013
 1172.7074512548988 23.131314821959684
 1185.9668614248658 23.130645233351576
 1199.362698647047 23.12956465587367
 1212.8884663951465 23.128241641141106
 1226.5506611954604 23.1268101068755
 1240.3492830479886 23.12534162979014
 1254.2843319527308 23.12387777055725
 1268.3558079096874 23.122559373677152
 1282.5637109188583 23.12165427459309
 1296.9080409802434 23.121393365928558
 1311.4017911464348 23.12171892452767
 1326.0319683648402 23.122346952463545
 1340.805069161756 23.123041939260233
 1355.7210935371818 23.123679202901048
 1370.7800414911178 23.124161768484136
 1385.9884095498599 23.12442498607491
 1401.3461977134082 23.124466546747133
 1416.8469094554666 23.124441148558553
 1432.4970413023311 23.124762089305193
 1448.3030897802976 23.125727220471358
 1464.2520618367744 23.127135665474615
 1480.3634470506488 23.12847715161706
 1496.6177558430336 23.129377632848644
 1513.0344777928162 23.129719353931407
 1529.6006198474051 23.129548493390025
 1546.322678533096 23.12913519559399
 1563.2071503761847 23.12886043337204
 1580.2475388503756 23.1289504814952
 1597.4503404819643 23.129541566611323
 1614.809058744655 23.13076991536826
 1632.3366866910396 23.132610129577426
 1650.0202312685262 23.134641984664093
 1667.8726855297064 23.136311338331886
 1685.887552948285 23.137578938834814
 1704.064833524261 23.138308559525022
 1722.4110237839311 23.137909115286398
 1740.9326202535913 23.136244379471073
 1759.616629880649 23.13390312826894
 1778.4695491914006 23.13154571458317
 1797.4913781858463 23.129774768161038
 1816.6886133902815 23.129181374118687
 1836.0612548047063 23.12989945017772
 1855.6028059028254 23.131705030493368
 1875.3262597372297 23.13444572593413
 1895.2186232553283 23.137784433269715
 1915.2928895097127 23.141083888859306
 1935.5425619740863 23.14384998248865
 1955.96764064845 23.14605500704293
 1976.5811185853954 23.147941399776794
 1997.3700027323302 23.149659240895524
 2018.3407896155509 23.15143480517012
 2039.4934792350573 23.153533619117592
 2060.8280715908495 23.156075746902154
 2082.351063209223 23.158634037170362
 2104.055957563882 23.160626640511033
 2125.949251181123 23.161843444636794
 2148.030944060946 23.162011996251938
 2170.2945396770538 23.1614924878491
 2192.75303108204 23.161136913208935
 2215.399921749607 23.161365496906186
 2238.2352116797556 23.162090499743922
 2261.265397398782 23.163178004000535
 2284.48398238039 23.164413279536173
 2307.89096662458 23.16572936749004
 2331.4993431839425 23.16721169813281
 2355.302615532183 23.16878638582497
 2379.2942871430055 23.17019021297576
 2403.4873510690013 23.17127771723237
 2427.8753107838743 23.172152800275374
 2452.458166287625 23.172937835195224
 2477.242414106549 23.173639748770615
 2502.2215577143506 23.17424237851791
 2527.402093637326 23.17487964215873
 2552.777525349178 23.17574779842303
 2578.3608459025 23.176629808244737
 2604.1390622446993 23.177225511213326
 2630.125167428368 23.177433314574465
 2656.3126649272103 23.17724629154944
 2682.6950582149298 23.176950748991384
 2709.285340344119 23.17681221341729
 2736.0835113147773 23.176742945630245
 2763.083074600609 23.176712929589193
 2790.2840302016143 23.176886099056805
 2817.692874644089 23.17733172182013
 2845.3096079280326 23.17796898546095
 2873.12773352715 23.178687061519984
 2901.153747967737 23.179425917915136
 2929.387651249793 23.18016477431029
 2957.8229468470226 23.180901321779203
 2986.4726278120174 23.18163556032188
 3015.3237010921857 23.182369798864563
 3044.389159740119 23.183104037407244
 3073.656010703226 23.18383827594992
 3103.130750507802 23.184572514492604
 3132.819875680144 23.185306753035285
 3162.710393167659 23.1860433005042
 3192.815296022939 23.18678215689935
 3223.1280877196887 23.1875210132945
 3253.6487682579072 23.188264487542117
 3284.3773376375957 23.18900796178974
 3315.3137958587536 23.189753744963596
 3346.4581429213804 23.19050183706368
 3377.816875351773 23.19125223809001
 3409.3770000973386 23.192004948042566
 3441.1515102106696 23.192762275847596
 3473.1274126391736 23.19351960365263
 3505.317700435444 23.194281549310126
 3537.709380546886 23.19504580389386
 3570.315446026095 23.19581467633006
 3603.1229038204765 23.1965858576925
 3636.144746982624 23.19735934798117
