 0. 0.
 0.2799301413455864 0.003575410762260077
 0.8430814276503454 0.012876569176060882
 1.412858488283101 0.02678639070113156
 1.9893417982356907 0.044334970906972186
 2.5725948903964087 0.06468980445598267
 3.1627165937025983 0.08714753039568528
 3.7597775002523646 0.11112874310506804
 4.363855261353621 0.13616845440139944
 4.975034587524091 0.16190121576792085
 5.5934001892815 0.18804388474767417
 6.219043836353381 0.21437894876967462
 6.852029061628029 0.240739797973141
 7.492433516413357 0.26699829805609504
 8.140398384905572 0.29305501584961285
 8.795987199992966 0.31883210029711295
 9.459270553773646 0.3442683263763482
 10.13031903834571 0.36931557368429535
 10.809344430003474 0.3939360662570732
 11.496276136648833 0.4180998119285928
 12.191255342477993 0.4417822229984886
 12.89442323168716 0.464962329350094
 13.60585039637444 0.48762215684810345
 14.325678020736039 0.5097469735872616
 15.053906104771958 0.5313258250792061
 15.7906758326784 0.5523517213076439
 16.536128388651576 0.5728210202458902
 17.29033436478959 0.5927321144853882
 18.053364353190542 0.6120841912194936
 18.825359538050645 0.6308768599030155
 19.606461103566097 0.6491104476495748
 20.396669049736907 0.6667864357881764
 21.196195152857378 0.6839075491507925
 22.005039412927516 0.7004776433518958
 22.823484198339735 0.7165014324170536
 23.651458916995928 0.7319846304845434
 24.489104753092303 0.7469338346841616
 25.33663348292317 0.761356452219261
 26.194115698586632 0.7752607311321552
 27.061621992180793 0.788654764749398
 27.939364139999967 0.8015458529092123
 28.827342142044156 0.8139399747847117
 29.725697182509556 0.8258427756365235
 30.63464103769049 0.8372606494784149
 31.55424429968505 0.8482009096207017
 32.48457756059135 0.8586721365799156
 33.425852596703685 0.8686845607861245
 34.37814000012018 0.87825014669517
 35.341580955037024 0.8873818689992249
 36.31631664565043 0.8960930925572544
 37.30248825615662 0.9043966921980787
 38.30016637865368 0.9123043179751132
 39.309562789435915 0.919826059635143
 40.33074808060144 0.9269709941823697
 41.36393402844457 0.9337470945464933
 42.409191225063395 0.9401616873997221
 43.46666085465414 0.9462221965004836
 44.53648410141299 0.9519369499331783
 45.61887274163426 0.9573150403910154
 46.713967959514186 0.9623648098735493
 47.82184034715083 0.9670931989581558
 48.94263108874043 0.9715066198025413
 50.07655196057728 0.9756128642186528
 51.22374414685759 0.9794222728297646
 52.384348831777565 0.982946450267192
 53.55850719953342 0.9861957110671211
 54.746431026419465 0.9891777397430395
 55.9481909045338 0.9918983832874747
 57.16399861017074 0.9943620348757146
 58.39406591962458 0.9965714612883807
 59.638463424993446 0.9985284857393977
 60.89740290257162 1.0002360568250253
 62.17102553655534 1.0017012423673306
 63.45954310323891 1.0029350089466251
 64.76309678681851 1.003949273344058
 66.0818983635885 1.0047550584820306
 67.41601842564693 1.0053611965844007
 68.76573934138622 1.0057746702125456
 70.13127288710072 1.0060027409680918
 71.51261906279042 1.0060547128586783
 72.91034260524012 1.005942238355834
 74.32430233025364 1.0056782149722256
 75.75449823783096 1.0052753913475148
 77.20163624895314 1.0047453968457347
 78.66501044263912 1.0040970909968407
 80.14603266085098 1.0033337320645352
 81.64399698260769 1.0024537510316909
 83.15960932889027 1.0014530532708028
 84.69286969969873 1.0003270111043752
 86.24448401601411 0.9990738901104502
 87.81374635685538 0.9976960625543709
 89.40065672222251 0.9961979512819766
 91.0066269540776 0.9945854137654961
 92.63165705242065 0.9928658507595073
 94.2750410962706 0.9910471792064279
 95.93748500660853 0.9891362244774434
 97.61969470441541 0.9871376649607165
 99.32096426871024 0.9850543593317317
 101.0427055414551 0.9828878358970005
 102.78421260166897 0.9806399833630531
 104.5454854493518 0.978311002636493
 106.32723000548467 0.9758950847742927
 108.13015219104858 0.9733831634389487
 109.95354608506251 0.9707662377238793
 111.79882352948853 0.9680357367980185
 113.66527860334563 0.9651864397974311
 115.55291130663376 0.9622205291602248
 117.46242756033399 0.9591455848332604
 119.39453328542734 0.9559671670294984
 121.34922848191383 0.9526840979198385
 123.32580722881241 0.9492944831470649
 125.32638728906619 0.9458026671307526
 127.34885089973204 0.942219972917253
 129.39602174473413 0.9385594793027298
 131.46578206112935 0.934829449216934
 133.5602496118608 0.9310330720678129
 135.67871847594745 0.9271731365095773
 137.82189457437036 0.923250263602479
 139.98977790712945 0.9192564765249943
 142.1823684742248 0.9151792036649585
 144.40107811761845 0.9110089729603196
 146.64449499534834 0.906738352139239
 148.91473687035753 0.9023587355776341
 151.21039190068404 0.8978628709714632
 153.5335778492709 0.8932460712905397
 155.88288287415605 0.8885070357481432
 158.25901289632057 0.8836492394562873
 160.66337975772646 0.8786733847483985
 163.09527753739275 0.8735781778588445
 165.5547062353194 0.8683676273601076
 168.04307769346852 0.8630476485183509
 170.559685990859 0.857624101994424
 173.105942969453 0.8521015012565104
 175.68114270826942 0.8464814546714055
 178.2859911282893 0.840761820160528
 180.9204882295127 0.8349428493710657
 183.58604585390165 0.8290320360467398
 186.28125215949407 0.8230384556292887
 189.00822490923306 0.8169698476853621
 191.76696410311862 0.8108322121746706
 194.55676382016978 0.8046166184096433
 197.3783299813675 0.7982985371959782
 200.23307442867386 0.791855957928863
 203.12029124110785 0.7852752657160719
 206.0406863396505 0.7785504066456747
 208.9942597243018 0.7716821462158534
 211.9824232370238 0.7646798467541905
 215.00447095683552 0.7575577016673429
 218.06110880471795 0.7503317349705406
 221.15233678067113 0.7430166011191013
 224.2795667266571 0.7356223454335461
 227.44279864267583 0.7281561067480953
 230.64132660774632 0.7206152716970818
 233.87726838481174 0.7129920273759616
 237.14991805289097 0.7052841176840898
 240.459981532965 0.6974883149582332
 243.80816474601502 0.6895977426250443
 247.1944676920409 0.6816041743588015
 250.61889037104268 0.673500792048282
 254.0828446249824 0.6652812381520443
 257.58703637484115 0.6569437535282134
 261.1300537786569 0.6484911976857632
 264.7140145993726 0.6399308326444628
 268.3389188369884 0.6312789967694258
 272.0047664915042 0.6225403911254414
 275.7122634839011 0.6137121957210713
 279.4621157351601 0.6047962806001139
 283.25502916626226 0.5957949597817473
 287.0902978562265 0.5867089120887037
 290.969333647015 0.5775480075117719
 294.89284245960863 0.5683319556686709
 298.86082429400756 0.5590809534245135
 302.8732791502116 0.5498254734154868
 306.9323247911641 0.5405984319539004
 311.03654937490273 0.5314160858973109
 315.18736474338976 0.5222676995981183
 319.38477089662507 0.5131079917861734
 323.63017967657083 0.5038814951729718
 327.92359108322694 0.49455458678567166
 332.2657110375745 0.4851181245218924
 336.6572454605945 0.4755751665072772
 341.0974884313059 0.4659364038229249
 345.5885577126519 0.45622498981239556
 350.12974738365136 0.4464812326006124
 354.7224692862664 0.4367299825828793
 359.36672342049707 0.4269707422547272
 364.0632157073243 0.4171998177947203
 368.8126520677291 0.4074221368767455
 373.6157384226927 0.39765899622236195
 378.47247477221487 0.38794020168884646
 383.38427295825784 0.3782813522084337
 388.3511329808215 0.3686860201974276
 393.37305483990593 0.35915463249197216
 398.45215629845427 0.3496998613507817
 403.5877314354854 0.3403356942694629
 408.7811920929614 0.3310615956102975
 414.0325382708823 0.32188311323289404
 419.3424758902291 0.31281263338494075
 424.71171087198286 0.30388661818504786
 430.14094913712466 0.29516608234858405
 435.6308966066354 0.2866897335411979
 441.18225920149627 0.27846102147251994
 446.79574284268824 0.2704664317114631
 452.4713475302113 0.26269800012739514
 458.20977918504644 0.2551652969845291
 464.0124496491558 0.24790365512511406
 469.8800648435205 0.2409497275326209
 475.81191884715935 0.234326478968944
 481.81012942301544 0.22805925671285487
 487.87540249206995 0.2221731208474026
 494.00703213334174 0.21667857198355997
 500.2071361097739 0.21157198837334873
 506.47571442136655 0.20683092903124523
 512.8134729891007 0.20242850824968192
 519.2211177339572 0.19834805360333005
 525.6993545769172 0.19458656395627275
 532.249595359943 0.19116201983271364
 538.8718400830342 0.18810600187524246
 545.5667946671721 0.18544752812246554
 552.3358709543187 0.18321431684310677
 559.1790689444739 0.18142938726691182
 566.097094558619 0.18009686722425614
 573.0913596387157 0.17918272184389877
 580.1625701057454 0.17861972244338672
 587.3107259597078 0.17832443096025355
 594.5372390425653 0.17821202646319856
 601.8428152752986 0.17820951694200818
 609.2281605788888 0.1782526717314929
 616.6946867952983 0.1782775047487617
 624.2416880035457 0.1782346358964061
 631.8712819665742 0.17810999055832483
 639.5841746053648 0.17791350021089392
 647.3803659199176 0.17766864364627402
 655.2619736731757 0.17742545829750164
 663.228291944158 0.17724062194561943
 671.2814384958076 0.1771303795223829
 679.4221192491057 0.1770626907527112
 687.650334204052 0.17698665838595823
 695.9674952026087 0.17685964133005827
 704.374308165757 0.17667069644676806
 712.874302698402 0.17644985789878762
 721.45830182779 0.17622785356446793
 730.1411298945229 0.1759824065628465
 738.9157276887906 0.17564977614197608
 747.7891544204031 0.17517295619742346
 756.7472916697399 0.17452683762618645
 765.8113170662319 0.1737373240716408
 774.9671121902585 0.17287067474151477
 784.22173625163 0.1719701791439382
 793.5751892503465 0.17100585489792688
 803.0274711864079 0.16995695372990272
 812.5785820598143 0.16888112617059098
 822.2355810803758 0.1678616272456268
 831.9984682480928 0.16693694122217614
 841.8531251433442 0.16612934915326968
 851.8207293955613 0.16549858159139427
 861.8942217949336 0.1650966157525394
 872.0736023414613 0.16488645984022587
 882.3518118253339 0.1647079995822746
 892.7500278759825 0.16440203642845339
 903.2470728639761 0.1639683963392168
 913.8641244187454 0.1635358289499547
 924.5870641206703 0.16325157060921927
 935.4229511795605 0.16326997010916924
 946.3717855954166 0.16372894365690926
 957.4335673682383 0.16468263106284708
 968.615355707836 0.1661050634728201
 979.9100914043992 0.1679637827540522
 991.3248336677385 0.17025037914792113
 1002.8595824978538 0.17285525235756818
 1014.5072786849347 0.17559538172358602
 1026.2820406486019 0.17801352832538178
 1038.1697499692348 0.17938049503937004
 1050.1915842762644 0.1794178859779082
 1062.3263659402596 0.1784094875824995
 1074.5952725906513 0.1767725171886313
 1086.9841858078191 0.17475019940252684
 1099.5001648015734 0.17247972382756901
 1112.1502687817242 0.17031223633634887
 1124.920379328651 0.16886213216341547
 1137.8246148619746 0.1685032280611476
 1150.862975381695 0.1690118966268737
 1164.0284016780015 0.16979191933675208
 1177.3350121705153 0.17044707837394646
 1190.768688439615 0.17105004578876212
 1204.343548904922 0.17181847598609196
 1218.0525343566258 0.1725666526221097
 1231.895644794726 0.17314741560756353
 1245.8869986388438 0.173624642715224
 1260.0124774693584 0.17400906830271737
 1274.27914049608 0.17452521940662724
 1288.6869877190084 0.17542039418054797
 1303.2430783479542 0.17661616651458237
 1317.9403531731073 0.17762259529286306
 1332.7858714042775 0.17823433063939068
 1347.7796330414653 0.17907376958377397
 1362.9216380846703 0.18039229466553217
 1378.211886533893 0.18222657384205299
 1393.6503783891328 0.1844775181286179
 1409.2371136503903 0.18694243559538148
 1424.9862107372858 0.18932894950320836
 1440.8835512301985 0.19133312952503523
 1456.936194338939 0.1928605638895311
 1473.1441400635074 0.19396703052344955
 1489.5073884039034 0.19467198707890462
 1506.0329985699377 0.19457466356806122
 1522.7209705616099 0.19344006590158175
 1539.5642451691099 0.19214103680599803
 1556.569881602248 0.1915729170371973
 1573.7449390708346 0.19139085280504964
 1591.0752991552488 0.19080421254681784
 1608.5821394849218 0.19000386329723054
 1626.2442824304226 0.18891814165738377
 1644.0829056211824 0.18758437252442872
 1662.08389063758 0.18630200934362376
 1680.2542966894264 0.18536724040972496
 1698.6011829865313 0.1846868131948365
 1717.1174903190845 0.1845566100322121
 1735.8102778968969 0.1851824507131946
 1754.6724865101576 0.1859980572915008
 1773.7182345784875 0.18679253326375403
 1792.9334036822659 0.18754991936389873
 1812.332112241113 0.18716889374718
 1831.9073010452194 0.1854244016957387
 1851.6589700945842 0.18297586049462664
 1871.5941785990185 0.17967565039586583
 1891.7199857683324 0.17567050496093403
 1912.0222731829049 0.17162077424623742
 1932.5081000525463 0.16864807862832867
 1953.1774663772574 0.16617148256922956
 1974.0374313668476 0.16361985184661393
 1995.0879950213173 0.16179564548992822
 2016.3220981308564 0.16080954615075038
 2037.753859115085 0.1602051835348892
 2059.3691595543833 0.15933342488906962
 2081.1821178683713 0.15807458298146537
 2103.1856748472383 0.15601638312065333
 2125.379830490985 0.15343514172888015
 2147.7787032192323 0.15119535562497588
 2170.368174612359 0.14892239477206531
 2193.1553038801753 0.14562775507618692
 2216.1400910226816 0.14146716693222072
 2239.322536039878 0.1373754728019125
 2262.709698141574 0.13388496741695843
 2286.2945181179603 0.13071728196855764
 2310.0840551788465 0.12863906871445166
 2334.0783093242335 0.1267037551676764
 2358.2702213443094 0.12435789340274478
 2382.673909658697 0.12227276457533848
 2407.282315057584 0.11945059108530917
 2432.0954375409715 0.11480767188030595
 2457.1203363186696 0.10852772404675204
 2482.3499521808676 0.10174135632651615
 2507.7842851275664 0.09408052668746338
 2533.4374535783854 0.08547658206829442
 2559.3023983235153 0.07688037496090853
 2585.3720601531454 0.06795646564656464
 2611.6605574868963 0.05832230050929232
 2638.1608311149585 0.048056559711484835
 2664.87288103733 0.038560679426451666
 2691.803766463823 0.030950064555132595
 2718.9464281846267 0.025040555135027686
 2746.307925409552 0.02041662674006326
 2773.8811989287865 0.01680033155204897
 2801.680367161953 0.01400266336443157
 2829.69131168943 0.011844958218672662
 2857.9281509308385 0.01015565849971496
 2886.3838256763675 0.008804133313092244
 2915.051276716207 0.007702086803335554
 2943.944622469978 0.006789649232179773
 2973.0638629376804 0.006024475590846075
 3002.4019389095033 0.005375466351423106
 3031.9588503854475 0.004819193600417406
 3061.741656575323 0.004337723542069476
 3091.750357479129 0.003917190085311325
 3121.977893887057 0.003546800376443109
 3152.431325008916 0.0032181115247516584
 3183.1106508447056 0.002924487352158838
 3214.0088121846165 0.002660683991239806
 3245.1399274482687 0.0024225311814515403
 3276.4898782160426 0.002206685758038207
 3308.072782907557 0.002010442064529437
 3339.8745231031935 0.0018315851806143862
 3371.9021580127605 0.0016682793357363885
 3404.1627468460697 0.0015189820853433618
 3436.6421711834996 0.0013823792244457367
 3469.3545494446707 0.001257335335649489
 3502.2928224197735 0.0011428563577024057
 3535.456990108807 0.0010380615254262995
 3568.8470525117723 0.0009421619158851443
 3602.463009628669 0.0008544443850183191
 3636.304861459497 0.00077425946037644
 3670.379667214066 0.0007010121176122706
 3704.6733084727566 0.0006341545173007325
 3739.1999036551883 0.0005731807329975561
 3773.9453343417413 0.0005176222890800006
 3808.923718952036 0.0004670447722373855
 3844.120939066451 0.00042104501470512665
 3879.551113104608 0.00037924872007196803
 3915.2001226468856 0.00034130845117856713
 3951.0820861129055 0.0003069018849216023
 3987.182885083045 0.0002757301630389117
 4023.509578767117 0.00024751649430276504
 4060.0551079553093 0.00022200475561407536
 4096.833591067244 0.00019895826161840603
 4133.823850473489 0.0001781585385220911
 4171.047063803475 0.0001594041937260205
 4208.4820534277715 0.00014250982531505008
 4246.142937766001 0.00012730497217456157
 4284.02971681816 0.00011363312926875854
 4322.12827216463 0.00010135079464378092
 4360.445663015221 0.00009032655255036283
 4398.981889369932 0.00008044023135720539
 4437.736951228765 0.00007158206899458975
 4476.710848591719 0.00006365194538992573
 4515.896522248983 0.000056558647103958135
 4555.301031410368 0.000050219179240867965
 4594.910257656254 0.0000445581154617695
 4634.73831940626 0.00003950698934534314
 4674.778157450577 0.0000350037229632317
 4715.0297717892045 0.000030992098852882556
 4755.486103212332 0.000027421260099311196
 4796.15421092977 0.000024245251935467987
 4837.027035731709 0.000021422593540558373
 4878.104577618146 0.000018915883273038993
 4919.386836589086 0.0000166914316289118
 4960.873812644525 0.000014718924431125026
 5002.565505784464 0.00001297111261673216
 5044.454856799093 0.000011423526060662546
 5086.534806478601 0.000010054212177214569
 5128.819473242611 0.00000884349570428496
 5171.301797881309 0.000007773758946861811
 5213.974721184887 0.000006829241733098652
 5256.838243153345 0.000005995858307147353
 5299.892363786682 0.000005261030750867278
 5343.144142294709 0.000004613537774894669
 5386.572401047994 0.00000404337718394445
 5430.19125846616 0.000003541641103389198
 5473.9936553393945 0.000003100403192315594
 5517.972532457888 0.0000027126161035789946
 5562.134949031451 0.0000023720196027068567
 5606.473845850272 0.000002073057052082688
 5650.996282124162 0.0000018108002610327002
 5695.6810802236905 0.0000015808820280156701
 5740.5423585684775 0.0000013794352496758886
 5785.5730579487135 0.0000012030383430650316
 5830.773178364398 0.0000010486662402283685
 5876.13566060572 9.136464310668163E-7
 5921.660504672681 7.956197148918222E-7
 5967.347710565278 6.925049180708344E-7
 6013.190219073705 6.02467490764311E-7
 6059.188030197959 5.238914492735945E-7
 6105.341143938041 4.553543363506953E-7
 6151.64956029395 3.9560491952237594E-7
 6198.099160846066 3.435433312810756E-7
 6244.704064014011 2.982034210118295E-7
 6291.4430921683515 2.587370400389513E-7
 6338.33036372871 2.2440016591578956E-7
 6385.351760275465 1.9454049333076854E-7
 6432.507281808616 1.685865160740712E-7
 6479.7969283281645 1.460378352192501E-7
 6527.2136406243 1.2645657365667245E-7
 6574.764477906831 1.0945980805675822E-7
 6622.435321756139 9.471286085978164E-8
 6670.2332313820325 8.192340581409093E-8
 6718.144088364892 7.083624883456458E-8
 6766.174951914527 6.122873878859988E-8
 6814.318762821128 5.2906731682803214E-8
 6862.568461874885 4.5701027186276996E-8
 6910.931108285606 3.946424692849143E-8
 6959.392583633673 3.4068086464423895E-8
 7007.959947128895 2.940090350434888E-8
 7056.626139561462 2.5365604826185547E-8
 7105.377042511754 2.1877790808067835E-8
 7154.22677439939 1.8864128512500382E-8
 7203.147098385129 1.6260933778599363E-8
 7252.208606567076 1.4012923286768912E-8
 7301.340706847126 1.207212718062752E-8
 7350.4728071271775 1.0396938352647489E-8
 7399.746091603434 8.951281182866749E-9
 7449.089968177794 7.703886293901565E-9
 7498.5044368502595 6.62765835055408E-9
 7547.989497620827 5.699123090035586E-9
 7597.474558391395 4.897946900386323E-9
 7647.10080335817 4.206517027377301E-9
 7696.727048324944 3.6095758186854415E-9
 7746.494477487926 3.093902278542302E-9
 7796.191314552805 2.64803397909994E-9
 7846.02933581389 2.2620250008352084E-9
 7895.867357074976 1.9272343100474683E-9
 7945.775970434166 1.6361408157795593E-9
 7995.684583793354 1.3821811967202405E-9
 8045.593197152542 1.1596079975047392E-9
 8095.572402609837 9.633634604623954E-10
 8145.622200165231 7.88968495316933E-10
 8195.671997720627 6.324226700020366E-10
 8245.65120317792 4.90113626330972E-10
 8295.771592831421 3.5873382358305454E-10
 8345.821390386816 2.3520125672840917E-10
 8395.941780040315 1.1657923898406034E-10
 8445.991577595712 4.431851386384104E-17
