 1.173068356907347 0.997126757818504
 1.6517110056926296 0.9920278083153418
 2.135974470261919 0.9835797219698925
 2.6259408063200893 0.9717338461603656
 3.1216686250849115 0.9569108769996625
 3.6232223988959293 0.9397706555719987
 4.130672461214466 0.9210687670244864
 4.644089145501844 0.9015194348804033
 5.1635486463411615 0.8817412916790962
 5.689103713828411 0.8622039748472901
 6.220818820303137 0.843183517470664
 6.758811188200878 0.8249069794838401
 7.303133567617624 0.8075419931017522
 7.853844569771145 0.7911385225488109
 8.411002805879209 0.7756329047469401
 8.974784109595122 0.7611016077639644
 9.545129869701116 0.7475552412335962
 10.122157308632726 0.7348351472073794
 10.705983648825493 0.7229272267122687
 11.296667501497181 0.7117685222374773
 11.89432608908333 0.7013317387814065
 12.49895941158394 0.6915626926390639
 13.110684691434546 0.6823495260690853
 13.729619151070686 0.673685265248159
 14.35582140171013 0.6655661792448637
 14.989350054570647 0.6579383364255018
 15.630322332087774 0.6507487971233004
 16.278855456697045 0.6440141305035286
 16.93494942839846 0.637636805270795
 17.59878008084533 0.631536759358234
 18.27034741403765 0.6256274173852833
 18.949885872846497 0.6199081374121511
 19.6373368460541 0.6144245806972825
 20.332817556096 0.6090656650528865
 21.0365038366255 0.6038448008387511
 21.748454298860366 0.5987807160374474
 22.468727554018372 0.5937784194392242
 23.19749943575282 0.5888150442980364
 23.934769944063717 0.5838696242647843
 24.680656301386588 0.5788295675197409
 25.435334341374748 0.5736816892016636
 26.198862675245962 0.568451778054243
 26.971299914217994 0.5631014586154457
 27.752821891944162 0.557640492110494
 28.543487219642227 0.5520768602165687
 29.343413119747723 0.5463557346283796
 30.152716814696188 0.5404372239711455
 30.97151552692317 0.5342965713735393
 31.799867867646427 0.5278835545961656
 32.63794967051927 0.5212074711612312
 33.48581954675946 0.5143165598155637
 34.3436533300203 0.5072512414138566
 35.211509631519576 0.5000108414347131
 36.08950567369282 0.49250911472513903
 36.97775867897556 0.4846772221278285
 37.8764444810211 0.47653432003129936
 38.78568030226499 0.4681756816320944
 39.70552475392499 0.4596490226540043
 40.63609505843664 0.45095508025930847
 41.57756704945324 0.4421371451839139
 42.53005794941034 0.43326478234437077
 43.49368498074346 0.4243737863138243
 44.46856536588815 0.415441062395949
 45.45487493849772 0.4064246396812151
 46.45267230978992 0.39726027811273046
 47.46213331341807 0.38791502066645883
 48.48343378303547 0.3784832138390437
 49.516632329859895 0.3690629478109535
 50.56190478754464 0.3597184307920532
 51.61936837852526 0.3504799269609639
 52.689198936455035 0.3413050439498974
 53.77151368376952 0.3321146763630348
 54.86648845412203 0.32290471322045616
 55.974181858730304 0.3137353475634272
 57.09482834246543 0.304643105579218
 58.22860373898073 0.2956293485824604
 59.37550804827618 0.2866281003286843
 60.53601016009395 0.27776151117433917
 61.70999285199849 0.2691433364086778
 62.89745612398979 0.260533630457582
 64.09898608824557 0.25186327343250575
 65.3139966325881 0.24309663581888513
 66.54365998137278 0.23424385452986765
 67.78739002242193 0.22533648245234356
 69.04577286791321 0.21630699791425284
 70.31880851784663 0.20717173865459174
 71.60708308439989 0.19811902455136662
 72.9100104553953 0.18939112727537222
 74.22759063083284 0.1809828686985259
 75.56099583506789 0.17294451211173845
 76.91022606810046 0.16542251379628528
 78.27469521775286 0.15839663932342826
 79.6549893962028 0.1517760380550134
 81.0516947156279 0.14558795769122815
 82.46422506385053 0.13973660058230888
 83.89375266522605 0.1341955400703663
 85.33969140757678 0.1290815026445893
 86.8020412909027 0.1243134686535068
 88.2813884273815 0.11973126624339259
 89.77831892919089 0.1152840163164117
 91.29224668415316 0.11093764172735932
 92.82434391662366 0.10674054597601526
 94.37402451442478 0.10272860341670101
 95.94128847755644 0.09880350226134972
 97.52672191819637 0.09496307105401582
 99.13091094852223 0.09127511387034273
 100.75385556853405 0.08774393822269262
 102.39496966605412 0.0842761823078616
 104.05601157761551 0.08094939983263869
 105.73522296668514 0.07788090435606054
 107.43494828197379 0.07518237759715901
 109.15342918694837 0.07288754116060042
 110.89242401814197 0.07093653775448895
 112.65134666337688 0.06932737971667675
 114.4307832348308 0.06797468631643766
 116.2307337325037 0.06674657077458702
 118.0511981563956 0.065502768613313
 119.89334873086189 0.06420836014307314
 121.75601323154716 0.06279637799008897
 123.6409499949845 0.06119456782582315
 125.54698679681853 0.05944179043180921
 127.47588197358229 0.05764596115988146
 129.42646330092043 0.055858849977602085
 131.39931689101064 0.05408450102911339
 133.39561496820826 0.0523336757733436
 135.41477142033565 0.05053019698843459
 137.45678624739276 0.04866565347427732
 139.522831673735 0.046821824543628744
 141.61232158718465 0.04500546823424631
 143.72642821209712 0.043196670021177865
 145.8645654362947 0.04137167549202852
 148.02731937195506 0.03947349691077615
 150.21469001907826 0.03750161801736553
 152.42784960201962 0.035569592450140367
 154.66562589642376 0.03376812162761966
 156.92977723882376 0.03210089520525464
 159.22030362921964 0.030567674091553337
 161.5366189554337 0.0291303557037933
 163.8793093296436 0.027696278016640593
 166.24954697620473 0.026220176049376234
 168.6467457829394 0.02476621041954758
 171.0714918620253 0.02342030150890027
 173.52378521346245 0.02217944630106368
 176.00479806160618 0.020983242110280628
 178.51394429427884 0.019809889055532208
 181.05181002365808 0.01871199432542496
 183.61839524974394 0.017755731991343005
 186.21487219689178 0.016938256550723514
 188.84124086510155 0.016195132415279534
 191.49691514219563 0.015459034505643059
 194.1836533647071 0.014720848029494032
 196.9008694204582 0.013996643868289525
 199.6491494216266 0.013273349226024887
 202.4290794803901 0.012501101319300467
 205.24065959674857 0.011612525342075913
 208.08388977070211 0.01058069551499563
 210.95994222660602 0.00944691293642048
 213.86940307663804 0.00827665566949813
 216.81110009644277 0.007112294875965296
 219.78679162255327 0.0059984183244858194
 222.79647765496955 0.004995497396967054
 225.8401581936916 0.0041494750767544575
 228.91841935089707 0.003470498887725813
 232.03184723876373 0.0029442794715644105
 235.1810279694692 0.0025463060137037082
 238.36537543083585 0.002224493510749345
 241.58606184721899 0.0019205243535662378
 244.84367333079632 0.0016272783747607084
 248.13820988156786 0.001382829233694188
 251.4696714995336 0.0012128348299332088
 254.83981652122662 0.0011049195210019816
 258.2474727222915 0.001019496731698094
 261.69381232708366 0.0009083822548246737
 265.1788353356031 0.000744749974752978
 268.7037139722051 0.0005396571966152302
 272.2684482368898 0.0003196298862971602
 275.87362424183476 0.00010558783840264271
 279.5198280992177 -0.00008939303462939598
 283.20647369686105 -0.0002518310296811452
 286.93531937129774 -0.0003642186565028405
 290.70577901035006 -0.00042619693032828007
 294.5190248383735 -0.00046782610278422505
 298.37505685536803 -0.0005219154546728607
 302.2744611735112 -0.0005936177674129718
 306.2178239049809 -0.0006702338035217653
 310.20573116195465 -0.0007239596701032523
 314.23818294443254 -0.0006975385567368425
 318.3163514767699 -0.0005463839384832228
 322.44023675896676 -0.00032571141885337387
 326.60983879102315 -0.00017067701832945058
 330.82691590947206 -0.0001556824034611375
 335.0908820021358 -0.00021359104631875594
 339.4029092933698 -0.0001884915669921172
 343.762997783174 0.0000465915134098816
 348.17173358372617 0.000460643806665945
 352.6297028072039 0.0008405011951567375
 357.1374915657849 0.0009614050671057855
 361.6956859716469 0.000732987987316846
 366.30487213696756 0.00020093722052854523
 370.96563617392457 -0.00048109330197210616
 375.67797808251794 -0.0011549375712830707
 380.44248397492527 -0.0017738044206883664
 385.26032607550206 -0.0022833956892361344
 390.132090496426 -0.0024439726514483375
 395.05719112551924 -0.0019976586114815367
 400.03738629931496 -0.0010323547495992924
 405.07326212999084 0.00005057346293866701
 410.16423250536917 0.001002564277949054
 415.312055761983 0.0017425342713183044
 420.5167318998324 0.0019569504629438996
 425.778847031095 0.0013474756274077185
 431.0989872679484 0.0002659881966255887
 436.4777387225704 -0.0004189437512218094
 441.9162736193164 -0.0002740587676886008
 447.41459195818635 0.0003017496363854328
 452.9732798513579 0.0008018522653527356
 458.59350952318647 0.0010886356157393832
 464.275280973672 0.001267627790960043
 470.0191803149923 0.0016805706665480907
 475.8263797715026 0.0025839867097516307
 481.69746545538067 0.0037496239340305037
 487.63243736662645 0.00477570433700849
 493.6324677295954 0.005356207876952754
 499.69814265646505 0.005249242116489319
 505.8300482594133 0.004413347377046055
 512.0293567627954 0.002912399809961254
 518.2954820544336 0.0009179436548717644
 524.6301824708611 -0.001060110386040924
 531.0340441242555 -0.002531481316869083
 537.5070670146168 -0.0033116796475548896
 544.051009478478 -0.003345980224494339
 550.6652854036616 -0.0029097579674081534
 557.3516531267005 -0.002654506559718025
 564.1106987597725 -0.00280480053215687
 570.9424223028775 -0.002967748755131117
 577.8479959803709 -0.0027242801915902636
 584.8280059044304 -0.0021369244954446234
 591.8853826359444 -0.0019555700223749463
 599.012506716603 -0.002850989895475198
 606.2216865021376 -0.004812399294990314
 613.5070608707713 -0.007160426856687135
 620.8744909442811 -0.009070617726192325
 628.3122544791131 -0.009927751844026842
 635.837934840598 -0.009051178094741394
 643.4398097851821 -0.006906028194593906
 651.1237404346421 -0.005244878120031556
 658.8897267889781 -0.004533065531368014
 666.7377688481902 -0.0032929608688809864
 674.6678666122783 -0.0005539660909059899
 682.6858812030191 0.0022659566608654374
 690.791812620413 0.0031661815928340315
 698.9739386209059 0.0025191238335554728
 707.2498425698285 0.00198845500361469
 715.613663345404 0.0022553474306103477
 724.0654009476324 0.0038241364648569603
 732.5991942547369 0.006652490605647223
 741.2326266320478 0.008795416376884788
 749.9481147142347 0.008757351067453071
 758.7632418666282 0.007521332795095706
 767.6662858456747 0.007135156258647756
 776.6631077731506 0.008027710509546671
 785.7537076490564 0.009359501750267132
 794.9380854733921 0.01158988478335569
 804.2221023679342 0.013705008538660591
 813.599897210906 0.01280814736004485
 823.0773311240845 0.009257229649246634
 832.6544041074694 0.005494649128744936
 842.3252550392842 0.001972007439344842
 852.1016061630824 -0.0015521287123575977
 861.9717352353101 -0.003290734651580357
 871.9532256212983 -0.002368825413439673
 882.0284939557162 -0.0007600284231488299
 892.2151236038943 -0.0003854375304419306
 902.5013923222791 -0.0007700260903259326
 912.8931612326472 0.001221179812167953
 923.3962914567757 0.005538965132606718
 933.9990607511107 0.008738118332094404
 944.713191359206 0.010199657925195282
 955.5386832810617 0.008999321008667351
 966.4696753949007 0.003518532778274025
 977.5178899442769 -0.002697224215652423
 988.6716046856365 -0.005322697348480477
 999.9425418625333 -0.00593734953481432
 1011.3248403531904 -0.005632054615559697
 1022.8185001576077 -0.0018771081881160821
 1034.435243519339 0.0014677218625790778
 1046.1633481948309 -0.001531801888506925
 1058.0086753058595 -0.0066600535442658875
 1069.9712248524254 -0.006178683059027247
 1082.0568579563055 0.00043983415382815166
 1094.2597134957225 0.005096524284180009
 1106.5856525924537 0.002460820473488924
 1119.0346752464989 -0.0025008733223666544
 1131.6067814578578 -0.006052771199218967
 1144.301971226531 -0.006906194408116196
 1157.120244552518 -0.004868924129346151
 1170.0616014358193 -0.001946478151036901
 1183.137764119988 0.0018644350566288089
 1196.337010361471 0.0028962304560212946
 1209.6652012820446 0.003940832881560476
 1223.1223368817093 0.003988852313169879
 1236.7084171604647 -0.0031667990257851757
 1250.4293032400878 -0.006922351638291752
 1264.284995120579 0.00088478517832501
 1278.2696316801605 0.009090601067972893
 1292.38907404061 0.0026159536231277264
 1306.649183323704 -0.010317747182075053
 1321.038237285889 -0.009299967818212348
 1335.5738192924953 -0.00003435514423441086
 1350.2383459781925 0.000440852321345231
 1365.0494007083112 -0.0030480518408040357
 1379.9952612392974 0.0009864406472454659
 1395.0817886929285 0.010695137784955145
 1410.314844190981 0.0115162609911148
 1425.6885666116777 -0.0016226024337030144
 1441.2088170767963 -0.016642935266629452
 1456.8697344645593 -0.023995889123033604
 1472.6830410185205 -0.023452510969289766
 1488.6370144951263 -0.01755766035427439
 1504.7433771379303 -0.009005657295536346
 1520.996267825156 -0.005935895178010825
 1537.395686556803 -0.007645454549391535
 1553.9474944546482 -0.004649610819659695
 1570.6575526404688 0.002273922933316695
 1587.5141388707107 0.004130642214604529
 1604.5231142671505 0.0013278711645076438
 1621.6844788297892 0.005483285966866803
 1639.0040936804028 0.008834821284954808
 1656.4819588189914 0.006064170071203813
 1674.1122131237787 -0.0006306754232399417
 1691.9065788383175 -0.00169853987125133
 1709.853333719055 0.0060670535707223906
 1727.9642000095446 0.010741663607662093
 1746.233316588009 0.015583284275503897
 1764.6606834544484 0.028523351133854274
 1783.2580228524173 0.03717412316469876
 1802.0136125383608 0.03841886600155762
 1820.9333136340565 0.04059322875112097
 1840.0171261395042 0.0455097101464387
 1859.2650500547038 0.04665395106687839
 1878.6829465014325 0.03866739700172208
 1898.264954357913 0.027061154837640516
 1918.0169347459223 0.011887204883139496
 1937.938887665461 -0.002179358832369209
 1958.0249519947508 -0.016123434943300007
 1978.2868499773472 -0.027589975288698443
 1998.718720491472 -0.029858207819457333
 2019.3205635371257 -0.02284913563707066
 2040.0982402360853 -0.013955802890327827
 2061.0458894665735 -0.0077682115366260835
 2082.163511228591 -0.004353920966712926
 2103.4628277656902 -0.002496678533221528
 2124.937977956096 -0.0011960625375168944
 2146.5831006780304 -0.000011321439173597425
 2168.409918175047 0.0009686422119103354
 2190.41256932537 0.0015708545373175817
 2212.591054128998 0.0018953019239160657
 2234.9512337077094 0.002099254881176061
 2257.487246939726 0.0022496014248326686
 2280.2049549468256 0.0023680932211524483
 2303.09849660723 0.0024612658964962807
 2326.1795941644946 0.002535778436748488
 2349.4365253750652 0.0025965899646155683
 2372.8810124824945 0.002645793358786625
 2396.507194365007 0.0026873556610567686
 2420.3092099008245 0.0027217575153553795
 2444.298781333502 0.0027501319276087653
 2468.475908663039 0.0027749735184697897
 2492.834730767658 0.002797284463725943
 2517.37524764736 0.0028163730716243857
 2542.1033204239216 0.002833749527181123
 2567.018949097342 0.0028505959077914163
 2592.1162725458453 0.0028665644772393555
 2617.4011518912084 0.0028808044534800767
 2642.8735871334306 0.002894989352451484
 2668.5277171507355 0.0029089907243210686
 2694.3752641866763 0.002922598802452787
 2720.4045059977 0.002936348842866056
 2746.62716482736 0.0029497018031377203
 2773.031518432103 0.002964035285844464
 2799.6234279337045 0.002977846186073445
 2826.408754453943 0.0029926311857537405
 2853.375775749264 0.0030070313463138347
 2880.536214063221 0.0030212188614901895
 2907.884208274038 0.0030369257129355468
 2935.4197583817136 0.003052757434101642
 2963.142864386249 0.0030687202596096667
 2991.0535262876447 0.003085338405953234
 3019.151744085899 0.003101771163269658
 3047.4433789027894 0.0031186440026402334
 3075.916708494763 0.0031367281823326343
 3104.583455105372 0.0031549388918322404
 3133.4318964910644 0.0031738236690605393
 3162.473754895393 0.0031928397776242986
 3191.6973080748035 0.0032119876460696395
 3221.1142782728507 0.003232353926072242
 3250.7129432459806 0.003252863029662322
 3280.5050252377473 0.003274046718464955
 3310.4788020045958 0.0032962469174771733
