 0. 0.
 0.2642937219086938 0.11488778558326748
 0.7959883395004692 0.34427561829748027
 1.3339386269863678 0.5745259998698343
 1.8782205641626746 0.803673556805042
 2.4288941350790885 1.0285256124752522
 2.9860526482573615 1.245424566061952
 3.5497627526416053 1.4509423760953073
 4.120097762070339 1.6423090270634966
 4.697137655276494 1.8175831972603202
 5.280962410993003 1.975650625207701
 5.871658672847206 2.1161298194732487
 6.4692864248888045 2.239238901203057
 7.073918980956318 2.3456532912400645
 7.685689638937965 2.436369693594923
 8.304658382883444 2.512585919074676
 8.930891861736866 2.5756007564247088
 9.564456724442337 2.626738728141796
 10.20555291783219 2.6672954089734824
 10.854113792962314 2.6985027385290947
 11.510272647720928 2.7215064310708215
 12.17416277999625 2.737355068589312
 12.84585083873239 2.7469957745499514
 13.525470121817568 2.751275365720949
 14.213020629251785 2.750944511939712
 14.908635658923258 2.7466643130576216
 15.612448508720206 2.739015388588408
 16.32452582758674 2.728506974840951
 17.044934264466967 2.715584717338911
 17.773807117249113 2.70063674411318
 18.511277683821387 2.684000061905826
 19.257345964183795 2.6659684378305535
 20.012211905168666 2.6467979427137953
 20.775875506776 2.6267095139321293
 21.548603364782235 2.6058906880336736
 22.330328830243257 2.5845010863043205
 23.12118520104729 2.5626796997186605
 23.92137242402666 2.540549384405563
 24.73095714812548 2.5182203700326866
 25.550006022287857 2.495795700425283
 26.37871899334612 2.473373019908005
 27.21709606130027 2.4510419695093106
 28.065270524038525 2.428878066888317
 28.923442328393214 2.406936015212264
 29.791678123308447 2.3852463579832106
 30.67004455772833 2.3638239712541735
 31.558741578485193 2.342682133004115
 32.45783583452315 2.3218381058184048
 33.36746062373042 2.301310326724357
 34.287749243995215 2.2811179918890243
 35.21883499320577 2.2612844233293026
 36.16078452030617 2.241834755655926
 37.11379777212876 2.222791633829078
 38.07794139761765 2.2041748100588836
 39.05341534360516 2.186004050470989
 40.040286259035405 2.1683004975534965
 41.03868744179661 2.151084540549868
 42.04875218977699 2.1343745164785317
 43.07068044980886 2.11818580664938
 44.10460551978046 2.1025189855627966
 45.15059404863588 2.0873552050182496
 46.20877933426336 2.0726665762360765
 47.279361323495216 2.058422497242625
 48.36247331421967 2.0445939841904806
 49.45824860432493 2.0311567820791763
 50.56682049169924 2.0180868318423038
 51.688388923174905 2.0053662707406192
 52.823020547696046 1.992993440023517
 53.970915312094995 1.9809719148362575
 55.13227316320406 1.9692970045392255
 56.30716074996738 1.957961444327317
 57.49577801921726 1.9469695874980473
 58.69825826884194 1.9363386794219344
 59.91480144567373 1.9260797855015004
 61.14554084760085 1.9161831527610858
 62.390676421455645 1.9066249339006232
 63.65027481618221 1.897379423245858
 64.92460262755698 1.8884238551104693
 66.2138598024123 1.8797438885413074
 67.51804634074816 1.8713297843374528
 68.83769543411744 1.8631708446740487
 70.17267378463193 1.8552564574797015
 71.52298139229158 1.8475753450540409
 72.88928474653757 1.8401134173077698
 74.27091735792874 1.8328522101592315
 75.66921220534729 1.825770523344173
 77.08350279935215 1.8188449586918083
 78.51445562938439 1.8120459014452013
 79.96207069544401 1.8053523498305337
 81.42701448697214 1.7987571887435259
 82.90862051452766 1.7922687392756023
 84.40688877811054 1.7859149667228134
 85.92315225660302 1.7797220174908026
 87.45741095000508 1.7736906337601095
 89.00899836887562 1.7678068537045208
 90.57858100265577 1.7620687064436782
 92.16682534078656 1.7564822764636654
 93.77306489382694 1.7510606298499782
 95.39863264065909 1.7458160948108352
 97.04286209184193 1.7407504176418018
 98.70575324737544 1.735859051049912
 100.38797259670072 1.7311099119223172
 102.09018662925888 1.7264403482650863
 103.81172885560879 1.721812750079418
 105.55393225463267 1.717224167786818
 107.31613033688943 1.7126753881762227
 109.09832310237907 1.7081698575940727
 110.90117704054265 1.7037097773115957
 112.72535864082128 1.6993022864204645
 114.57086790321499 1.6949496778712383
 116.43703833828266 1.6906406761338229
 118.32586941434758 1.6863522473323458
 120.23536166308645 1.682071871367945
 122.16818104226367 1.677812274319775
 124.12232808355596 1.6735985233582718
 126.09980225528659 1.6694449223639145
 128.09993706801447 1.6653558905741488
 130.1233990111807 1.6613185353920545
 132.17018808478525 1.6573046584756115
 134.24030428882818 1.6532979176168272
 136.33508060219165 1.6493029561414287
 138.45318404599345 1.6453196905330967
 140.59661408855686 1.6413247367820218
 142.76403775099976 1.6373037787515432
 144.95745450164534 1.6332583145787067
 147.1755313616115 1.6291567913074965
 149.41893482033927 1.6249470251160572
 151.68899785671087 1.6206182804045277
 153.9850539812852 1.6162017250816296
 156.30710319406225 1.611715870902354
 158.65647847392424 1.6071279590100331
 161.03251333143 1.6023834076927381
 163.43654074546183 1.5974472903807857
 165.86789422657856 1.592335161993169
 168.3272402642213 1.5871042053324145
 170.81457885839006 1.581815332176733
 173.33124298796704 1.576499237867906
 175.87589967407 1.5711510198408434
 178.4505483850223 1.5657500332862015
 181.05518912082388 1.5603092347889578
 183.68915539203368 1.5548818601070362
 186.35311368809278 1.549514959570414
 189.04839698788334 1.5442235469760597
 191.77433880196432 1.538969202196254
 194.53160561977683 1.5336864367320888
 197.3201974413208 1.528347316006245
 200.14144724547845 1.52294509437412
 202.9946885428087 1.517448772798924
 205.8805878227526 1.5118130834785495
 208.79914508531022 1.5060065957956328
 211.7516933093637 1.5000199650131123
 214.73823249491306 1.4938400903236102
 217.7580961525172 1.487443160987409
 220.81328375049944 1.4808257141862464
 223.90312879941862 1.4740265830293235
 227.02829778871583 1.4670927516487045
 230.18945720783225 1.4600510087402327
 233.38660705676782 1.4528962815663797
 236.61974733552256 1.4456315000701458
 239.89021102297863 1.438313210121685
 243.1986646085772 1.4309706253294543
 246.54377511343597 1.4235756170378915
 249.9275420058783 1.416076930319784
 253.34996528590418 1.4084513856276946
 256.8110449535136 1.4006898052372498
 260.31144749814763 1.3927382542734437
 263.8518394092475 1.384527060929203
 267.4328871762541 1.3760465342616341
 271.0539243097265 1.3672850500913627
 274.7162837885468 1.3581920095214939
 278.42063210215605 1.3487680110482627
 282.1669692505544 1.339084879116992
 285.95529523374177 1.3291637594921053
 289.7876095200415 1.3189854572518966
 293.66257913057126 1.308527113336169
 297.58153704421335 1.2977241143315557
 301.54448326096775 1.2865220691511676
 305.5527507597167 1.2749811166154223
 309.6063395404601 1.2632516210755527
 313.7059160926391 1.2514428295337332
 317.8521469056948 1.23954963572752
 322.04436549018607 1.2275145418004691
 326.2845713144362 1.2152923834424618
 330.57209788900417 1.202807513485053
 334.9082781927721 1.1899222018220237
 339.29311222574006 1.1765979368340043
 343.7272664773491 1.1629205088657388
 348.21140743704024 1.1489763666341741
 352.74620159425467 1.1347826605000535
 357.3316489489924 1.1202816859360278
 361.9690824801355 1.1054483382798461
 366.65850218768406 1.0903874438605992
 371.39990807163815 1.0751753959677246
 376.195299600321 1.059670755906319
 381.04401028429146 1.0437164335801028
 385.94737310243175 1.0273136161518461
 390.9053880547419 1.0105454509630774
 395.91872163066296 0.9934508745327921
 400.988040319636 0.975967896165007
 406.1140106111023 0.9578207638793682
 411.2972989945027 0.9388693347695628
 416.53857195927844 0.9192937561949995
 421.83849599487064 0.8991905473454626
 427.1970711012792 0.8785821505191115
 432.61496376794526 0.8575714840735719
 438.09350697375106 0.836153968973034
 443.6333672081377 0.8142065570702834
 449.23387798166397 0.7918223405532523
 454.8970387626532 0.7692718145160861
 460.62351604054663 0.7467084597282843
 466.41264332590293 0.7240123645506186
 472.2664200870455 0.7009283001350515
 478.1848463239744 0.6773784034164474
 484.1685885261307 0.6534382842849811
 490.2183131829554 0.6291400585899757
 496.33468678388965 0.6045847595399416
 502.5190423078157 0.5799755607048757
 508.77137975473346 0.5553537974010103
 515.0923656140841 0.5307591070368045
 521.4833328647497 0.5063438439743615
 527.9442815067305 0.48244404293927456
 534.4758780294674 0.4591728258103231
 541.0794554118424 0.43651704914647893
 547.755680143297 0.4145474927387654
 554.5045522238311 0.39334965226408886
 561.3274046323266 0.3730282318588539
 568.2249038582249 0.3535559553939315
 575.197716390967 0.33478314225205597
 582.2471752094352 0.31672102158233084
 589.3726138241882 0.29943474912202417
 596.5760317035493 0.2829626945550129
 603.8580953369598 0.2672630913739561
 611.2188047244196 0.25243014879478337
 618.6601593342518 0.23850213571248763
 626.1814926770157 0.22549576458827028
 633.7848042210342 0.21342449029096358
 641.4707604557486 0.20233778393840912
 649.2393613811589 0.19235687073328225
 657.0919399761472 0.18334386123679175
 665.0291627301547 0.17514881970143142
 673.0543620903867 0.1677404730063768
 681.1588736941092 0.16113532372841155
 689.356693819585 0.15544658733099784
 697.6411575724032 0.15068000310647306
 706.0189298469749 0.14672126361138943
 714.476680854478 0.14340672116406905
 723.0344052781454 0.1406112073416106
 731.6787733291553 0.13834918509475735
 740.4164499019184 0.13656585948577704
 749.2474349964351 0.1351786827095459
 758.1717286127051 0.13420066077609805
 767.1893307507286 0.13356939492992834
 776.3069063049163 0.13323940319253608
 785.5244552752685 0.13316840891746726
 794.8286478729628 0.13316163833857403
 804.2394787812327 0.13296295876908812
 813.7502831056668 0.13245901381856084
 823.3610608462652 0.13169555300735317
 833.0651471086172 0.13076305546897787
 842.8825365759552 0.12975715122880205
 852.7932345650469 0.1288324952101302
 862.8172357591245 0.1282624873735369
 872.9412103693667 0.12831537444303118
 883.171823290184 0.12892964604075235
 893.5090745215766 0.12967113434420235
 903.9529640635446 0.13018580538331193
 914.5101568104989 0.13054058747635391
 925.1739878680283 0.1310237924927951
 935.9511221305441 0.13175021451489874
 946.8415595980462 0.13254102787653058
 957.8386353761235 0.13318559247051381
 968.9556792535981 0.1337283803912699
 980.1793614416479 0.1342071071984015
 991.5296766235059 0.13425064640890133
 1002.9866301159392 0.13340715982570425
 1014.5702166021806 0.1316318590211654
 1026.2671062934082 0.12930111268191635
 1038.0839640840331 0.12667879311694688
 1050.0274548684663 0.12369684209006307
 1062.0842488578855 0.12061782099842323
 1074.267675841113 0.11817155927655178
 1086.5777358181488 0.1166320512855167
 1099.0077638945816 0.11556586665540472
 1111.5710898592336 0.11480032765000847
 1124.2543839232826 0.11433491001735985
 1137.070975875551 0.11413342486326547
 1150.0142008216274 0.11438122436022524
 1163.084058761512 0.11541942063402029
 1176.2938794840268 0.11726949043107775
 1189.6303332003497 0.11969104931092844
 1203.1000848048916 0.12254516811515909
 1216.7031342976527 0.1254554147097053
 1230.446146573044 0.12762701814403377
 1244.3224567366542 0.12886456726725026
 1258.3387296828944 0.1297723763049339
 1272.494965411765 0.1309289712298096
 1286.7911639232655 0.1324464151508987
 1301.227325217396 0.13386155870249086
 1315.8034492941565 0.1349030808635404
 1330.5195361535475 0.1359319916273849
 1345.3889155843904 0.1368796435619617
 1360.398257797863 0.1371819103544212
 1375.5542276883766 0.13719791931216252
 1390.8568252559317 0.13730599735697346
 1406.3060505005276 0.13753487205670537
 1421.9085683165754 0.13842404482989862
 1437.6643787040753 0.14011935254581653
 1453.5668167686163 0.14204918712499554
 1469.6225474046091 0.14411831436647146
 1485.8382355064648 0.1466400285414919
 1502.2005512853618 0.149118921339262
 1518.7294894245324 0.15065843045735006
 1535.4050552407443 0.15113171247920232
 1552.24724341723 0.1510781039664146
 1569.2427241651676 0.15129099613786867
 1586.3981623789684 0.15196078355661038
 1603.7202229530428 0.1513804294108965
 1621.2022409929803 0.14896541635630758
 1638.8508813931917 0.14689992297583224
 1656.659479259266 0.14595661264291077
 1674.6413643800252 0.1456858396948906
 1692.7832069666474 0.14497908074877028
 1711.0983368079542 0.14321727655176483
 1729.5800890095352 0.14039268245204894
 1748.2284635713897 0.13774579979622956
 1767.0501253879293 0.1365468459597154
 1786.051739353565 0.13514019518007547
 1805.2199756794741 0.13317302450524626
 1824.561499260068 0.13143263395045543
 1844.0763100953475 0.13005262917518823
 1863.771073079722 0.1286837649727624
 1883.6457882131926 0.1269590864965737
 1903.6937906013482 0.12469674387836585
 1923.9284100330103 0.12164064056088095
 1944.3363167193575 0.1179091625863246
 1964.9308404492117 0.11528541868964529
 1985.7053163281612 0.11574411082750073
 2006.6597443562066 0.11531175537853276
 2027.80745432217 0.11382073519341192
 2049.135116437229 0.11462886156211322
 2070.649395595795 0.11752602533618615
 2092.350291797867 0.11969031930780118
 2114.2378050434468 0.11927649494589423
 2136.318600226944 0.11742791164320292
 2158.5860124539477 0.11484312660511833
 2181.046706618869 0.11079450367591179
 2203.7006827217087 0.10672468582584708
 2226.5412758680545 0.10334135938365961
 2249.5818158467296 0.10134978145939115
 2272.815637763322 0.09814505649040205
 2296.242741617832 0.09190763384094798
 2319.8697923046707 0.08307351284653464
 2343.6901249294274 0.07371691368651961
 2367.7037394921017 0.06635141510226629
 2391.9239657815156 0.061860218803236895
 2416.3441389032578 0.05920368282138457
 2440.9575939629185 0.057452082908751964
 2465.7776607493183 0.056237902288509584
 2490.797674368047 0.05497510524408111
 2516.0176348191044 0.054056494953094704
 2541.4442069969014 0.053179516609415306
 2567.0707260070267 0.05187735838852405
 2592.9038567438924 0.049254757355817934
 2618.936934313086 0.04496604546973556
 2645.1832885034305 0.03886032614921732
 2671.629589526104 0.03239194892562601
 2698.2891671699276 0.02575531727618377
 2725.155356540491 0.02017511129652973
 2752.2214927433834 0.016552623223346167
 2779.500905567426 0.013911836295130833
 2806.993595012619 0.01156942989636614
 2834.692896184552 0.00960865497898707
 2862.5988090832248 0.008054674033852387
 2890.7179986030483 0.00681737136180881
 2919.0504647440216 0.005811686950684273
 2947.589542611735 0.00497998591857499
 2976.341897100599 0.00428373052583558
 3005.3075282106133 0.003695832446999093
 3034.4797710473676 0.0031962987165418608
 3063.8719553996834 0.00276981233702605
 3093.4707514787387 0.0024043134321097156
 3123.2894890733555 0.0020901132005607987
 3153.3148383947123 0.0018193117633365217
 3183.5534643372193 0.001585394939833248
 3214.0120317952883 0.0013829451858471374
 3244.677210980097 0.0012074267304172412
 3275.5623316804663 0.0010550215498337779
 3306.660729001987 0.0009225015730247462
 3337.972402944658 0.000807127181450263
 3369.4973535084796 0.0007065656911309156
 3401.235580693452 0.0006188250573341918
 3433.1870844995747 0.0005421996783295703
 3465.3585298212593 0.0004752256265057147
 3497.7365868696834 0.00041664361037289254
 3530.334585433669 0.00036536806356390124
 3563.1391957243936 0.0003204614181095813
 3596.1637475306807 0.00028111238529369764
 3629.394911063707 0.0002466178049354955
 3662.846016112295 0.00021636727162069935
 3696.5037328876224 0.00018983008428600915
 3730.381391178512 0.00016654425104594485
 3764.46566119614 0.00014610707329348457
 3798.7632078349193 0.00012816713685304758
 3833.267366200438 0.00011241745694405695
 3867.991466081519 0.00009858960267957142
 3902.9155127949284 0.00008644865040564123
 3938.059501023899 0.00007578884997752158
 3973.403436085198 0.00006642986456019672
 4008.9606477676484 0.00005821353453969367
 4044.7311360712492 0.00005100108103939584
 4080.7015712071784 0.00004467066790721258
 4116.878618069847 0.000039115290245938836
 4153.262276659256 0.0000342409370802165
 4189.852546975404 0.000029964986681009215
 4226.649429018292 0.000026214814949404323
 4263.646257893508 0.000022926568782971392
 4300.849698495464 0.000020044102096973437
 4338.246421035338 0.000017518040981315933
 4375.8497553019515 0.000015304964815301682
 4413.653036400894 0.000013366688475659545
 4451.656264332165 0.000011669632126393982
 4489.852774201353 0.000010184267889165474
 4528.24923090287 0.000008884634073149582
 4566.838969542306 0.000007747907155030777
 4605.621990119657 0.000006754025760652713
 4644.598292634929 0.0000058853599414291084
 4683.767877088117 0.000005126419792598478
 4723.1307434792225 0.000004463599065569944
 4762.680226913835 0.0000038849489831133205
 4802.409662497544 0.0000033799796607357893
 4842.33238001917 0.00000293948428246077
 4882.441714584303 0.0000025553852418238254
 4922.731001298531 0.0000022205975590142425
 4963.200240161856 0.000001928909324441438
 5003.849431174276 0.0000016748760174756363
 5044.6852392302035 0.0000014537274675623873
 5085.687669646404 0.0000012612859261764015
 5126.870052211701 0.000001093893942251616
 5168.225722031682 9.48350902343724E-7
 5209.748014211938 8.218570227704585E-7
 5251.443593646879 7.119642050500914E-7
 5293.305795442093 6.165328873626361E-7
 5335.341284491992 5.336937465210624E-7
 5377.530066113343 4.6181443458180694E-7
 5419.885470094969 3.9947011545209495E-7
 5462.400831542456 3.45417607572876E-7
 5505.076150455807 2.985727454440697E-7
 5547.90476194061 2.579904323811754E-7
 5590.886665996865 2.2284719378039236E-7
 5634.021862624571 1.9242581600450351E-7
 5677.30368692932 1.6610194114555082E-7
 5720.732138911109 1.4333227808141234E-7
 5764.307218569938 1.2364428998372917E-7
 5808.02892590581 1.0662716242171098E-7
 5851.883931129901 9.192389864167494E-8
 5895.885564031031 7.922441024801961E-8
 5940.013829925971 6.825947238536587E-8
 5984.2820586035405 5.8795434681185713E-8
 6028.676920274917 5.0629615521318574E-8
 6073.198414940103 4.3586269861610385E-8
 6117.846542599097 3.751307608606098E-8
 6162.614638357488 3.227806866882195E-8
 6207.509367109688 2.7766966592361105E-8
 6252.517399066874 2.3880843883987152E-8
 6297.645399123457 2.0534102901869546E-8
 6342.880037490614 1.7652705710372286E-8
 6388.227979062759 1.51726417204051E-8
 6433.6825589454775 1.3038590027585387E-8
 6479.237112244362 1.1202757177297805E-8
 6524.898303853821 9.623871473741336E-9
 6570.652803985034 8.266302930649158E-9
 6616.507277532411 7.099306719405901E-9
 6662.4550596015415 6.096361696954868E-9
 6708.482820403603 5.234597771753093E-9
 6754.603889727418 4.494300764235538E-9
 6800.791607995342 3.858483636153998E-9
 6847.112624151486 3.3125128075947566E-9
 6893.50028925174 2.8437885371286814E-9
 6939.887954351994 2.441463615660513E-9
 6986.408917340466 2.0962050171562787E-9
 7032.996529273048 1.7999842807638228E-9
 7079.65079014974 1.5458971753401238E-9
 7126.371699970541 1.3280105840057002E-9
 7173.092609791342 1.141226667476886E-9
 7219.946817500363 9.81167705457085E-10
 7266.801025209382 8.440765317353158E-10
 7313.788530806622 7.26730665680623E-10
 7360.709387459752 6.263683051767935E-10
 7407.7635420011 5.406261474193291E-10
 7454.81769654245 4.674841180369163E-10
 7501.938500027909 4.052186949684178E-10
 7549.059303513367 3.52365430801436E-10
 7596.180106998825 3.0768577008860074E-10
 7643.367559428395 2.7014065497163327E-10
 7690.621660802071 2.3887130842480463E-10
 7737.8757621757495 2.1318545343823638E-10
 7785.063214605318 1.9255119556157253E-10
 7832.383964923105 1.7659594411418556E-10
 7879.638066296783 1.6511685377390013E-10
 7926.9588166145695 1.5811971985594302E-10
 7974.212917988248 1.556389075481957E-10
