 0.26192572442822415 0.000099886658370941
 0.7888565076551727 0.0012438553087826838
 1.321986911731867 0.004770194568762265
 1.8613922356969679 0.011968611124953451
 2.4071319261599453 0.023862918449215457
 2.9592984556244164 0.04105552904362188
 3.517957875878681 0.0636827892839595
 4.083182843889868 0.09146262651660883
 4.655052621803937 0.12379160794049648
 5.233646471766845 0.15985636175494147
 5.819050261103382 0.19873825785666877
 6.411323436423018 0.23950107495817283
 7.01053865469288 0.281257951263086
 7.616828019489567 0.32321699467823845
 8.230250977422546 0.36470691406127653
 8.85087358028012 0.4051853996587674
 9.478761879850586 0.444234822007504
 10.11411403149884 0.4815503085050298
 10.756863983436586 0.5169246586210499
 11.407143839240419 0.5502332126941093
 12.065085702486938 0.5814199429829349
 12.730755624964441 0.6104842821963321
 13.404285710249528 0.6374677973072996
 14.0856759583422 0.6624437204518902
 14.775058472819051 0.6855074596946793
 15.47256535725668 0.7067691726713067
 16.17826266344339 0.7263458245117491
 16.892216443167474 0.7443554117845198
 17.61455880000554 0.76091273359867
 18.34542183753417 0.7761279475898394
 19.08480555575338 0.790105022762452
 19.832908110028058 0.8029416363458624
 20.589729500358207 0.8147283486435274
 21.355533933897025 0.8255479325979569
 22.130255358856207 0.8354749096433735
 22.914025878812357 0.8445772000073697
 23.707043649130366 0.852918856023028
 24.509374721598537 0.860562434437554
 25.32108514800517 0.8675701309946656
 26.14237308371516 0.8740023879925696
 26.973238528728512 0.8799149031122073
 27.813813586621812 0.8853549162385255
 28.66429641275997 0.8903580635729412
 29.52475305893128 0.8949513688050963
 30.395249576924037 0.8991608757580237
 31.275984122103143 0.9030151552791692
 32.1670227462569 0.9065436033668074
 33.068497552961894 0.909773862573702
 33.98054064579473 0.9127301201335208
 34.90328412833202 0.9153042200282557
 35.836794052362045 0.9179083541594144
 36.781268573249704 0.9201681328478316
 37.73677374278329 0.9222258011551291
 38.70350771632772 0.9240905904562036
 39.681536545671285 0.9257707006874158
 40.670992334390576 0.9272748990763214
 41.672007186062196 0.9286138094398407
 42.68477925605104 0.9298007889070143
 43.709440647933704 0.93084940089459
 44.74605741349849 0.9317695987844395
 45.794761656322 0.9325718001057762
 46.85575153176913 0.9332750348995883
 47.92915914341648 0.9339058627081767
 49.01511659484063 0.9344847575864796
 50.11375598961819 0.9350181144534204
 51.22527548311407 0.9355054691616578
 52.34974112711655 0.9359481110093616
 53.48735107699055 0.9363477934420429
 54.63830348810093 0.9367013705721673
 55.80266441223603 0.936997290288132
 56.98063200476071 0.9372175539874845
 58.1723383692516 0.9373440083519923
 59.377981661073576 0.9373677830102459
 60.59769398380324 0.9372889811060992
 61.8316734928055 0.9371079120711129
 63.07998623986864 0.9368224098843613
 64.34289643214586 0.9364345374229166
 65.62060222500206 0.9359535776336022
 66.91310361843725 0.935387936740486
 68.22092902675782 0.9347426687923944
 69.54394634638714 0.9340267473045901
 70.88215557732524 0.9332495067958235
 72.23621723745511 0.932413886865922
 73.60547080889376 0.9315205063780072
 74.99123732740716 0.9305735426581496
 76.39285627511232 0.9295783591867363
 77.81098816989224 0.92853603897423
 79.2456330117469 0.9274475618872398
 80.69745131855933 0.9263147329432038
 82.1657825724465 0.9251399244507543
 83.65062677340842 0.9239305627673506
 85.15330495721109 0.9226914956541115
 86.67381712385448 0.9214208149497454
 88.21150275545563 0.9201161999175465
 89.7670223698975 0.9187771864101735
 91.3410364850631 0.9174076938940633
 92.93288458306944 0.9160127764180417
 94.54388769968249 0.9145944968591809
 96.17338531701927 0.9131488326071905
 97.82137743507975 0.9116592220452368
 99.48852457174698 0.9101522973725428
 101.1754872449039 0.9086088011754174
 102.88160493666754 0.9070281731909976
 104.60819868280386 0.9053895783608575
 106.3546079654299 0.9036824444400033
 108.12083278454566 0.9019072355757763
 109.9075336580341 0.9000632813331281
 111.71537110377821 0.8981501691366444
 113.54434512177802 0.8961620713585967
 115.39379519415054 0.8940821239789227
 117.2657028745447 0.8918891825076352
 119.15808660931157 0.8895676206509143
 121.07358846998308 0.8871147566685669
 123.01022690291029 0.8845366760479547
 124.96998346174216 0.8818538528440167
 126.9521976285957 0.8790929497429072
 128.95752992135388 0.8762668081543987
 130.9859803400167 0.8733880116286298
 133.03754888458423 0.8704856983042412
 135.11355659082236 0.8675870465866552
 137.21268242296517 0.8647067544750092
 139.33690793466158 0.8618650381646078
 141.48491209014566 0.8590762346511007
 143.65867644306633 0.8563189931567938
 145.85687995765764 0.8535616485186333
 148.0801831518026 0.8507898121690426
 150.32990706126716 0.8479995130696584
 152.60539116816832 0.845190390216993
 154.9066354725061 0.842360329162048
 157.2349610100465 0.8394890105656646
 159.5897072629065 0.836568389207263
 161.97219526685208 0.8336071807424715
 164.38176450400027 0.8305978040980512
 166.81907549223402 0.8275206619418186
 169.28412823155338 0.8243647178814395
 171.7782437577243 0.821140286302273
 174.3001010349808 0.8178577847335325
 176.85168161697186 0.8145030308953487
 179.4329855036975 0.8110480212314701
 182.0433521772747 0.8074707861010813
 184.68344215558645 0.8037577105155077
 187.35457647439873 0.7998949731983673
 190.05609461582856 0.7958680824382303
 192.78865709775897 0.7916611540816428
 195.5522639201899 0.7872692372236323
 198.34823611888729 0.7827171895329152
 201.17591317596828 0.7780227517523101
 204.03595560931575 0.7731859754537435
 206.92836341892976 0.7682177423137697
 209.85445764057624 0.76308057940412
 212.81423827425525 0.7578842753413344
 215.80704480208374 0.7524590117860804
 218.83485877771076 0.7468327208601694
 221.89701968325323 0.7410345922741687
 224.99418803659415 0.7350910308545987
 228.1270243556166 0.7289828518446908
 231.2955286403205 0.7226719435905417
 234.4997008907059 0.7161469086963287
 237.74086214253867 0.7094324501149883
 241.01967291370195 0.7025849875344369
 244.33481216842966 0.6956806411186276
 247.6882614603708 0.6887668054682876
 251.08002078952538 0.6818036154840024
 254.51009015589338 0.6747205723418395
 257.9791300773578 0.6675025654672472
 261.48780107180164 0.6601888410965187
 265.0367636571079 0.6528080216490264
 268.62535731539356 0.6453461827045351
 272.2549030824246 0.6377953821863179
 275.926061476084 0.6301681005006601
 279.63883249637183 0.6224367466667244
 283.393216143288 0.614491317764652
 287.19119397048155 0.6062953008702701
 291.03144494218645 0.5979142439025383
 294.9152900941687 0.5893966244726465
 298.8427294264283 0.5807461557593242
 302.8150839747313 0.5719527296649188
 306.8323537390776 0.5630117562879455
 310.8951992373502 0.5539438128271966
 315.004280987432 0.5447610702573962
 319.1589384714403 0.5354313476962226
 323.3611532430238 0.5259536137051399
 327.61026478429966 0.5163409675535546
 331.90759413103376 0.5065815992702303
 336.25314128322617 0.49667512722290835
 340.64756675875987 0.486610778036081
 345.0915310755178 0.4763380473218352
 349.58569475138296 0.46581136612565266
 354.13005778635545 0.4550273461719428
 358.7259412162011 0.44399549732400706
 363.37334504091996 0.432759356602448
 368.07226926051214 0.4213793044191602
 372.8246954286265 0.40995952122346757
 377.6299630273801 0.3985882465821208
 382.4893930925388 0.38722705940965557
 387.40298562410277 0.3758056568554614
 392.3714011399549 0.36433701957351344
 397.3953001579782 0.352847598805066
 402.4753431960557 0.3412781229346506
 407.61219077207033 0.329612316197498
 412.80650340390514 0.31781600602892807
 418.0589416094431 0.3060629031559572
 423.3695053886841 0.29434088784045986
 428.73885525951124 0.28270478104062197
 434.16831225769056 0.271224870135476
 439.6585369011049 0.2598976791771557
 445.2088686718714 0.24867719053537976
 450.82128912363896 0.23752655606845113
 456.49645877429066 0.22644064952684614
 462.2337171059433 0.2154504295382214
 468.03504567224604 0.20457015574033652
 473.9004444731989 0.19379093713301151
 479.83057402668476 0.1831406019279464
 485.82609485058657 0.17270164973643928
 491.8876674627874 0.1624951941053211
 498.01661289905337 0.15249654239604118
 504.21293115938425 0.14275486328360837
 510.47728276166316 0.13336782368299188
 516.8109887416559 0.12432209740830732
 523.2140490993628 0.11554677821740063
 529.6871243526666 0.10704030348088982
 536.2315355373332 0.09883620010838602
 542.8479431712459 0.09098119742276055
 549.5363472544045 0.08349129819289867
 556.2980688225749 0.07634459982148949
 563.1337683936403 0.06952704380128796
 570.0441064854836 0.06306510715951195
 577.0304041338708 0.056965030099304
 584.0920008209188 0.05124916131514183
 591.2308781002766 0.045945964384863584
 598.4476964898273 0.041019891295046934
 605.7424559895709 0.036425029106421786
 613.1171381531562 0.03218178070466781
 620.5710824627005 0.028322515209639514
 628.1062704718524 0.02481381401277205
 635.7233626984952 0.021611680587595127
 643.4223591426288 0.01871632019037739
 651.204580840019 0.01611207300554675
 659.0706883085492 0.013757732032153393
 667.0239841376339 0.011651393750379211
 675.0558815947944 0.00978826558106691
 683.1802515555736 0.008140980881261339
 691.3904888411416 0.006674141711847162
 699.6931986303282 0.005386251455508712
 708.0751705654736 0.004302011208592677
 716.5562201830675 0.003435192893146866
 725.1231371254502 0.0027842506922374504
 733.7825265714514 0.002308211122599149
 742.5343885210713 0.0019447645696996862
 751.3787229743098 0.001569808709896803
 760.315529931167 0.0014318067205440542
 769.3514145704726 0.001263908536798663
 778.4863768922269 0.0011285622438163567
 787.7072065387697 0.000999579256165826
 797.033719046591 0.0008559185887171372
 806.4593092368609 0.0006973420307404124
 815.9839771095793 0.000532179943999341
 825.6011174859165 0.0003669249968468779
 835.3305459023617 0.0002293826732348689
 845.1524468224259 0.0001540720905456713
 855.086635782598 0.00017792668789947031
 865.1199024252189 0.00020201919679602731
 875.2588519291181 0.0002827104075378356
 885.5034842942958 0.0003576733129253345
 895.853799520752 0.00040116642518939373
 906.3164027873165 0.0004066722750374617
 916.8846889151594 0.0003820297643996176
 927.5652630831106 0.0003368236544866273
 938.3581252911702 0.0002794255542892331
 949.2566703605081 0.00022448339691821627
 960.2741086487844 0.00021482390683469135
 971.397229798339 0.0002454147391313632
 982.6458493456619 0.00027635071739812855
 994.000151754263 0.0004045159444770077
 1005.4799525606322 0.0005665441238420205
 1017.07204140711 0.0007389982231726386
 1028.7830234725259 0.0009096309051926189
 1040.6195039357099 0.0010553455793418027
 1052.5682724390022 0.001134319991583675
 1064.6425393400627 0.0011079792173963859
 1076.8423046388914 0.0009617013778065724
 1089.1609631566585 0.0007005503718784179
 1101.6117252510232 0.00033600705944052144
 1114.1813805643262 -0.00009880596348770458
 1126.8831394542276 -0.0005355355229883538
 1139.7103967418968 -0.0009020072335418369
 1152.6631524273341 -0.0011702972381527296
 1165.7546168681997 -0.0013595184023237838
 1178.9715797068332 -0.001496943404959521
 1192.3206461220648 -0.0016103068031408623
 1205.8018161138941 -0.0017341175906809348
 1219.4216948611518 -0.0018870616175286061
 1233.1736771850074 -0.0020595661026317053
 1247.0643682642908 -0.002217763349086834
 1261.0937680990023 -0.002326762008815587
 1275.2618766891417 -0.0023825001737195323
 1289.5686940347089 -0.0024340730288118155
 1304.0142201357041 -0.002546968102325908
 1318.5984549921275 -0.002444243750281577
 1333.3346089616384 -0.002340449352903451
 1348.2094716865772 -0.0029506776320551596
 1363.2296483457737 -0.0030432209276690415
 1378.3951389392284 -0.0031402560865350674
 1393.7059434669409 -0.0032558691037352467
 1409.168667107741 -0.003392476639759315
 1424.7833098616288 -0.0035424078862153975
 1440.5432665497747 -0.0035824925679022747
 1456.455142351008 -0.003506869814676537
 1472.525542444159 -0.0034304936591770686
 1488.741256471568 -0.0031898241861169478
 1505.1220999697243 -0.003046992898395018
 1521.6482574021388 -0.0029786176516924424
 1538.3395443053007 -0.002893704732079826
 1555.1827503215502 -0.0028730758582169325
 1572.1844806297177 -0.002995989964665775
 1589.3513404086323 -0.0031847413601556298
 1606.6767244794646 -0.003366386401992409
 1624.1672380210448 -0.003289483073971116
 1641.8162758545425 -0.003211882736934525
 1659.6370483376174 -0.0028436692361253793
 1677.6163451126101 -0.002544761236434385
 1695.7673765371803 -0.00238205283882649
 1714.0835374324981 -0.002229592866083741
 1732.564827798563 -0.0019239368344870606
 1751.2178528142058 -0.0015405212705280795
 1770.049217658256 -0.0012605781249099275
 1789.0457119730536 -0.0011241260782451537
 1808.2139409374286 -0.0009736185155071083
 1827.5539045513813 -0.0008005651503871022
 1847.072207993741 -0.0006546243333389111
 1866.768851264508 -0.000440838955029277
 1886.6372291848527 -0.00018652624735028208
 1906.6905521124345 -0.00006806868769811272
 1926.9156096895938 -0.000022073133811317628
 1947.3256122739908 0.00024762393707439235
 1967.9139546867946 0.000839091700441616
 1988.6806369280057 0.001460458587486924
 2009.6388693552844 0.0019002690332656912
 2030.77544161097 0.0022550483565756227
 2052.096958873893 0.002523599572995745
 2073.6034211440533 0.0026295770976807677
 2095.294828421451 0.0027119316887207353
 2117.1777858849155 0.002834621973007276
 2139.2456883556174 0.00291469450628645
 2161.5051410123865 0.0030623084713557354
 2183.9561438552228 0.0030858693124009265
 2206.5920917052963 0.0028153852317363568
 2229.426194920267 0.002441208623747385
 2252.4518483213046 0.0021164811904770984
 2275.6690519084095 0.001849271094270255
 2299.0844108604115 0.0015797803998027532
 2322.69131999848 0.0013313714245442624
 2346.4897793226164 0.0010792459183811024
 2370.4929991904796 0.0007843447995426476
 2394.69437442324 0.0004810548415327072
 2419.0872998420673 0.00024011002595541355
 2443.6849858046216 0.00001630218517789709
 2468.480827132073 -0.0002392526272008254
 2493.474823824421 -0.000460947246391498
 2518.673581060497 -0.0006221651689002082
 2544.070493661469 -0.0007612231450260647
 2569.6721668061687 -0.0007468559086640916
 2595.471995315765 -0.0007323774707822893
 2621.4831895479183 -0.0006005697339852736
 2647.692539144969 -0.0004904425051536379
 2674.113254464576 -0.00042121089629220266
 2700.73873032791 -0.0003162974036008679
 2727.5623615561412 -0.00015248818774389998
 2754.5973585069296 -0.000021850128548336515
 2781.8437211802743 0.000036170264303760906
 2809.2948443973464 0.00004683228416028057
 2836.950728158145 0.00004087631144080754
 2864.817977641501 0.00003278522794588068
 2892.896592847413 0.000025977667080811788
 2921.1799685970527 0.00002061534035786375
 2949.6747100692496 0.00001639941992011982
 2978.3808172640024 0.00001306703488946507
 3007.291685002483 0.000010421798852934966
 3036.4205236423495 0.000008316062931265782
 3065.754122825944 0.00000663671648028941
 3095.3056929109243 0.000005295885578216152
 3125.0620235396323 0.0000042246356807973104
 3155.0297198908966 0.0000033685210671864153
 3185.2153871435476 0.0000026843318890845362
 3215.605814939926 0.00000213765652047634
 3246.214213637691 0.0000017010225959567443
 3277.0339780580125 0.0000013524604231380444
 3308.0651082008912 0.000001074380519663163
 3339.307604066327 8.526906502469485E-7
 3370.7614656543196 6.76096356633019E-7
 3402.4266929648684 5.355451669386649E-7
 3434.3098911768047 4.2378226224794565E-7
 3466.397849932468 3.349957700563692E-7
 3498.7037795895176 2.64531855161298E-7
 3531.214469790294 2.0866629212658473E-7
 3563.9431308924577 1.644208950091362E-7
 3596.876552538348 1.294159339759966E-7
 3630.027945085625 1.0175155597306172E-7
 3663.384098176629 7.991239213208165E-8
 3696.9582221690202 6.456600246254907E-8
 3730.7371067051376 4.912601883673992E-8
 3764.7273569638123 3.845326170506101E-8
 3798.922367766214 3.006553751863288E-8
 3833.3353494700027 2.3481108267765754E-8
 3867.9464865386885 1.8318166865325533E-8
 3902.77559450876 1.4274453858386348E-8
 3937.8028578437293 1.1110959667923989E-8
 3973.041486901256 8.638910928807783E-9
 4008.491481681339 6.709384935182106E-9
 4044.139631826319 5.205038019127302E-9
 4079.992542515026 4.033517288583226E-9
 4116.05021374746 3.1222252516284564E-9
 4152.312645523621 2.414162551889212E-9
 4188.779837843508 1.8646294796733073E-9
 4225.445185528293 1.4386140085936304E-9
 4262.315293756805 1.1087248958859523E-9
 4299.376952171384 8.535585026310986E-10
 4336.64337112969 6.564098050165709E-10
 4374.107945452894 5.042566027231847E-10
 4411.770675140993 3.8695941142396137E-10
 4449.624955015161 2.966328319396208E-10
 4487.6773902542245 2.2715160463809982E-10
 4525.921375679357 1.737633094214947E-10
 4564.356911290554 1.3278501965263758E-10
 4602.983997087821 1.0136591141885462E-10
 4641.802633071154 7.730185214074316E-11
 4680.812819240554 5.889065364522891E-11
 4720.007950417191 4.481927301583566E-11
 4759.381421422236 3.407601809166296E-11
 4798.946442613348 2.5882259016236228E-11
 4838.6964088116965 1.9639420548267153E-11
 4878.624714838453 1.4887860154383104E-11
 4918.731360693617 1.1275014092821301E-11
 4959.016346377188 8.530752221050782E-12
 4999.4862770679965 6.44833042032899E-12
 5040.121337229552 4.869691152550487E-12
 5080.934737219515 3.6741284664561255E-12
 5121.919871859056 2.7695597584541054E-12
 5163.070135969344 2.0858134284876373E-12
 5204.39213472921 1.5694716357832538E-12
 5245.879262959824 1.1799127207602887E-12
 5287.538125840014 8.862778990124221E-13
 5329.348907833292 6.65149029015912E-13
 5371.324819297319 4.987725007566473E-13
 5413.4592550532625 3.737026929248576E-13
 5455.7522151011235 2.797666406986871E-13
 5498.197094262073 2.0927509872243042E-13
 5540.7938925361095 1.5642176941688215E-13
 5583.542609923234 1.1682642212264414E-13
 5626.436641244616 7.59415755279516E-14
 5669.475986500256 6.50200751317847E-14
 5712.660645690154 4.8453284196155206E-14
 5755.9906188143095 3.6081938611892464E-14
 5799.452695515064 2.6850628695749653E-14
 5843.060086150075 1.996752114655349E-14
 5886.792975182855 1.4839067954439894E-14
 5930.6645729710635 1.1020700544519899E-14
 5974.661669157039 8.179749561512166E-15
 6018.784263740783 6.067457300789203E-15
 6063.032356722295 4.497987005876047E-15
 6107.399342922746 3.3325906994988196E-15
 6151.891827520964 2.467787918096113E-15
 6196.496600159292 1.826433196238005E-15
 6241.220266016557 1.3510765420543578E-15
 6286.0496147351 9.989512132412847E-16
 6330.991251493752 7.38258423882727E-16
 6376.038571113682 5.453554882856653E-16
 6421.184968416061 4.026905612851993E-16
 6466.437048579718 2.9723074654452685E-16
 6511.781601246994 2.1930811796372824E-16
 6557.225231596718 1.6175636952482599E-16
 6602.761334450061 1.1927039510481172E-16
 6648.3766994493635 8.792222921353155E-17
 6694.084536952284 6.479064194384752E-17
 6739.858426243503 4.773246440674367E-17
 6785.76441911132 3.5164471971286066E-17
 6831.736463767437 2.5895531567316858E-17
 6877.708508423555 1.906649873052578E-17
 6923.81265665627 1.4041244573969058E-17
 6969.982856677282 1.0331953852103063E-17
 7016.219108486595 7.606107799672701E-18
 7062.5214120842065 5.598288401098512E-18
 7108.823715681818 4.119539107765844E-18
 7155.258122856028 3.030236044796088E-18
 7201.692530030237 2.2276850142237905E-18
 7248.259040781045 1.636644844016031E-18
 7294.759499743554 1.2021467192728312E-18
 7341.39206228266 8.788008463495257E-19
 7388.024624821767 6.464284195883828E-19
 7434.723239149174 4.72841114838663E-19
 7481.42185347658 3.385394679627615E-19
 7528.120467803985 2.47387051743033E-19
 7574.885133919691 1.791188322601403E-19
 7621.715851823693 1.2563600570171517E-19
 7668.546569727697 8.9313572755026E-20
 7715.311235843402 5.780537917489287E-20
 7762.2080055357055 3.72804670963531E-20
 7809.038723439709 2.182705733116434E-20
