 1.2914839698725455 0.9981125952400345
 1.8184432937377204 0.9948332722591039
 2.351590827727145 0.9889876399370735
 2.891016910674749 0.9799861948432175
 3.4367860703190556 0.9674843647592158
 3.9889692871724374 0.9513629290163063
 4.547643994521122 0.9317502421658505
 5.112887625651336 0.9089682659435133
 5.6847840666231555 0.8834920415864017
 6.263391392401252 0.8558599594050598
 6.848780583498001 0.826575334458254
 7.4410806953904425 0.7961939852193377
 8.040349803043249 0.7652584580971878
 8.646652434194943 0.7341999478550056
 9.260053116584043 0.7033198442607369
 9.880745433426116 0.673004612395362
 10.508664856982644 0.6435238093930841
 11.143940442730665 0.614958450296914
 11.786701246147226 0.5874810597862848
 12.437011794970848 0.5611851723603917
 13.095001144678577 0.5361510726798142
 13.76066929527041 0.5123988153105623
 14.434145302223392 0.4898793905568785
 15.115558221014567 0.4686011340205938
 15.804972579382454 0.4485517867516731
 16.50245290506558 0.4296662342998845
 17.208128253540988 0.4118798584757471
 17.922127680285715 0.3951818668214345
 18.64445118529977 0.37949975700892935
 19.375292351798713 0.3647796073666487
 20.114651179782545 0.35095385806895757
 20.862785780205357 0.3379860652466291
 21.619631625328623 0.32585351608594937
 22.38531777062939 0.3144530006564169
 23.160037799323216 0.303759309057756
 23.94385623914863 0.29375701510078917
 24.736837617844156 0.2843786219929238
 25.539175518625353 0.27558766983675875
 26.35086994149223 0.2673443827113342
 27.17204994192182 0.2595766035942354
 28.0029091031297 0.25227126028760605
 28.843511952854378 0.24543535162287738
 29.693923018834386 0.2390416281518862
 30.554335884285287 0.23307413471079058
 31.424815076945606 0.22751129116484783
 32.30548965229238 0.22230602260177834
 33.196488665802654 0.21742034548869646
 34.09794117295348 0.21282604070497219
 35.009911701483375 0.20848273640118706
 35.9325938346079 0.204362834255496
 36.86605210006558 0.2004444805014197
 37.81048008107199 0.19671345195761128
 38.765942305365634 0.19316923922042115
 39.73256782842357 0.18980556085117917
 40.71048570572284 0.18662566113140427
 41.699889520479 0.18364148849139
 42.700908328169106 0.1808688061062577
 43.71360665653167 0.17829177592052162
 44.73811356104374 0.1758689238272662
 45.77462262492088 0.17357093409977173
 46.82326290364014 0.17138909179540587
 47.88416345267856 0.16932118661757073
 48.95745332751318 0.1673569991946969
 50.04332611135957 0.16548478041245912
 51.14184633195625 0.16367951113100931
 52.2532075725188 0.16190710858337912
 53.37760341626275 0.1601593592873594
 54.51509839092666 0.1584329261440711
 55.665886079726064 0.15673903688761637
 56.83009553813803 0.15509920080107287
 58.007920349378125 0.15352000366905022
 59.19948956892337 0.1520050546066477
 60.404996779989354 0.15058026440800526
 61.62450651031458 0.14928147418459872
 62.85827687085314 0.14812737111852264
 64.10650144482061 0.14712530937929255
 65.36918023221698 0.14623053035825953
 66.64682945495043 0.14543502813574505
 67.93932005754392 0.14477922938106935
 69.24665203999744 0.14424519357627794
 70.56947067969622 0.14387769207565598
 71.90713069925503 0.1436231738564061
 73.26092265344431 0.14343841216610717
 74.63020126487886 0.1432935903996018
 76.01561181094387 0.14307838347226046
 77.41715429163935 0.14274864593549505
 78.83547398435053 0.14234152793390698
 80.26992561169217 0.1419104853316766
 81.72050917366428 0.1413678227006143
 83.18851522503732 0.14072644657001787
 84.67394376581126 0.14012876573622748
 86.1761495186009 0.13960280916442347
 87.69577776079146 0.1390981051007168
 89.23347376976812 0.13862504123128952
 90.7885922681457 0.13809441340120446
 92.36242381069464 0.1374949854037721
 93.95432312002971 0.13693303294113926
 95.56429019615089 0.13642382631631325
 97.19297031644344 0.13600511751925856
 98.84100875829256 0.1357713767897809
 100.507760244313 0.13569488979083577
 102.19451532927525 0.13573834526566914
 103.90062873579406 0.1358956248111072
 105.62610046386945 0.13604232437339683
 107.37157579088661 0.13609430466563932
 109.13769999423077 0.13606188904519095
 110.92447307390195 0.13601675042296596
 112.73124975251493 0.13592098601453056
 114.55996586222534 0.13589419106113362
 116.40868557087751 0.136050498979193
 118.27998998801236 0.1364972430647187
 120.17194328147423 0.1372214110834557
 122.08648128341875 0.1380332132172986
 124.02295871646072 0.1388535952272452
 125.98202085798535 0.13958228688403407
 127.96366770799263 0.14022973106758888
 129.9678992664826 0.14081112832707277
 131.99600608822564 0.1414295136952538
 134.04669761845133 0.1420522062556197
 136.12190968931537 0.14257337849753882
 138.2203517460473 0.14285705978055446
 140.34395962080274 0.1429294274454285
 142.49144275881127 0.14304910917387023
 144.66344643745816 0.14331388499720576
 146.86126121151378 0.14381218338324048
 149.08424180359293 0.14452812701639423
 151.33238821369562 0.14529134882206277
 153.60699099659232 0.14600305513018963
 155.90740487489776 0.1465605128150054
 158.23492040338238 0.14697273498359684
 160.588892304661 0.1474230663636737
 162.96996585611876 0.14802899375042125
 165.37814105775576 0.14873062128874762
 167.8147084643424 0.14939784542808285
 170.2783775211082 0.1498527767743125
 172.77108406020886 0.15004365585668242
 175.2928280816444 0.15018605503337593
 177.84296430802956 0.1503636985498414
 180.42213801674956 0.15048134582563155
 183.03163976257486 0.15055417031017002
 185.6708242681202 0.15071580951893213
 188.34033681077088 0.15109963657790654
 191.04017739052682 0.15175830058869627
 193.77163656215848 0.15262811877630478
 196.53406904828066 0.15345676113127382
 199.32812012627855 0.1539881965242012
 202.15378979615218 0.15429746069054434
 205.01236861267196 0.15461829494206536
 207.90385657583792 0.15502083227140945
 210.82760840826484 0.15536275211338813
 213.78555994210836 0.15567109797415749
 216.77706589998326 0.15601096715836696
 219.80277155927473 0.15627311417578774
 222.86332219736806 0.15638925600384324
 225.9587178142632 0.15633499615787214
 229.08895840996016 0.15615442987642295
 232.25533453922935 0.1560600676543103
 235.45849147945606 0.1564503235793207
 238.69713867586978 0.1576567893955249
 241.97321196062623 0.15969672924635808
 245.28671133372535 0.16216729469490251
 248.63763679516717 0.16437118271112644
 252.0266336223369 0.16585306551700232
 255.4543470926198 0.16679647825953742
 258.921422483401 0.16773234577803248
 262.4272145172954 0.1688342609010325
 265.97301374907335 0.16988961388131707
 269.55946545612005 0.1705932333720891
 273.18656963843557 0.1709288764034248
 276.8543262960199 0.17144083250657657
 280.5646712610287 0.1726276552715039
 284.3163139786914 0.17418223411669112
 288.1105450037786 0.17541236379345315
 291.9473643362903 0.17600110416082115
 295.8280625309969 0.1760214416867815
 299.75263958789833 0.17571559013831403
 303.7217407843799 0.17547579531109672
 307.7360113978267 0.1756352211832087
 311.79480615085373 0.17595698111894015
 315.9000608756164 0.1760063598335723
 320.0511302947297 0.17560433899532263
 324.249304962964 0.17502701050340969
 328.4945848803192 0.17482194024405234
 332.7876153241807 0.17521390529874206
 337.12904157193356 0.17623744097130986
 341.51950890096305 0.1778473346569563
 345.9590173112692 0.17972754610345262
 350.4488573576224 0.181381160210183
 354.9890290400227 0.1824504984630559
 359.57953235847003 0.18307369993495706
 364.2223031451202 0.18362162496123088
 368.9166961225878 0.18416234045313
 373.6640018456433 0.1847740491804247
 378.4642203142868 0.18546273172737762
 383.3179968059035 0.1860842102601181
 388.22597659787857 0.1869068170043986
 393.18880496759726 0.18777227677965752
 398.2071271924448 0.1881174655072516
 403.2815885498063 0.18823898840565
 408.4128343170671 0.1885654435188744
 413.6008644942272 0.18888037355004986
 418.8463243586717 0.18929412176738275
 424.1505044651712 0.19052570086260714
 429.51405009111085 0.19241642337959902
 434.9363159591054 0.19387347464547292
 440.4192379013105 0.19450212180094362
 445.96346119511145 0.19416434060574442
 451.56834056312294 0.19278701909295565
 457.23581183750065 0.1915425386135671
 462.9658750182446 0.1916325717682521
 468.75917538274007 0.1930392877519737
 474.61635820837216 0.194688807474617
 480.5380687725261 0.19565297077649793
 486.5255976299725 0.1961706987942274
 492.5789447807111 0.19638258400308273
 498.6987555021273 0.19571241269030992
 504.8863203489915 0.1942850772088935
 511.1416393213036 0.19314535363848206
 517.465357696449 0.1924952422011926
 523.858766029198 0.19222079979820766
 530.3225095969359 0.19260593152120165
 536.8565883996627 0.19324924341405245
 543.4622929921487 0.19335189910455397
 550.1402686517791 0.19225393333343208
 556.8911606559394 0.19015023128202
 563.7162595594 0.1881907477057852
 570.6149200847755 0.1869217870879092
 577.5890780642214 0.18618518525149666
 584.6393787751233 0.1853006193435409
 591.765822217481 0.18312891762154207
 598.9703442234502 0.17978355380720812
 606.2522995156456 0.176405345533983
 613.613623926223 0.1733051956851451
 621.0549627325676 0.17000762282175505
 628.5763159346792 0.16597736068471228
 636.1789740873285 0.16078007601547922
 643.8635824679005 0.1547322279088188
 651.6333674633215 0.14862114999542098
 659.4799404675834 0.14248922856308027
 667.4168523057762 0.1363778861902772
 675.4376502040473 0.13041879272987922
 683.548786936249 0.1241713241670886
 691.7373569546771 0.11721854087603745
 700.022718580888 0.11001859233717197
 708.3919662671773 0.10283818330741039
 716.8515527873972 0.09559180586115455
 725.4014781415478 0.08870681132300262
 734.0417423296291 0.0824434323219701
 742.7723453516411 0.07637984826311964
 751.5997399814358 0.0701556102017587
 760.5239262190134 0.06417836514161794
 769.5319985166694 0.0585520209804105
 778.6433151959606 0.053190195750934366
 787.8514234830344 0.04837855629301845
 797.1563233778912 0.04403515591443593
 806.5515621066787 0.039695567398676725
 816.0564979909533 0.03549917022353625
 825.6517727091586 0.0318653965709652
 835.356744582851 0.02856567021006245
 845.1585080643264 0.024992881710278705
 855.0635159274366 0.021206413749518073
 865.0717681721819 0.017980735217610726
 875.1832647985625 0.015676523685560405
 885.4044585804301 0.013947007509242574
 895.7288967439326 0.0123426189299265
 906.1630320629225 0.010742252187755364
 916.7068645373996 0.009237919110149257
 927.3539413935118 0.007859480368112225
 938.1171681789633 0.00665013487645743
 948.9836393460498 0.005675178605259412
 959.972713216328 0.004884540879172735
 971.0650314682412 0.0041405631687652916
 982.2799524233458 0.0033922388278457265
 993.6045705339378 0.0027188060617392303
 1005.0453385738691 0.0021544185647199136
 1016.6087093169921 0.0016833131240759354
 1028.2817772156022 0.0013455248070111886
 1040.077447817404 0.001130517750667124
 1051.9957211223975 0.0009255341125633122
 1064.0301443567303 0.0006957914980065952
 1076.1936230681067 0.0005199711007208928
 1088.4732517088228 0.0004313839967307705
 1100.8819358265825 0.0003832668950356182
 1113.4132226475338 0.0003406716851685316
 1126.0671121716766 0.0003014526108873253
 1138.8565099467157 0.00025993951580605417
 1151.768510424946 0.00021225479112715873
 1164.8095663802203 0.00016474854809270866
 1177.9796778125383 0.00012189969358133567
 1191.2852974957525 0.00008620378045574986
 1204.7199726560102 0.00005953480831770254
 1218.290156067164 0.00003790196053708293
 1231.995847729214 0.000015977391364460638
 1245.8370476421594 -0.000002749301871542021
 1259.8137558060012 -0.0000063955814626779365
 1273.925972220739 0.000013004044120453867
 1288.1736968863727 0.00004913159166222637
 1302.5698353506066 0.00008444667380052862
 1317.1014820657365 0.00010371589352852612
 1331.7750898056145 0.00010694053952331586
 1346.590658570241 0.00010485874585317519
 1361.5481883596153 0.00009971792794492513
 1376.6541319475903 0.00008522813245177948
 1391.9084893341653 0.00006347996654318217
 1407.3048077454887 0.0000440058495864765
 1422.8495399554124 0.00003078310835561372
 1438.5491387377886 0.000021511467538061927
 1454.390698544913 0.000014311781796337616
 1470.393577698342 0.000009181392012858412
 1486.5384178765191 0.00000577406754431894
 1502.8445774010013 0.0000033248619139412018
 1519.2991507240836 0.0000016251447422569826
 1535.9085906196185 6.833676410767144E-7
 1552.6793498614581 2.768739155942692E-7
 1569.6049756757502 1.3137721258528084E-7
 1586.691920836347 8.645335694926921E-8
 1603.9337325693966 7.546615661992243E-8
 1621.343316422603 7.59986717378366E-8
 1638.9077668482619 7.622396755016477E-8
 1656.6399893940775 6.793873468876641E-8
 1674.533531286198 5.241399242285111E-8
 1692.588392524623 3.535670641235447E-8
 1710.8110258832053 2.0487589983047012E-8
 1729.2078841357968 8.753323988443805E-9
 1747.7660617346928 1.836560839716641E-9
 1766.4920114537454 2.7943056494006774E-9
 1785.3857332929556 1.0373511906172732E-8
 1804.4536800261744 1.9102475441242495E-8
 1823.6958516534023 2.4902306240286867E-8
 1843.1057954007874 2.655639501694845E-8
 1862.6964168160334 2.4484623637812523E-8
 1882.454810351437 1.9869525316778536E-8
 1902.3938815547015 1.4172484038278661E-8
 1922.5071776519749 8.817582267947409E-9
 1942.7946986432576 4.712537995451283E-9
 1963.2693500762539 2.1557682943472365E-9
 1983.918226403259 8.879455685674987E-10
 2004.7477803981258 3.563660664481742E-10
 2025.7580120608534 1.4294452880729592E-10
 2046.9489213914428 5.936427471265283E-11
 2068.3269611637456 2.7168541928859937E-11
 2089.885678603909 1.354465231366795E-11
 2111.6315264857867 7.557664784961451E-12
 2133.564504809378 4.904334318860502E-12
 2155.6781608008296 3.620436339610578E-12
 2177.985400007848 2.288601302268314E-12
 2200.4797696565793 1.1680918130810701E-12
 2223.161269747024 5.634843913355843E-13
 2246.036353053035 2.1714024168716898E-13
 2269.0985668007584 1.3053587013308608E-13
 2292.3479109901964 4.3596689906911265E-14
 2315.7972911690513 4.3682259645655546E-14
 2339.4402545634725 0.
 2363.270348399607 0.
 2387.3004782251596 4.3944107070110454E-14
 2411.5241912662777 0.
 2435.9414875229613 0.
 2460.558819769063 0.
 2485.36973523073 0.
 2510.3806866818154 0.
 2535.5852213484663 0.
 2560.996244778387 0.
 2586.600851423874 0.
 2612.4119468326303 0.
 2638.423078230805 0.
 2664.6277928445447 0.
 2691.0389962215554 0.
 2717.656688361835 0.
 2744.4744164915332 0.
 2771.4921806106495 0.
 2798.7164334930358 0.
 2826.147175138691 0.
 2853.7779527737653 0.
 2881.61521917211 0.
 2909.6589743337236 0.
 2937.9027654847555 0.
 2966.3594981729093 0.
 2995.0162668504818 0.
 3023.8859770651757 0.
 3052.9557232692882 0.
 3082.23195823667 0.
 3111.7211347411744 0.
 3141.410347235097 0.
 3171.312501266141 0.
 3201.421144060456 0.
 3231.7362756180405 0.
 3262.257895938895 0.
 3292.9860050230204 0.
 3323.9206028704148 0.
 3355.068142254932 0.
 3386.4157176288672 0.
 3417.976234539924 0.
 3449.736787440399 0.
 3481.7102818779967 0.
 3513.8838123050114 0.
 3546.2702842691488 0.
 3578.856792222704 0.
 3611.6562417133814 0.
 3644.6557271934767 0.
