 0. 0.
 0.27211586229200235 0.27211586229200235
 0.8195467217809244 0.8194500176199386
 1.3734183964173268 1.3724905118135353
 1.9338091147252676 1.929948561819121
 2.500780636065847 2.4897831005556004
 3.0744290305563275 3.049296047199826
 3.6548229197090434 3.605339531033057
 4.242037787187558 4.154586116605181
 4.836155978806671 4.693801663100353
 5.43725984038118 5.220072524211054
 6.045438579877117 5.730956795204011
 6.660753956655581 6.22456399751368
 7.283281454380137 6.699566932648749
 7.913158316075449 7.155167657090205
 8.550446301102614 7.591032285805748
 9.195214030973968 8.007212185723422
 9.847530127201837 8.404060778869532
 10.507600454323223 8.782155613909417
 11.175356390825794 9.14223141352757
 11.850935179734208 9.485122780546353
 12.534474064073134 9.811720953119046
 13.2260416653549 10.122938023493653
 13.925775226604175 10.41968279116638
 14.633674747820958 10.702840786854058
 15.349877472029908 10.973263296654823
 16.074520642255695 11.231761215578093
 16.807672880010646 11.479104169477415
 17.549402806807098 11.716021173600831
 18.299847665669713 11.94320260824196
 19.05914469962315 12.161299999223194
 19.827293908667418 12.370924700795007
 20.604501157339506 12.572645919984849
 21.390766445639414 12.766990497080377
 22.186364259616475 12.95444312514623
 22.991225977758354 13.1354470085744
 23.805488843089716 13.310407155836023
 24.629358720147557 13.479692355132455
 25.462904230444206 13.643638686663866
 26.306193995492 13.802553693448171
 27.159433879827926 13.956719235039266
 28.022623883452 14.106395219312395
 28.895901249388867 14.251818065846644
 29.779471842175536 14.39320114495851
 30.673404283324334 14.53073433866834
 31.577767194347594 14.66458623586818
 32.492766439782315 14.794908083623945
 33.41847064114082 14.921834226208988
 34.35501704144779 15.045484300271962
 35.30254288372786 15.165967844689344
 36.26118541100573 15.283387812834013
 37.23101324479371 15.397844523877408
 38.21223224962879 15.509433248104884
 39.204911047023316 15.618246182566775
 40.209255501514285 15.724372451078414
 41.22533423461402 15.82790183600549
 42.253284489347195 15.928927631982269
 43.29324350873846 16.02754796301233
 44.34541715732482 16.123862489716753
 45.40994267813094 16.217965384796962
 46.48688869266915 16.30993743043039
 47.57639244396411 16.39984382310264
 48.67865979655282 16.487737685876045
 49.79382799345995 16.573667970994006
 50.92203427771015 16.657686045384565
 52.063415892328095 16.739853593264737
 53.218178701850775 16.820245908892296
 54.38639132779053 16.898945091545404
 55.56825963468435 16.976032362435078
 56.763989487069225 17.05158784518839
 57.973649506457505 17.125686175512765
 59.19744555738616 17.198386842457353
 60.43551488287988 17.269730237110863
 61.68806334747564 17.33975038457522
 62.95522819419812 17.40848921255664
 64.2372152875843 17.47600489300355
 65.53409324914654 17.54236942742194
 66.84613656493413 17.60765789055279
 68.17355109948409 17.671934381297774
 69.51633685279641 17.73524785190028
 70.87504279696977 17.797635181180446
 72.24953168897947 17.85912293066944
 73.63980352882552 17.91972141765623
 75.04654453163127 17.979433934892615
 76.46906848227337 18.038277165654367
 77.90874781099846 18.096283817942684
 79.36489630268323 18.153485282658032
 80.83820017245101 18.209910096982664
 82.32865942030176 18.265590968917767
 83.83696026135885 18.32056236259883
 85.36241648049894 18.374855010375967
 86.905028077722 18.428499644599285
 88.46616748327472 18.481531387954632
 90.04583469715706 18.533994143799312
 91.64334350424572 18.585941693746022
 93.25938011966403 18.637420575353506
 94.89463075853529 18.688449008515043
 96.54840920573618 18.73901733449203
 98.22208789151334 18.789106674840824
 99.91498060074348 18.838695516916346
 101.62708733342656 18.887765421308526
 103.35909430468591 18.936314192849505
 105.11168772964488 18.984367515003296
 106.88418139318011 19.03197829131546
 108.67794772553825 19.079216986674467
 110.492300511596 19.12613913882731
 112.32723975135335 19.172766699452637
 114.1834516599336 19.2191086687387
 116.06162245246009 19.265170754121943
 117.96175212893282 19.310948565266642
 119.88315447422848 19.356433101984546
 121.827888133717 19.401624364275655
 123.79389446202842 19.44653091329464
 125.78391831965604 19.491149895323286
 127.79590106122991 19.53545057801147
 129.83190133211997 19.579407277895175
 131.89123291720293 19.623040190518758
 133.97458203160207 19.666400682810263
 136.0819486753174 19.709549121885992
 138.21333284834893 19.75253204530468
 140.37010698094326 19.79535919961165
 142.55089864285384 19.83802186999048
 144.75776647945054 19.8805094318287
 146.98933806048677 19.922804587203533
 149.24767203133246 19.964900574997955
 151.531395961741 20.006791490210407
 153.8411960668357 20.048435844168235
 156.1784447768632 20.089758518227093
 158.54245587670016 20.13070316242788
 160.93322936634658 20.17126251076496
 163.35213767604915 20.21145122695968
 165.7984945906845 20.25128937484632
 168.27367254049926 20.290789774205216
 170.77698531037018 20.329931131908076
 173.3091191154205 20.36868322049339
 175.87007395565027 20.4070816894873
 178.46122226130612 20.44522503607191
 181.0811916021414 20.483211340347445
 183.73204062352605 20.52110017916976
 186.4137693254601 20.558897457540418
 189.12569149282027 20.59657986277669
 191.86849334072977 20.634133828741167
 194.64354729943534 20.671565018966938
 197.45016715381362 20.70887832867835
 200.28903911898794 20.746048030508017
 203.1601631949583 20.783000279008956
 206.0649118119713 20.819622330359607
 209.0025987549037 20.855836212197396
 211.97391023887874 20.891669100700497
 214.9788462638965 20.927212248997066
 218.0187792602035 20.962552607686245
 221.09370922779985 20.997725716535772
 224.20294995156218 21.032686420942657
 227.3485600768605 21.0673322065676
 230.52985338857147 21.101544314829088
 233.7475161018183 21.135208465288056
 237.00223443172447 21.16824804658601
 240.2940083782899 21.200625828675957
 243.62283794151463 21.232330221071564
 246.99009555164523 21.263387126753642
 250.3964674238051 21.2938430174259
 253.84058112774753 21.323744869680652
 257.32449530884253 21.353164663072203
 260.84820996709004 21.382147859527034
 264.41172510249015 21.410640523770702
 268.0157269301661 21.43859034495298
 271.6609016652413 21.465990847328662
 275.34793552283895 21.49272963830305
 279.07614228783586 21.518642365658074
 282.84689439047855 21.54367511607096
 286.6608780458904 21.567861453658377
 290.5180932540714 21.59122947656899
 294.41854001502156 21.613769591919233
 298.36427697411085 21.635438642708873
 302.35393170109256 21.656217179750627
 306.3888766262134 21.67618651206222
 310.46911174947337 21.695429112100353
 314.5960095011191 21.71392807707246
 318.76956988115063 21.73165719667423
 322.99047910469113 21.74863639644438
 327.25942338686406 21.764872180665286
 331.5757165125461 21.78032497924102
 335.94141712710706 21.79494598480926
 340.35583901542384 21.808741613845676
 344.8203546077429 21.82177427497268
 349.3349639040644 21.83409136405965
 353.9003531195115 21.84567366241192
 358.5172084692076 21.856479479401397
 363.186216168276 21.86651520516174
 367.9073762167167 21.875775156403343
 372.6820610447764 21.8842215916051
 377.510270652455 21.891844024450116
 382.3920050397526 21.898689721292868
 387.3293228520391 21.90486647146104
 392.32153787419116 21.910476086840227
 397.3700225364555 21.915565772320196
 402.47477683883204 21.920135793516263
 407.6364869964441 21.924183805989145
 412.8558392244151 21.927734004879056
 418.1335197378682 21.930840997401326
 423.47021475192685 21.933595835606734
 428.86661048171436 21.936067881092388
 434.323393142354 21.93826057434488
 439.8405627338458 21.94016779150442
 445.41880547131296 21.941817918286677
 451.05949378500236 21.943237416781706
 456.7633138900372 21.944432877541995
 462.52957957129405 21.9454162771839
 468.360349474143 21.946220649252002
 474.2563098137074 21.946882959714607
 480.21677437486375 21.94745074251715
 486.2438018029822 21.947968973795472
 492.33739209806265 21.948432636273896
 498.4982314752285 21.948821033031727
 504.72700614960297 21.949148801228773
 511.02440233630944 21.949443138116816
 517.3917924655946 21.94972462027745
 523.8291765374584 21.949998152637665
 530.337240767024 21.95024733285926
 536.9173575845382 21.95046650046043
 543.569526990001 21.950677545523416
 550.2944351985359 21.950899549193664
 557.0934546403892 21.951118946936234
 563.9672715306843 21.951298097483335
 570.9158858694213 21.951414565143757
 577.9406700868469 21.95147880950383
 585.0423103980842 21.951513679539023
 592.2214930182568 21.951535013117674
 599.4795903776111 21.951549544845765
 606.8159162610239 21.951559546232513
 614.232529313865 21.951566416025717
 621.7301157512579 21.951571911325534
 629.3086755732027 21.95157778054366
 636.970267425069 21.951584788033152
 644.7142050917338 21.95159214730269
 652.5425472185668 21.951598772942734
 660.4559800206916 21.951604443776954
 668.4545034981081 21.951609203642853
 676.5394900810628 21.95161323226541
 684.7116259846792 21.95161692926176
 692.9743422845738 21.95162085584413
 701.3187181841434 21.95162544687089
 709.7591642009778 21.95163060179017
 718.2888181838439 21.95163578424125
 726.9145422839747 21.951640501632845
 735.6226121989039 21.951644668818787
 744.433614382331 21.951648420771164
 753.3338245317899 21.95165186979477
 762.3301047985134 21.95165496135504
 771.4224551825017 21.95165750306769
 780.6108756837548 21.95165971340702
 789.8953663022727 21.95166194478396
 799.2827891892886 21.95166389783842
 808.7731443448024 21.95166507460579
 818.3527074663479 21.95166550412243
 828.0420650076244 21.95166563776447
 837.834354817399 21.951665871735997
 847.7295768956716 21.951666329037977
 857.720869091209 21.951666970199316
 867.8288178577106 21.951667808411653
 878.0328367414772 21.95166888271451
 888.3535121962079 21.951670123428876
 898.777119919437 21.951671469850673
 909.3105220623969 21.951672942034296
 919.9537186250881 21.951674474203074
 930.7067096075106 21.951675838634685
 941.5763571608974 21.951676847812973
 952.5557991340153 21.9516775013155
 963.6518976780977 21.951677902573067
 974.8646527931444 21.951678164259643
 986.1872023279224 21.951678338765653
 997.6332705848979 21.95167844076032
 1009.1891332616045 21.95167850304546
 1020.8753768117421 21.951678549484967
 1032.6714147816106 21.95167858579658
 1044.59783362491 21.951678611970443
 1056.6409090391737 21.951678628611976
 1068.807503175635 21.951678638346376
 1081.1044781855271 21.951678643864465
 1093.5181097663838 21.951678647129683
 1106.062122220671 21.951678649293907
 1118.736515548389 21.951678650723316
 1131.5344275983048 21.95167865155305
 1144.4695826728844 21.951678651963856
 1157.5282564696615 21.951678652143446
 1170.7241732911027 21.951678652223325
 1184.0504709859747 21.951678652261744
 1197.5071495542772 21.95167865227935
 1211.1079332984773 21.951678652286226
 1224.839097916108 21.951678652288464
 1238.7075055584025 21.951678652289107
 1252.713156225361 21.951678652289278
 1266.862912068217 21.951678652289324
 1281.1499109357367 21.951678652289335
 1295.5810149791535 21.95167865228934
 1310.1562241984677 21.95167865228934
 1324.8755385936788 21.95167865228934
 1339.7389581647874 21.95167865228934
 1354.7464829117928 21.95167865228934
 1369.898112834696 21.95167865228934
 1385.2075722359623 21.95167865228934
 1400.6611368131255 21.95167865228934
 1416.2656687174194 21.95167865228934
 1432.0211679488439 21.95167865228934
 1447.9276345073986 21.95167865228934
 1463.9919305443168 21.95167865228934
 1480.2140560595985 21.95167865228934
 1496.5871489020108 21.95167865228934
 1513.1180712227865 21.95167865228934
 1529.813685173159 21.95167865228934
 1546.660266450662 21.95167865228934
 1563.6784015089947 21.95167865228934
 1580.847503894458 21.95167865228934
 1598.188160060751 21.95167865228934
 1615.6866457054077 21.95167865228934
 1633.3498229796614 21.95167865228934
 1651.184554034745 21.95167865228934
 1669.1839767194251 21.95167865228934
 1687.3549531849355 21.95167865228934
 1705.6906212800425 21.95167865228934
 1724.2047053072126 21.95167865228934
 1742.8834809639798 21.95167865228934
 1761.7406725528097 21.95167865228934
 1780.7694179224698 21.95167865228934
 1799.9697170729596 21.95167865228934
 1819.348432155513 21.95167865228934
 1838.9124253213627 21.95167865228934
 1858.6479722680422 21.95167865228934
 1878.5619351467847 21.95167865228934
 1898.6543139575908 21.95167865228934
 1918.931970851693 21.95167865228934
 1939.3949058290916 21.95167865228934
 1960.0362567385534 21.95167865228934
 1980.8697478825445 21.95167865228934
 2001.8816549585993 21.95167865228934
 2023.0857022691835 21.95167865228934
 2044.4750276630639 21.95167865228934
 2066.0496311402403 21.95167865228934
 2087.82323700318 21.95167865228934
 2109.782120949416 21.95167865228934
 2131.933145130182 21.95167865228934
 2154.2763095454766 21.95167865228934
 2176.8116141953014 21.95167865228934
 2199.545921230889 21.95167865228934
 2222.472368501006 21.95167865228934
 2245.5978181568853 21.95167865228934
 2268.922270198528 21.95167865228934
 2292.4388624747 21.95167865228934
 2316.161319287868 21.95167865228934
 2340.082778486799 21.95167865228934
 2364.203240071492 21.95167865228934
 2388.529566193182 21.95167865228934
 2413.054894700634 21.95167865228934
 2437.779225593849 21.95167865228934
 2462.716283175293 21.95167865228934
 2487.8592052937333 21.95167865228934
 2513.201129797936 21.95167865228934
 2538.7557809903683 21.95167865228934
 2564.5162967197966 21.95167865228934
 2590.48267698622 21.95167865228934
 2616.6617839408736 21.95167865228934
 2643.0467554325223 21.95167865228934
 2669.644453612401 21.95167865228934
 2696.448016329275 21.95167865228934
 2723.4711678856115 21.95167865228934
 2750.7001839789446 21.95167865228934
 2778.1487889117393 21.95167865228934
 2805.8101205327634 21.95167865228934
 2833.6773166907833 21.95167865228934
 2861.764101688266 21.95167865228934
 2890.0704755252104 21.95167865228934
 2918.5895760503845 21.95167865228934
 2947.3214032637875 21.95167865228934
 2976.272819316653 21.95167865228934
 3005.4438242089805 21.95167865228934
 3034.8275557895377 21.95167865228934
 3064.430876209557 21.95167865228934
 3094.2537854690386 21.95167865228934
 3124.2894214167495 21.95167865228934
 3154.551508355156 21.95167865228934
 3185.0263219817916 21.95167865228934
 3215.7275865991223 21.95167865228934
 3246.641577904683 21.95167865228934
 3277.7751580497056 21.95167865228934
 3309.1351891854238 21.95167865228934
 3340.7079470093713 21.95167865228934
 3372.507155824014 21.95167865228934
 3404.5259534781194 21.95167865228934
 3436.7643399716867 21.95167865228934
 3469.222315304717 21.95167865228934
 3501.8998794772097 21.95167865228934
 3534.797032489164 21.95167865228934
 3567.9206364918145 21.95167865228934
 3601.256967182694 21.95167865228934
 3634.819748864269 21.95167865228934
 3668.595257234073 21.95167865228934
 3702.5972165945727 21.95167865228934
 3736.8119026433014 21.95167865228934
 3771.2530396827256 21.95167865228934
 3805.9069034103795 21.95167865228934
 3840.787218128729 21.95167865228934
