 0.27211586229200235 0.
 0.8195467217809244 2.2067761448907297
 1.3734183964173268 1.8846070439113436
 1.9338091147252676 1.7081612538218744
 2.500780636065847 1.5903798028129932
 3.0744290305563275 1.502610006629898
 3.6548229197090434 1.433636080620595
 4.242037787187558 1.3780882074807543
 4.836155978806671 1.3327935173257877
 5.43725984038118 1.295544654409244
 6.045438579877117 1.2646716726391116
 6.660753956655581 1.2388775349663368
 7.283281454380137 1.217154313853315
 7.913158316075449 1.198723098810919
 8.550446301102614 1.1829816405305233
 9.195214030973968 1.1694570171013634
 9.847530127201837 1.1577708175927772
 10.507600454323223 1.1476156973774951
 11.175356390825794 1.1387399684191801
 11.850935179734208 1.130938804578393
 12.534474064073134 1.124041166724489
 13.2260416653549 1.1178960013835122
 13.925775226604175 1.1123656778033753
 14.633674747820958 1.1073262209100998
 15.349877472029908 1.1026796938445145
 16.074520642255695 1.0983655916213264
 16.807672880010646 1.0943567542601966
 17.549402806807098 1.0906524823324095
 18.299847665669713 1.0872676729361725
 19.05914469962315 1.0842165090273317
 19.827293908667418 1.0815052603636395
 20.604501157339506 1.079123525353402
 21.390766445639414 1.0770343193525407
 22.186364259616475 1.075172485501401
 22.991225977758354 1.073462197630905
 23.805488843089716 1.0718461119852036
 24.629358720147557 1.0702983887136075
 25.462904230444206 1.0688192337267166
 26.306193995492 1.067410711589455
 27.159433879827926 1.0660638501258795
 28.022623883452 1.0647616728273315
 28.895901249388867 1.0634762093077907
 29.779471842175536 1.0621662836502952
 30.673404283324334 1.0607686827065808
 31.577767194347594 1.0592345269610521
 32.492766439782315 1.0575657927486881
 33.41847064114082 1.055799670174883
 34.35501704144779 1.053993198438772
 35.30254288372786 1.0521873933564492
 36.26118541100573 1.0504023792805646
 37.23101324479371 1.0485168566765426
 38.21223224962879 1.046545688309315
 39.204911047023316 1.0444655826714484
 40.209255501514285 1.0423218842819457
 41.22533423461402 1.0402017020288727
 42.253284489347195 1.0382045958772375
 43.29324350873846 1.0363934898558151
 44.34541715732482 1.034756008757366
 45.40994267813094 1.0332103167406277
 46.48688869266915 1.0316340424419783
 47.57639244396411 1.0299346683474646
 48.67865979655282 1.0281125803530655
 49.79382799345995 1.0262051793768499
 50.92203427771015 1.0242158327557132
 52.063415892328095 1.0221458345220233
 53.218178701850775 1.0200185626381255
 54.38639132779053 1.0178657689935429
 55.56825963468435 1.0157872859699908
 56.763989487069225 1.013872260500658
 57.973649506457505 1.0120018977165788
 59.19744555738616 1.0098861079880643
 60.43551488287988 1.007343250533997
 61.68806334747564 1.0044574026094144
 62.95522819419812 1.0014941110732583
 64.2372152875843 0.9987150661101746
 65.53409324914654 0.9961880139182618
 66.84613656493413 0.9937705664460762
 68.17355109948409 0.9912789863970906
 69.51633685279641 0.9885899433719142
 70.87504279696977 0.9855982500737192
 72.24953168897947 0.9822093518281549
 73.63980352882552 0.9784127494102044
 75.04654453163127 0.9743397071374928
 76.46906848227337 0.9701176097783037
 77.90874781099846 0.9657530542122851
 79.36489630268323 0.961369489157734
 80.83820017245101 0.9572388359621047
 82.32865942030176 0.9534673698580682
 83.83696026135885 0.9498983007684655
 85.36241648049894 0.9463433013170263
 86.905028077722 0.9428387219484576
 88.46616748327472 0.9395676708193809
 90.04583469715706 0.9367272232876479
 91.64334350424572 0.9343929680534891
 93.25938011966403 0.9323144083398882
 94.89463075853529 0.9300397891563099
 96.54840920573618 0.9272596438397696
 98.22208789151334 0.92396923665774
 99.91498060074348 0.9203021592835767
 101.62708733342656 0.9162603261519094
 103.35909430468591 0.9118777785994072
 105.11168772964488 0.9072815185612341
 106.88418139318011 0.9028762636054567
 108.67794772553825 0.8987743331122047
 110.492300511596 0.8947166813083148
 112.32723975135335 0.8906145374662069
 114.1834516599336 0.886654903839191
 116.06162245246009 0.8828848677289691
 117.96175212893282 0.8791926019699906
 119.88315447422848 0.8755399841674596
 121.827888133717 0.8719362460502531
 123.79389446202842 0.8682026818014194
 125.78391831965604 0.8638200401409378
 127.79590106122991 0.858450043510282
 129.83190133211997 0.8525554495633071
 131.89123291720293 0.8469161246114238
 133.97458203160207 0.8420250400369803
 136.0819486753174 0.8380153602411851
 138.21333284834893 0.8344625122902442
 140.37010698094326 0.8309476085743346
 142.55089864285384 0.8276011766559447
 144.75776647945054 0.8246559660511473
 146.98933806048677 0.8223889529062767
 149.24767203133246 0.8210839520556864
 151.531395961741 0.8203595448192286
 153.8411960668357 0.8191651430272432
 156.1784447768632 0.8169064903478396
 158.54245587670016 0.8140775375846222
 160.93322936634658 0.8113723918040291
 163.35213767604915 0.8089890894628722
 165.7984945906845 0.8067911390199727
 168.27367254049926 0.804205619859716
 170.77698531037018 0.8005174766185968
 173.3091191154205 0.795961688680906
 175.87007395565027 0.791692333542302
 178.46122226130612 0.7884778922259355
 181.0811916021414 0.7864438623937057
 183.73204062352605 0.785382767116853
 186.4137693254601 0.7848378194715105
 189.12569149282027 0.7844775394266175
 191.86849334072977 0.7843823495041595
 194.64354729943534 0.7847316105115096
 197.45016715381362 0.7851313713229031
 200.28903911898794 0.7845330180437861
 203.1601631949583 0.7820039634328567
 206.0649118119713 0.7778066734681289
 209.0025987549037 0.7736714611187337
 211.97391023887874 0.771339229333061
 214.9788462638965 0.7713633602283995
 218.0187792602035 0.7739033430032721
 221.09370922779985 0.7769915433997245
 224.20294995156218 0.7805784847805941
 227.3485600768605 0.7833403531050072
 230.52985338857147 0.7848366703354583
 233.7475161018183 0.7853585046711022
 237.00223443172447 0.7852276405252133
 240.2940083782899 0.784545991921624
 243.62283794151463 0.7838408343815071
 246.99009555164523 0.783713870004303
 250.3964674238051 0.7843566764925749
 253.84058112774753 0.7860413831958849
 257.32449530884253 0.7887859537070047
 260.84820996709004 0.7908717604387462
 264.41172510249015 0.7911717391190549
 268.0157269301661 0.7913186109794283
 271.6609016652413 0.7913782626821145
 275.34793552283895 0.7887795496100322
 279.07614228783586 0.7834492377081929
 282.84689439047855 0.7775613527074459
 286.6608780458904 0.7722712561022216
 290.5180932540714 0.7673005665558782
 294.41854001502156 0.76194357474984
 298.36427697411085 0.7560589565564008
 302.35393170109256 0.7509781243660169
 306.3888766262134 0.7479777101464155
 310.46911174947337 0.7461965183482914
 314.5960095011191 0.7443418632779223
 318.76956988115063 0.7424570535253365
 322.99047910469113 0.7406111889543237
 327.25942338686406 0.738237951516058
 331.5757165125461 0.7352726117743988
 335.94141712710706 0.732802690082228
 340.35583901542384 0.7330113449899582
 344.8203546077429 0.7369398073398794
 349.3349639040644 0.7439863285275313
 353.9003531195115 0.7520919196109557
 358.5172084692076 0.7610511834872533
 363.186216168276 0.7732947765131849
 367.9073762167167 0.7858670300467201
 372.6820610447764 0.7929910635448386
 377.510270652455 0.7955150967398906
 382.3920050397526 0.7990146975383375
 387.3293228520391 0.8067300008521813
 392.32153787419116 0.8192022425396887
 397.3700225364555 0.8342946667648373
 402.47477683883204 0.8481338482216462
 407.6364869964441 0.8601149326809007
 412.8558392244151 0.8714518482902497
 418.1335197378682 0.8873660644532384
 423.47021475192685 0.9219870170702625
 428.86661048171436 0.9679891629947607
 434.323393142354 1.0227890973263705
 439.8405627338458 1.0579712800924814
 445.41880547131296 1.0342613870150401
 451.05949378500236 0.9005071495675981
 456.7633138900372 0.6493988182833775
 462.52957957129405 0.37027493310715326
 468.360349474143 0.15825993583922018
 474.2563098137074 0.031070544387221663
 530.337240767024 5.236608053569625
 536.9173575845382 1.4778234347144998
 543.569526990001 1.8232768960308958
 550.2944351985359 4.981996400701166
 557.0934546403892 0.
 563.9672715306843 0.
 570.9158858694213 0.
 577.9406700868469 0.
 585.0423103980842 0.
 592.2214930182568 0.
 599.4795903776111 0.
 606.8159162610239 0.
 614.232529313865 0.
 621.7301157512579 0.
 629.3086755732027 0.
 636.970267425069 0.
 644.7142050917338 0.
 652.5425472185668 0.
 660.4559800206916 0.
 668.4545034981081 0.
 676.5394900810628 0.
 684.7116259846792 0.
 692.9743422845738 0.
 701.3187181841434 0.
 709.7591642009778 0.
 718.2888181838439 0.
 726.9145422839747 0.
 735.6226121989039 0.
 744.433614382331 0.
 753.3338245317899 0.
 762.3301047985134 0.
 771.4224551825017 0.
 780.6108756837548 0.
 789.8953663022727 0.
 799.2827891892886 0.
 808.7731443448024 0.
 818.3527074663479 0.
 828.0420650076244 0.
 837.834354817399 0.
 847.7295768956716 0.
 857.720869091209 0.
 867.8288178577106 0.
 878.0328367414772 0.
 888.3535121962079 0.
 898.777119919437 0.
 909.3105220623969 0.
 919.9537186250881 0.
 930.7067096075106 0.
 941.5763571608974 0.
 952.5557991340153 0.
 963.6518976780977 0.
 974.8646527931444 0.
 986.1872023279224 0.
 997.6332705848979 0.
 1009.1891332616045 0.
 1020.8753768117421 0.
 1032.6714147816106 0.
 1044.59783362491 0.
 1056.6409090391737 0.
 1068.807503175635 0.
 1081.1044781855271 0.
 1093.5181097663838 0.
 1106.062122220671 0.
 1118.736515548389 0.
 1131.5344275983048 0.
 1144.4695826728844 0.
 1157.5282564696615 0.
 1170.7241732911027 0.
 1184.0504709859747 0.
 1197.5071495542772 0.
 1211.1079332984773 0.
 1224.839097916108 0.
 1238.7075055584025 0.
 1252.713156225361 0.
 1266.862912068217 0.
 1281.1499109357367 0.
 1295.5810149791535 0.
 1310.1562241984677 0.
 1324.8755385936788 0.
 1339.7389581647874 0.
 1354.7464829117928 0.
 1369.898112834696 0.
 1385.2075722359623 0.
 1400.6611368131255 0.
 1416.2656687174194 0.
 1432.0211679488439 0.
 1447.9276345073986 0.
 1463.9919305443168 0.
 1480.2140560595985 0.
 1496.5871489020108 0.
 1513.1180712227865 0.
 1529.813685173159 0.
 1546.660266450662 0.
 1563.6784015089947 0.
 1580.847503894458 0.
 1598.188160060751 0.
 1615.6866457054077 0.
 1633.3498229796614 0.
 1651.184554034745 0.
 1669.1839767194251 0.
 1687.3549531849355 0.
 1705.6906212800425 0.
 1724.2047053072126 0.
 1742.8834809639798 0.
 1761.7406725528097 0.
 1780.7694179224698 0.
 1799.9697170729596 0.
 1819.348432155513 0.
 1838.9124253213627 0.
 1858.6479722680422 0.
 1878.5619351467847 0.
 1898.6543139575908 0.
 1918.931970851693 0.
 1939.3949058290916 0.
 1960.0362567385534 0.
 1980.8697478825445 0.
 2001.8816549585993 0.
 2023.0857022691835 0.
 2044.4750276630639 0.
 2066.0496311402403 0.
 2087.82323700318 0.
 2109.782120949416 0.
 2131.933145130182 0.
 2154.2763095454766 0.
 2176.8116141953014 0.
 2199.545921230889 0.
 2222.472368501006 0.
 2245.5978181568853 0.
 2268.922270198528 0.
 2292.4388624747 0.
 2316.161319287868 0.
 2340.082778486799 0.
 2364.203240071492 0.
 2388.529566193182 0.
 2413.054894700634 0.
 2437.779225593849 0.
 2462.716283175293 0.
 2487.8592052937333 0.
 2513.201129797936 0.
 2538.7557809903683 0.
 2564.5162967197966 0.
 2590.48267698622 0.
 2616.6617839408736 0.
 2643.0467554325223 0.
 2669.644453612401 0.
 2696.448016329275 0.
 2723.4711678856115 0.
 2750.7001839789446 0.
 2778.1487889117393 0.
 2805.8101205327634 0.
 2833.6773166907833 0.
 2861.764101688266 0.
 2890.0704755252104 0.
 2918.5895760503845 0.
 2947.3214032637875 0.
 2976.272819316653 0.
 3005.4438242089805 0.
 3034.8275557895377 0.
 3064.430876209557 0.
 3094.2537854690386 0.
 3124.2894214167495 0.
 3154.551508355156 0.
 3185.0263219817916 0.
 3215.7275865991223 0.
 3246.641577904683 0.
 3277.7751580497056 0.
 3309.1351891854238 0.
 3340.7079470093713 0.
 3372.507155824014 0.
 3404.5259534781194 0.
 3436.7643399716867 0.
 3469.222315304717 0.
 3501.8998794772097 0.
 3534.797032489164 0.
 3567.9206364918145 0.
 3601.256967182694 0.
 3634.819748864269 0.
 3668.595257234073 0.
 3702.5972165945727 0.
 3736.8119026433014 0.
 3771.2530396827256 0.
 3805.9069034103795 0.
 3840.787218128729 0.
 3911.1928897813473 0.
 3946.718246715617 0.
 3982.470054640583 0.
 4018.4277271025444 0.
 4054.6118505552013 0.
 4091.0018385448534 0.
 4127.611415373969 0.
 4164.440581042547 0.
 4201.475611248121 0.
 4238.723368141923 0.
 4276.183851723955 0.
 4313.857061994216 0.
 4351.742998952706 0.
 4389.834800448192 0.
 4428.139328631907 0.
 4466.642859201385 0.
 4505.3591164590935 0.
 4544.281238253796 0.
 4583.409224585495 0.
 4622.7362133029565 0.
 4662.269066557415 0.
 4702.000922197636 0.
 4741.931780223619 0.
 4782.061640635366 0.
 4822.3905034328745 0.
 4862.918368616146 0.
 4903.638374033947 0.
 4944.543657535045 0.
 4985.647943421905 0.
 5026.944369543296 0.
 5068.426073747982 0.
 5110.093056035964 0.
 5151.945316407244 0.
 5193.989717013052 0.
 5236.20567139969 0.
 5278.606903869625 0.
 5321.186552271623 0.
 5363.937754454451 0.
 5406.867372569343 0.
 5449.968544465064 0.
 5493.248132292848 0.
 5536.685549598997 0.
 5580.294520685975 0.
 5624.068183402549 0.
 5668.006537748721 0.
 5712.102721573256 0.
 5756.356734876154 0.
 5800.768577657416 0.
 5845.331387765808 0.
 5890.045165201333 0.
 5934.909909963985 0.
 5979.925622053769 0.
 6025.078577168217 0.
 6070.382499609795 0.
 6115.816802924804 0.
 6161.39521141571 0.
 6207.104000780046 0.
 6252.943171017813 0.
 6298.912722129012 0.
 6345.005791962408 0.
 6391.229242669235 0.
 6437.569349947025 0.
 6484.032975947014 0.
 6530.606396366734 0.
 6577.296473357418 0.
 6624.096344767833 0.
 6670.999148446746 0.
 6718.01174654539 0.
 6765.1204147613 0.
 6812.332015245707 0.
 6859.63968584738 0.
 6907.02970226385 0.
 6954.515788797586 0.
 7002.070496843652 0.
 7049.762447914383 0.
 7097.523020497447 0.
 7145.28359308051 0.
 7193.181408688238 0.
 7241.147845808296 0.
 7289.182904440688 0.
 7337.28658458541 0.
 7385.390264730133 0.
 7433.631187899521 0.
 7481.8721110689075 0.
 7530.250277262958 0.
 7578.559821944678 0.
 7627.00660965106 0.
 7675.4533973574435 0.
 7723.968806576159 0.
 7772.484215794874 0.
 7820.999625013588 0.
 7869.583655744636 0.
 7918.236307988014 0.
 7966.888960231394 0.
 8015.472990962441 0.
 8064.194264718152 0.
 8112.846916961532 0.
