 0. 0.
 0.2799301413455864 0.12227719385388434
 0.8430814276503454 0.366408974652256
 1.412858488283101 0.6113065708723412
 1.9893417982356907 0.8544682168280751
 2.5725948903964087 1.0919728644586189
 3.1627165937025983 1.31946265894058
 3.7597775002523646 1.5330088572369982
 4.363855261353621 1.7296058143683484
 4.975034587524091 1.9073245904380456
 5.5934001892815 2.065254297225033
 6.219043836353381 2.203341920234608
 6.852029061628029 2.322198886282297
 7.492433516413357 2.422911088740409
 8.140398384905572 2.5068690653275345
 8.795987199992966 2.575627557539432
 9.459270553773646 2.6307966425628146
 10.13031903834571 2.6739597010288514
 10.809344430003474 2.7066160442108376
 11.496276136648833 2.730145665491391
 12.191255342477993 2.745795264542117
 12.89442323168716 2.7546782249429946
 13.60585039637444 2.7577798260303106
 14.325678020736039 2.755965910996608
 15.053906104771958 2.749992132547726
 15.7906758326784 2.740514275060158
 16.536128388651576 2.728097651095294
 17.29033436478959 2.7132274862258057
 18.053364353190542 2.6963221301081264
 18.825359538050645 2.6777435263577978
 19.606461103566097 2.65780104004804
 20.396669049736907 2.6367571543909127
 21.196195152857378 2.614837994981034
 22.005039412927516 2.592242137694355
 22.823484198339735 2.5691424164388765
 23.651458916995928 2.5456850128413886
 24.489104753092303 2.521992521260242
 25.33663348292317 2.4981696799132296
 26.194115698586632 2.474306611679806
 27.061621992180793 2.4504816485696135
 27.939364139999967 2.4267667080326225
 28.827342142044156 2.40323071134754
 29.725697182509556 2.379939772369816
 30.63464103769049 2.3569515386464372
 31.55424429968505 2.3343121879390956
 32.48457756059135 2.3120582351719454
 33.425852596703685 2.2902155041960985
 34.37814000012018 2.268794976555749
 35.341580955037024 2.247798076427892
 36.31631664565043 2.227226547319305
 37.30248825615662 2.2070850210829187
 38.30016637865368 2.187383208821068
 39.309562789435915 2.1681359089707417
 40.33074808060144 2.1493526010304933
 41.36393402844457 2.1310375028615964
 42.409191225063395 2.113197500237245
 43.46666085465414 2.0958359249132044
 44.53648410141299 2.078942404084946
 45.61887274163426 2.0624907417829896
 46.713967959514186 2.0464481411625974
 47.82184034715083 2.030789846138745
 48.94263108874043 2.0155083705996373
 50.07655196057728 2.0006141549554477
 51.22374414685759 1.9861216517986917
 52.384348831777565 1.9720315782419535
 53.55850719953342 1.9583298644113376
 54.746431026419465 1.944997952084381
 55.9481909045338 1.9320179066250305
 57.16399861017074 1.91937635384147
 58.39406591962458 1.9070628483514218
 59.638463424993446 1.8950530376806416
 60.89740290257162 1.883317094126106
 62.17102553655534 1.87182838905707
 63.45954310323891 1.860565548464095
 64.76309678681851 1.8495186981027274
 66.0818983635885 1.838686905679208
 67.41601842564693 1.828058940007267
 68.76573934138622 1.8176150012977093
 70.13127288710072 1.8073519093842576
 71.51261906279042 1.7972894182664478
 72.91034260524012 1.7874463372819578
 74.32430233025364 1.7778259679226251
 75.75449823783096 1.7684249874454847
 77.20163624895314 1.7592318346028637
 78.66501044263912 1.7502260636671996
 80.14603266085098 1.7413869871513528
 81.64399698260769 1.7327011563780745
 83.15960932889027 1.724157047339001
 84.69286969969873 1.7157471062289449
 86.24448401601411 1.70746835739527
 87.81374635685538 1.6993140563636526
 89.40065672222251 1.6912681298003152
 91.0066269540776 1.6833165477281573
 92.63165705242065 1.6754452926297756
 94.2750410962706 1.6676371316244119
 95.93748500660853 1.6598809864673645
 97.61969470441541 1.6521585417452336
 99.32096426871024 1.6444339057665438
 101.0427055414551 1.636662770290538
 102.78421260166897 1.6288232501012232
 104.5454854493518 1.6209218042922826
 106.32723000548467 1.6129937731506923
 108.13015219104858 1.6050938844271727
 109.95354608506251 1.5972393189154563
 111.79882352948853 1.589415962516751
 113.66527860334563 1.5816268904376694
 115.55291130663376 1.5738735727448399
 117.46242756033399 1.5661311992264313
 119.39453328542734 1.5583881120264813
 121.34922848191383 1.550669938440644
 123.32580722881241 1.5429828755515211
 125.32638728906619 1.5352818512862996
 127.34885089973204 1.5275159622497714
 129.39602174473413 1.5196493626466678
 131.46578206112935 1.5116731027363564
 133.5602496118608 1.5036146853860792
 135.67871847594745 1.4954895993172705
 137.82189457437036 1.4872847604528945
 139.98977790712945 1.4790222259792973
 142.1823684742248 1.470743650554052
 144.40107811761845 1.462471361190904
 146.64449499534834 1.4542046578966366
 148.91473687035753 1.4459425435637405
 151.21039190068404 1.4376903734326998
 153.5335778492709 1.4294295887930786
 155.88288287415605 1.421120706701828
 158.25901289632057 1.4127312062338038
 160.66337975772646 1.4042474724660072
 163.09527753739275 1.3956682560643474
 165.5547062353194 1.3869650911601612
 168.04307769346852 1.3781044882823257
 170.559685990859 1.369065779635677
 173.105942969453 1.359832879399475
 175.68114270826942 1.3503922418522905
 178.2859911282893 1.340728735916316
 180.9204882295127 1.3308440206759569
 183.58604585390165 1.3207241382810733
 186.28125215949407 1.310322601157282
 189.00822490923306 1.2996266016474083
 191.76696410311862 1.2886658072670616
 194.55676382016978 1.2774696834243837
 197.3783299813675 1.2660667583141136
 200.23307442867386 1.2544626582154828
 203.12029124110785 1.242625458926597
 206.0406863396505 1.2305279225973944
 208.9942597243018 1.218192593395629
 211.9824232370238 1.2056875400054774
 215.00447095683552 1.1930735415406142
 218.06110880471795 1.180378529287444
 221.15233678067113 1.1676006727965615
 224.2795667266571 1.1547392942562904
 227.44279864267583 1.1417762081905098
 230.64132660774632 1.128702989968711
 233.87726838481174 1.1155241459799738
 237.14991805289097 1.1021425075169888
 240.459981532965 1.0884309654970945
 243.80816474601502 1.074384600655544
 247.1944676920409 1.0600605112536388
 250.61889037104268 1.0454879860857307
 254.0828446249824 1.0306368828524068
 257.58703637484115 1.0154525614530814
 261.1300537786569 0.9999198417109704
 264.7140145993726 0.984127639289748
 268.3389188369884 0.9681021530003437
 272.0047664915042 0.9518084270003201
 275.7122634839011 0.9352397073224362
 279.4621157351601 0.9184134597754537
 283.25502916626226 0.9013613976929891
 287.0902978562265 0.8842116575515426
 290.969333647015 0.8670707462404939
 294.89284245960863 0.8498382582514238
 298.86082429400756 0.8324488730418014
 302.8732791502116 0.8149348490253423
 306.9323247911641 0.7972785716019591
 311.03654937490273 0.7794296512375656
 315.18736474338976 0.7613072878062225
 319.38477089662507 0.7429182119200987
 323.63017967657083 0.7243849522739743
 327.92359108322694 0.7057793518195241
 332.2657110375745 0.6870815696975294
 336.6572454605945 0.6682842942020646
 341.0974884313059 0.6493792852195274
 345.5885577126519 0.6303488344880623
 350.12974738365136 0.6112404253635993
 354.7224692862664 0.5921309534631599
 359.36672342049707 0.573049095660919
 364.0632157073243 0.5540360991190917
 368.8126520677291 0.5350547415969275
 373.6157384226927 0.5160515717587226
 378.47247477221487 0.49703518862823903
 383.38427295825784 0.47802186272692143
 388.3511329808215 0.4591063565624076
 393.37305483990593 0.44038706964120505
 398.45215629845427 0.4218843691021971
 403.5877314354854 0.4035256734072008
 408.7811920929614 0.3852944196269684
 414.0325382708823 0.3673394535745971
 419.3424758902291 0.34989165347490253
 424.71171087198286 0.3331888614129378
 430.14094913712466 0.31728916394490136
 435.6308966066354 0.3023328881731389
 441.18225920149627 0.288547097983428
 446.79574284268824 0.27598528492968283
 452.4713475302113 0.26448125578089143
 458.20977918504644 0.2538303859042158
 464.0124496491558 0.24398858298305218
 469.8800648435205 0.23488560174536036
 475.81191884715935 0.22651405964264573
 481.81012942301544 0.21896427208075406
 487.87540249206995 0.21221453387076583
 494.00703213334174 0.20621856154030235
 500.2071361097739 0.20103386746353405
 506.47571442136655 0.19665947716403462
 512.8134729891007 0.19284177417589035
 519.2211177339572 0.1892512663507898
 525.6993545769172 0.18566609939207473
 532.249595359943 0.18205071197898273
 538.8718400830342 0.1785258978477774
 545.5667946671721 0.17519786107362026
 552.3358709543187 0.1721818045919103
 559.1790689444739 0.1696296896009515
 566.097094558619 0.16761828817354874
 573.0913596387157 0.1661588120090262
 580.1625701057454 0.16528105709818292
 587.3107259597078 0.1649523020948312
 594.5372390425653 0.1651216089449581
 601.8428152752986 0.1658088348656299
 609.2281605788888 0.16700918009824067
 616.6946867952983 0.168548142077117
 624.2416880035457 0.1701963071283729
 631.8712819665742 0.17186219521038826
 639.5841746053648 0.17357713134952435
 647.3803659199176 0.1753673845949708
 655.2619736731757 0.1770205237309707
 663.228291944158 0.17811840537136936
 671.2814384958076 0.17841496408112723
 679.4221192491057 0.17796216013111998
 687.650334204052 0.17691906903032714
 695.9674952026087 0.17531029616405178
 704.374308165757 0.17315129318455835
 712.874302698402 0.17063992985556323
 721.45830182779 0.167959915795147
 730.1411298945229 0.16518761303820595
 738.9157276887906 0.16259803494260613
 747.7891544204031 0.1606782063140478
 756.7472916697399 0.15979458994606988
 765.8113170662319 0.15993897000128696
 774.9671121902585 0.16071155809359755
 784.22173625163 0.16132721319552557
 793.5751892503465 0.16147928108501802
 803.0274711864079 0.16173702170331142
 812.5785820598143 0.16221499261261543
 822.2355810803758 0.16234290591732792
 831.9984682480928 0.1618009294767645
 841.8531251433442 0.16082997404583166
 851.8207293955613 0.16020445640086642
 861.8942217949336 0.16048340124156443
 872.0736023414613 0.16145025630100532
 882.3518118253339 0.16266911552622848
 892.7500278759825 0.16385267428054323
 903.2470728639761 0.16490837184789456
 913.8641244187454 0.16589930269136688
 924.5870641206703 0.16700231300981697
 935.4229511795605 0.16812468061785696
 946.3717855954166 0.16906047197297985
 957.4335673682383 0.1697998954623895
 968.615355707836 0.17016846934172294
 979.9100914043992 0.1696659628143208
 991.3248336677385 0.16788343063909525
 1002.8595824978538 0.16488831367733664
 1014.5072786849347 0.16078339123181074
 1026.2820406486019 0.15571379000586347
 1038.1697499692348 0.1505544130483405
 1050.1915842762644 0.14730939793906916
 1062.3263659402596 0.14745847935919087
 1074.5952725906513 0.15038961613045446
 1086.9841858078191 0.15458265748279348
 1099.5001648015734 0.15929925029916722
 1112.1502687817242 0.16407812323401244
 1124.920379328651 0.16780642764564896
 1137.8246148619746 0.1696839608070656
 1150.862975381695 0.17116080548142823
 1164.0284016780015 0.1733028808968771
 1177.3350121705153 0.17532805468048898
 1190.768688439615 0.17645479645790232
 1204.343548904922 0.1769645056796473
 1218.0525343566258 0.1777495878874743
 1231.895644794726 0.17918557554814293
 1245.8869986388438 0.18041889782201653
 1260.0124774693584 0.18021259840307316
 1274.27914049608 0.17906188592391598
 1288.6869877190084 0.1790524462613758
 1303.2430783479542 0.18120506161542074
 1317.9403531731073 0.1835781542422026
 1332.7858714042775 0.18518635545997206
 1347.7796330414653 0.18626468165228213
 1362.9216380846703 0.18595257223556058
 1378.211886533893 0.18373354699060962
 1393.6503783891328 0.18066820921556373
 1409.2371136503903 0.17866345922436208
 1424.9862107372858 0.17949738487792236
 1440.8835512301985 0.1815457661995841
 1456.936194338939 0.18284211032635114
 1473.1441400635074 0.18496792763186232
 1489.5073884039034 0.18746420734924624
 1506.0329985699377 0.18770718852872048
 1522.7209705616099 0.18878698348912606
 1539.5642451691099 0.19039362350193495
 1556.569881602248 0.19033627386563276
 1573.7449390708346 0.18931303501447813
 1591.0752991552488 0.18863545925389721
 1608.5821394849218 0.1887622748939302
 1626.2442824304226 0.18821071034395107
 1644.0829056211824 0.18770130479929636
 1662.08389063758 0.18848298436166847
 1680.2542966894264 0.18948894182921328
 1698.6011829865313 0.1901138760191093
 1717.1174903190845 0.1897057283092883
 1735.8102778968969 0.18764676809033892
 1754.6724865101576 0.1835291308076989
 1773.7182345784875 0.17946961364161482
 1792.9334036822659 0.17686293332305647
 1812.332112241113 0.17555677543848322
 1831.9073010452194 0.17474088468901613
 1851.6589700945842 0.17391858209776012
 1871.5941785990185 0.1712392070857463
 1891.7199857683324 0.1683226983926746
 1912.0222731829049 0.16602543535263278
 1932.5081000525463 0.16325050026034
 1953.1774663772574 0.16055761150863493
 1974.0374313668476 0.15892051792139156
 1995.0879950213173 0.15571543119035836
 2016.3220981308564 0.15061527750013465
 2037.753859115085 0.14705069525927358
 2059.3691595543833 0.14686710386014198
 2081.1821178683713 0.14776763752068564
 2103.1856748472383 0.14685760090097963
 2125.379830490985 0.14653250667633272
 2147.7787032192323 0.14612343780743206
 2170.368174612359 0.14422209137311096
 2193.1553038801753 0.14343111330744132
 2216.1400910226816 0.14411629666587203
 2239.322536039878 0.14426429457872175
 2262.709698141574 0.143271879045942
 2286.2945181179603 0.13933644493150898
 2310.0840551788465 0.13202476937229368
 2334.0783093242335 0.12019793132944573
 2358.2702213443094 0.10930139338646236
 2382.673909658697 0.1035343677840855
 2407.282315057584 0.0986272509586611
 2432.0954375409715 0.0901175861589209
 2457.1203363186696 0.08211834926337733
 2482.3499521808676 0.07532478715837211
 2507.7842851275664 0.07002150894049285
 2533.4374535783854 0.0682518736959539
 2559.3023983235153 0.06300318247388258
 2585.3720601531454 0.057342046863019754
 2611.6605574868963 0.05147133076156216
 2638.1608311149585 0.04433399423820167
 2664.87288103733 0.03676398748708917
 2691.803766463823 0.02939202037441153
 2718.9464281846267 0.02350134842586561
 2746.307925409552 0.01900410041802801
 2773.8811989287865 0.015608914328844616
 2801.680367161953 0.013093660897362323
 2829.69131168943 0.011118253603695172
 2857.9281509308385 0.009502907860065333
 2886.3838256763675 0.008164036365553
 2915.051276716207 0.007041733523757569
 2943.944622469978 0.006091529726033735
 2973.0638629376804 0.005281104152304555
 3002.4019389095033 0.004586299373435007
 3031.9588503854475 0.003988379911884692
 3061.741656575323 0.0034723819016590825
 3091.750357479129 0.0030260985236053445
 3121.977893887057 0.0026394220693411827
 3152.431325008916 0.002303892569266657
 3183.1106508447056 0.002012374051951495
 3214.0088121846165 0.001758811950630409
 3245.1399274482687 0.001538046423426974
 3276.4898782160426 0.0013456647855110586
 3308.072782907557 0.001177882558707081
 3339.8745231031935 0.0010314465080984896
 3371.9021580127605 0.0009035544776826268
 3404.1627468460697 0.0007917885864080809
 3436.6421711834996 0.0006940594316801893
 3469.3545494446707 0.0006085588736354088
 3502.2928224197735 0.0005337202627975572
 3535.456990108807 0.0004681846090123172
 3568.8470525117723 0.0004107717961118287
 3602.463009628669 0.0003604560137373505
 3636.304861459497 0.0003163447711575421
 3670.379667214066 0.0002776608737139466
 3704.6733084727566 0.00024372698778435043
 3739.1999036551883 0.00021395235648700954
 3773.9453343417413 0.00018782135073658172
 3808.923718952036 0.00016488361606287823
 3844.120939066451 0.00014474555362869069
 3879.551113104608 0.0001270629597629023
 3915.2001226468856 0.00011153465256965602
 3951.0820861129055 0.00009789695589888182
 3987.182885083045 0.00008591890793468227
 4023.509578767117 0.00007539811168834221
 4060.0551079553093 0.00006615712220785343
 4096.833591067244 0.000058040306719129234
 4133.823850473489 0.00005091111023195994
 4171.047063803475 0.000044649677049400816
 4208.4820534277715 0.00003915077465968838
 4246.142937766001 0.00003432198193946957
 4284.02971681816 0.000030082109476591273
 4322.12827216463 0.000026359815889429002
 4360.445663015221 0.00002309240491056527
 4398.981889369932 0.000020224764133110965
 4437.736951228765 0.00001770844181246265
 4476.710848591719 0.000015500837985004626
 4515.896522248983 0.000013564493266072328
 4555.301031410368 0.000011866467115537393
 4594.910257656254 0.000010377791123280583
 4634.73831940626 0.00000907299023260362
 4674.778157450577 0.000007929661779909448
 4715.0297717892045 0.000006928105407465284
 4755.486103212332 0.0000060509991747805975
 4796.15421092977 0.000005283112626261294
 4837.027035731709 0.000004611056521850793
 4878.104577618146 0.000004023061599828387
 4919.386836589086 0.000003508784140650884
 4960.873812644525 0.0000030591351018550592
 5002.565505784464 0.0000026661292925640716
 5044.454856799093 0.000002322752858249528
 5086.534806478601 0.0000020228467472368107
 5128.819473242611 0.0000017610035586389031
 5171.301797881309 0.0000015324773640774836
 5213.974721184887 0.00000133310379978142
 5256.838243153345 0.0000011592299578719522
 5299.892363786682 0.0000010076525481492725
 5343.144142294709 8.755634097497797E-7
 5386.572401047994 7.605016422358258E-7
 5430.19125846616 6.603114673457296E-7
 5473.9936553393945 5.731049126699385E-7
 5517.972532457888 4.972292739882901E-7
 5562.134949031451 4.312383008712202E-7
 5606.473845850272 3.7386688075378056E-7
 5650.996282124162 3.2400878853791065E-7
 5695.6810802236905 2.806971232876327E-7
 5740.5423585684775 2.430870783042187E-7
 5785.5730579487135 2.1044084555101253E-7
 5830.773178364398 1.8211432787342817E-7
 5876.13566060572 1.575454506767374E-7
 5921.660504672681 1.3624394348886127E-7
 5967.347710565278 1.1778233333416059E-7
 6013.190219073705 1.0178806952748234E-7
 6059.188030197959 8.793659461468473E-8
 6105.341143938041 7.594529123374895E-8
 6151.64956029395 6.556816568307726E-8
 6198.099160846066 5.65911904099999E-8
 6244.704064014011 4.8828232802982516E-8
 6291.4430921683515 4.211748685603371E-8
 6338.33036372871 3.631835502295346E-8
 6385.351760275465 3.1308719871538615E-8
 6432.507281808616 2.6982557951479526E-8
 6479.7969283281645 2.324786131626795E-8
 6527.2136406243 2.0024814209464398E-8
 6574.764477906831 1.724420813532531E-8
 6622.435321756139 1.4846056485922879E-8
 6670.2332313820325 1.27783873094062E-8
 6718.144088364892 1.0996189485623013E-8
 6766.174951914527 9.460497299266918E-9
 6814.318762821128 8.137591697336146E-9
 6862.568461874885 6.998303159852016E-9
 6910.931108285606 6.017411230705199E-9
 6959.392583633673 5.1731147986718776E-9
 7007.959947128895 4.446577944648318E-9
 7056.626139561462 3.8215313878158585E-9
 7105.377042511754 3.2839282164101517E-9
 7154.22677439939 2.8216451647554394E-9
 7203.147098385129 2.424222368843201E-9
 7252.208606567076 2.082638717684434E-9
 7301.340706847126 1.7891173667141565E-9
 7350.4728071271775 1.5369552453787476E-9
 7399.746091603434 1.3203780201336308E-9
 7449.089968177794 1.1344135482780899E-9
 7498.5044368502595 9.74780928345095E-10
 7547.989497620827 8.377977830502838E-10
 7597.474558391395 7.202965923829117E-10
 7647.10080335817 6.195552215220154E-10
 7696.727048324944 5.332359644697652E-10
 7746.494477487926 4.593318579053994E-10
 7796.191314552805 3.961225703933605E-10
 7846.02933581389 3.421365208342539E-10
 7895.867357074976 2.961150384418616E-10
 7945.775970434166 2.569861199456322E-10
 7995.684583793354 2.238414981127701E-10
 8045.593197152542 1.9591243868824813E-10
 8095.572402609837 1.7256069223202965E-10
 8145.622200165231 1.532609985820855E-10
 8195.671997720627 1.3759427712397348E-10
 8245.65120317792 1.2524580352048742E-10
 8295.771592831421 1.160017558726274E-10
 8345.821390386816 1.0975137958235101E-10
 8395.941780040315 1.0655683183804942E-10
 8445.991577595712 1.0643341048844585E-10
