 0. 0.
 0.26192572442822415 0.1135081299741568
 0.7888565076551727 0.34187671567360794
 1.321986911731867 0.5723158082661828
 1.8613922356969679 0.8031721708931759
 2.4071319261599453 1.0319057446218662
 2.9592984556244164 1.2554107248994557
 3.517957875878681 1.4704414276120057
 4.083182843889868 1.674016768548603
 4.655052621803937 1.863707697249136
 5.233646471766845 2.037782093858707
 5.819050261103382 2.1952278558291756
 6.411323436423018 2.3356919892635184
 7.01053865469288 2.4593726758093597
 7.616828019489567 2.5668934044263834
 8.230250977422546 2.6591791383806123
 8.85087358028012 2.7373454825109325
 9.478761879850586 2.802607654618591
 10.11411403149884 2.856209889461024
 10.756863983436586 2.8993744528726877
 11.407143839240419 2.933266776376769
 12.065085702486938 2.9589727398139782
 12.730755624964441 2.9774869061551756
 13.404285710249528 2.989710548856318
 14.0856759583422 2.996455005744291
 14.775058472819051 2.9984475314446746
 15.47256535725668 2.9963367670007552
 16.17826266344339 2.9906989799772643
 16.892216443167474 2.9820438133554084
 17.61455880000554 2.970820597161793
 18.34542183753417 2.9574235453454323
 19.08480555575338 2.9421966608129537
 19.832908110028058 2.925437899902001
 20.589729500358207 2.9074038758745306
 21.355533933897025 2.88831533777379
 22.130255358856207 2.86836337087941
 22.914025878812357 2.847714900217879
 23.707043649130366 2.826516587857542
 24.509374721598537 2.8048963061401166
 25.32108514800517 2.782963555737713
 26.14237308371516 2.7608145584717647
 26.973238528728512 2.7385372534927406
 27.813813586621812 2.7162100883308997
 28.66429641275997 2.6939002496821884
 29.52475305893128 2.6716615938413795
 30.395249576924037 2.649537884744432
 31.275984122103143 2.6275659990279276
 32.1670227462569 2.605777744228398
 33.068497552961894 2.5842046970581682
 33.98054064579473 2.5628801368540346
 34.90328412833202 2.5418346231235205
 35.836794052362045 2.5210899474347332
 36.781268573249704 2.5006609580331047
 37.73677374278329 2.480561147316169
 38.70350771632772 2.460797556771304
 39.681536545671285 2.4413646145100607
 40.670992334390576 2.4222485210714777
 41.672007186062196 2.4034345941860176
 42.68477925605104 2.3849117989433863
 43.709440647933704 2.3666786602566057
 44.74605741349849 2.3487468625034973
 45.794761656322 2.3311347178460817
 46.85575153176913 2.3138546475933826
 47.92915914341648 2.29691074321431
 49.01511659484063 2.2803069597267065
 50.11375598961819 2.2640523394190866
 51.22527548311407 2.24814682865126
 52.34974112711655 2.2325638126605636
 53.48735107699055 2.2172608928186497
 54.63830348810093 2.2022053202333334
 55.80266441223603 2.187388334046703
 56.98063200476071 2.1728175772937854
 58.1723383692516 2.1584945083535616
 59.377981661073576 2.144405122890993
 60.59769398380324 2.1305291784008737
 61.8316734928055 2.1168446058184855
 63.07998623986864 2.1033308992053494
 64.34289643214586 2.089977666751108
 65.62060222500206 2.076785247647749
 66.91310361843725 2.0637591207207726
 68.22092902675782 2.05090630295546
 69.54394634638714 2.0382395620243194
 70.88215557732524 2.0257776992403294
 72.23621723745511 2.0135427652864886
 73.60547080889376 2.001547564202135
 74.99123732740716 1.9897917933115354
 76.39285627511232 1.9782659163687142
 77.81098816989224 1.9669469758475555
 79.2456330117469 1.9558034827149888
 80.69745131855933 1.9448086312407755
 82.1657825724465 1.9339475107196982
 83.65062677340842 1.923220118536833
 85.15330495721109 1.9126511572954132
 86.67381712385448 1.9022821740800733
 88.21150275545563 1.8921433371085157
 89.7670223698975 1.8822426525313443
 91.3410364850631 1.872582295349802
 92.93288458306944 1.863158045699215
 94.54388769968249 1.8539400855810964
 96.17338531701927 1.844877818723713
 97.82137743507975 1.835927566567392
 99.48852457174698 1.8270827772324632
 101.1754872449039 1.8183634891964195
 102.88160493666754 1.8097717114845888
 104.60819868280386 1.801300435334052
 106.3546079654299 1.7929517485033586
 108.12083278454566 1.7847358769819546
 109.9075336580341 1.7766558129709493
 111.71537110377821 1.7686752230550014
 113.54434512177802 1.7607691518981687
 115.39379519415054 1.7529652058169995
 117.2657028745447 1.7452807057873787
 119.15808660931157 1.7376978348528747
 121.07358846998308 1.7302142711121784
 123.01022690291029 1.7228485797553457
 124.96998346174216 1.7156136407082374
 126.9521976285957 1.7084947616917674
 128.95752992135388 1.7014561708499576
 130.9859803400167 1.6944967257724106
 133.03754888458423 1.687616314843914
 135.11355659082236 1.6808094125639175
 137.21268242296517 1.674083031112606
 139.33690793466158 1.6674518461676917
 141.48491209014566 1.660908101147455
 143.65867644306633 1.6544416157909896
 145.85687995765764 1.6480786679048072
 148.0801831518026 1.6418341305479431
 150.32990706126716 1.635628207124354
 152.60539116816832 1.6293801844186246
 154.9066354725061 1.6231217510611498
 157.2349610100465 1.6169343665848686
 159.5897072629065 1.6108780221996537
 161.97219526685208 1.6049394638222811
 164.38176450400027 1.5990598284133626
 166.81907549223402 1.5932640785654555
 169.28412823155338 1.5876431757204692
 171.7782437577243 1.58222604508742
 174.3001010349808 1.576990737515985
 176.85168161697186 1.571826389629111
 179.4329855036975 1.5665828708374232
 182.0433521772747 1.5612640027165714
 184.68344215558645 1.5559496415402094
 187.35457647439873 1.550748199274788
 190.05609461582856 1.5456873590416655
 192.78865709775897 1.5406124639864847
 195.5522639201899 1.5354226881278386
 198.34823611888729 1.5302052918257547
 201.17591317596828 1.5249816367434446
 204.03595560931575 1.5196939321758387
 206.92836341892976 1.5143325152381026
 209.85445764057624 1.5089178240202452
 212.81423827425525 1.503503691434227
 215.80704480208374 1.4981668939145458
 218.83485877771076 1.4928978898544016
 221.89701968325323 1.487586271637019
 224.99418803659415 1.4821543086178046
 228.1270243556166 1.4765614967796603
 231.2955286403205 1.4708381469852658
 234.4997008907059 1.4650565184756215
 237.74086214253867 1.4593172321676198
 241.01967291370195 1.4537382086357813
 244.33481216842966 1.4483737227606817
 247.6882614603708 1.443188041955757
 251.08002078952538 1.4381175586859822
 254.51009015589338 1.4330229582465588
 257.9791300773578 1.4277907615794463
 261.48780107180164 1.4224964577975256
 265.0367636571079 1.417134920143837
 268.62535731539356 1.4115942207900662
 272.2549030824246 1.4059310359469894
 275.926061476084 1.400189497555876
 279.63883249637183 1.3943591433534528
 283.393216143288 1.3884531476350974
 287.19119397048155 1.382456149466426
 291.03144494218645 1.3763831366421255
 294.9152900941687 1.3702264365524854
 298.8427294264283 1.3638970430752781
 302.8150839747313 1.3573271290144264
 306.8323537390776 1.350535963435359
 310.8951992373502 1.3434752765326483
 315.004280987432 1.3359572096978853
 319.1589384714403 1.32802942143765
 323.3611532430238 1.3199621360955132
 327.61026478429966 1.3118907391899217
 331.90759413103376 1.303931752741239
 336.25314128322617 1.2960461174631095
 340.64756675875987 1.288074053748997
 345.0915310755178 1.27995500274914
 349.58569475138296 1.271586385102494
 354.13005778635545 1.262891819251718
 358.7259412162011 1.253999200266572
 363.37334504091996 1.2451529380307425
 368.07226926051214 1.2363696302645772
 372.8246954286265 1.2275867871303685
 377.6299630273801 1.218792356671756
 382.4893930925388 1.2098694378978967
 387.40298562410277 1.200630525770808
 392.3714011399549 1.1910223033748126
 397.3953001579782 1.1811201763717971
 402.4753431960557 1.170904154591555
 407.61219077207033 1.1600739709879806
 412.80650340390514 1.1484529234241383
 418.0589416094431 1.1363650284543776
 423.3695053886841 1.1239755010881551
 428.73885525951124 1.1109802466616867
 434.16831225769056 1.0974063915929075
 439.6585369011049 1.083675090528383
 445.2088686718714 1.0699842258865822
 450.82128912363896 1.0560897029756848
 456.49645877429066 1.041736332276407
 462.2337171059433 1.0271395747830037
 468.03504567224604 1.0123220569693596
 473.9004444731989 0.9970512514369329
 479.83057402668476 0.9809030916235109
 485.82609485058657 0.9637274117419149
 491.8876674627874 0.9458617934847448
 498.01661289905337 0.9274791569464509
 504.21293115938425 0.9082937971021153
 510.47728276166316 0.8884301481909344
 516.8109887416559 0.8680212154625484
 523.2140490993628 0.8467813471188395
 529.6871243526666 0.8248009911981976
 536.2315355373332 0.8022707574570372
 542.8479431712459 0.7793203783917143
 549.5363472544045 0.7561445959647407
 556.2980688225749 0.7328144540970318
 563.1337683936403 0.7089775960630728
 570.0441064854836 0.6842976055113326
 577.0304041338708 0.6594290086925534
 584.0920008209188 0.634770381773698
 591.2308781002766 0.6103519006532641
 598.4476964898273 0.5860622845926826
 605.7424559895709 0.5617075731558144
 613.1171381531562 0.5373888070688279
 620.5710824627005 0.513094260178239
 628.1062704718524 0.48869920280375084
 635.7233626984952 0.464278999761977
 643.4223591426288 0.4397252548361854
 651.204580840019 0.41527561106241795
 659.0706883085492 0.39135906594442077
 667.0239841376339 0.3678052936181905
 675.0558815947944 0.34480407109915695
 683.1802515555736 0.3224506496816797
 691.3904888411416 0.29987590987437623
 699.6931986303282 0.27695083654549124
 708.0751705654736 0.2545847489164656
 716.5562201830675 0.2334358937646219
 725.1231371254502 0.21450534242861297
 733.7825265714514 0.19829967448588362
 742.5343885210713 0.18370681060455807
 751.3787229743098 0.16942257149608103
 760.315529931167 0.15523540630091173
 769.3514145704726 0.1420095546167481
 778.4863768922269 0.13024986232533003
 787.7072065387697 0.11924978429955271
 797.033719046591 0.10861977591112333
 806.4593092368609 0.09875365406142805
 815.9839771095793 0.09056234640260559
 825.6011174859165 0.08351105420538232
 835.3305459023617 0.0763982286337313
 845.1524468224259 0.06896440090894125
 855.086635782598 0.06209860760192962
 865.1199024252189 0.056011923117015465
 875.2588519291181 0.04950329383699355
 885.5034842942958 0.041773205701863804
 895.853799520752 0.034067499238533944
 906.3164027873165 0.027893348298217487
 916.8846889151594 0.023400635596511815
 927.5652630831106 0.02027923165318829
 938.3581252911702 0.018238015192120798
 949.2566703605081 0.0168724864163239
 960.2741086487844 0.015957370853885162
 971.397229798339 0.015343840530278124
 982.6458493456619 0.014544842545325988
 994.000151754263 0.012959141575217327
 1005.4799525606322 0.010413071422904477
 1017.07204140711 0.007940193609057532
 1028.7830234725259 0.006630810063476703
 1040.6195039357099 0.005948280461773051
 1052.5682724390022 0.005131851569265618
 1064.6425393400627 0.004138826615763933
 1076.8423046388914 0.003307467164652964
 1089.1609631566585 0.0028482146298095938
 1101.6117252510232 0.0026709446464634333
 1114.1813805643262 0.002594306029676054
 1126.8831394542276 0.002500042840361747
 1139.7103967418968 0.002356136917115462
 1152.6631524273341 0.0021901361116390167
 1165.7546168681997 0.0020368990122344717
 1178.9715797068332 0.0019136141504539372
 1192.3206461220648 0.0018102706833911292
 1205.8018161138941 0.0016791686563137824
 1219.4216948611518 0.0014830225336318296
 1233.1736771850074 0.0012374356106042816
 1247.0643682642908 0.000981068607003847
 1261.0937680990023 0.000733339161191296
 1275.2618766891417 0.0005093462696919117
 1289.5686940347089 0.00032899922135012466
 1304.0142201357041 0.0002026691183091797
 1318.5984549921275 0.0001243003945042814
 1333.3346089616384 0.00007830045285700124
 1348.2094716865772 0.00005173072341037433
 1363.2296483457737 0.00003751323887987237
 1378.3951389392284 0.00003010861960187459
 1393.7059434669409 0.000025614980625561275
 1409.168667107741 0.000022287194553530877
 1424.7833098616288 0.000018149925156658387
 1440.5432665497747 0.000012811352175463288
 1456.455142351008 0.00000765981810591816
 1472.525542444159 0.0000040558443908424595
 1488.741256471568 0.0000024913310860469503
 1505.1220999697243 0.000001954262588245663
 1521.6482574021388 0.000001590186341627468
 1538.3395443053007 0.000001297197540902106
 1555.1827503215502 0.0000010719439171981272
 1572.1844806297177 8.901428915166144E-7
 1589.3513404086323 7.451852896258704E-7
 1606.6767244794646 6.363601675395879E-7
 1624.1672380210448 5.510748000876361E-7
 1641.8162758545425 4.6006730386647386E-7
 1659.6370483376174 3.5208327264660004E-7
 1677.6163451126101 2.4467227922716364E-7
 1695.7673765371803 1.5563900859516962E-7
 1714.0835374324981 9.134474442739922E-8
 1732.564827798563 5.020364574415669E-8
 1751.2178528142058 2.671809018548597E-8
 1770.049217658256 1.4523950165920373E-8
 1789.0457119730536 8.29015368642895E-9
 1808.2139409374286 4.693068045813876E-9
 1827.5539045513813 2.4942537182675597E-9
 1847.072207993741 1.2501573670722315E-9
 1866.768851264508 6.410385306054334E-10
 1886.6372291848527 3.9171276482789747E-10
 1906.6905521124345 2.710934444398877E-10
 1926.9156096895938 1.8602518108475402E-10
 1947.3256122739908 1.1557162168978079E-10
 1967.9139546867946 6.402930117324077E-11
 1988.6806369280057 3.4737724551133665E-11
 2009.6388693552844 2.031064095677478E-11
 2030.77544161097 1.2966063209100924E-11
 2052.096958873893 7.461720603092929E-12
 2073.6034211440533 3.223653588147771E-12
 2095.294828421451 1.0285244450599618E-12
 2117.1777858849155 2.539156749606622E-13
 2139.2456883556174 5.104246751075544E-14
 2161.5051410123865 8.200015163403486E-15
 2183.9561438552228 1.0184477358061405E-15
 2206.5920917052963 2.325943599620627E-16
 2229.426194920267 1.0571574015421544E-16
 2252.4518483213046 4.706770323695718E-17
 2275.6690519084095 2.2044213104857015E-17
 2299.0844108604115 1.1868669005890073E-17
 2322.69131999848 6.939332946340751E-18
 2346.4897793226164 4.276231690027427E-18
 2370.4929991904796 2.711402931981967E-18
 2394.69437442324 1.6672490232857434E-18
 2419.0872998420673 9.663990228327084E-19
 2443.6849858046216 5.244864991466154E-19
 2468.480827132073 2.675746646139731E-19
 2493.474823824421 1.3310224776371128E-19
 2518.673581060497 6.599978811436418E-20
 2544.070493661469 3.18346350439902E-20
 2569.6721668061687 1.4692695399967942E-20
 2595.471995315765 6.605695084598541E-21
 2621.4831895479183 2.9117610416476758E-21
 2647.692539144969 1.1679496542322027E-21
 2674.113254464576 3.7573002231528016E-22
 2700.73873032791 8.559548952654685E-23
 2727.5623615561412 1.294110726888425E-23
 2754.5973585069296 1.3306960321900229E-24
 2781.8437211802743 1.01552646712258E-25
 2809.2948443973464 6.2581627710080605E-27
 2836.950728158145 3.2778745160330827E-28
 2864.817977641501 1.5010896414684796E-29
 2892.896592847413 6.120733118942783E-31
 2921.1799685970527 2.2532761228535343E-32
 2949.6747100692496 7.57582954393744E-34
 2978.3808172640024 2.349306575954639E-35
 3007.291685002483 6.779151639636956E-37
 3036.4205236423495 1.835674523852099E-38
 3065.754122825944 4.706062173745087E-40
 3095.3056929109243 1.1541684654436137E-41
 3125.0620235396323 2.742530694009276E-43
 3155.0297198908966 6.406683986222598E-45
 3185.2153871435476 1.491017238918849E-46
 3215.605814939926 3.4809655025394584E-48
 3246.214213637691 8.134929058451281E-50
 3277.0339780580125 1.8870320233420225E-51
 3308.0651082008912 4.303607489031005E-53
 3339.307604066327 9.57910490631951E-55
 3370.7614656543196 2.0715742135089844E-56
 3402.4266929648684 4.342667945423614E-58
 3434.3098911768047 8.816238146850345E-60
 3466.397849932468 1.7329840545842307E-61
 3498.7037795895176 3.2988598972059276E-63
 3531.214469790294 6.083228704400272E-65
 3563.9431308924577 1.0871084142788354E-66
 3596.876552538348 1.88344318877821E-68
 3630.027945085625 3.164807439645013E-70
 3663.384098176629 5.160123722565171E-72
 3696.9582221690202 8.17211719297891E-74
