 0. 0.
 0.21152862247037635 0.000018114900193886053
 0.637072707369058 0.000377103744259524
 1.0676235447012705 0.0017455512390613791
 1.503241945225316 0.004800650130462217
 1.943975917434591 0.01006985001682508
 2.389900141207711 0.017840185727649026
 2.841067959315118 0.02814000297071399
 3.2975380488042942 0.040779786288784016
 3.7593744209997704 0.05541847245592838
 4.226641087226073 0.07163196426147184
 4.699407393084776 0.08897315315525443
 5.177721347069275 0.10701830420470701
 5.661641626227055 0.12539776486177423
 6.151274916098995 0.1438120780871819
 6.646669225178492 0.16203619923615767
 7.147877896235989 0.1799153781901536
 7.6549542720419215 0.1973551868857697
 8.168058380907613 0.21430727966338245
 8.687136880062626 0.23075311825721617
 9.212296455047838 0.24668982644629847
 9.743643791404129 0.26212160854270644
 10.28123223190194 0.2770573761163383
 10.825168462082154 0.2915127912119972
 11.375452481944768 0.30551260033198396
 11.932190977030665 0.31908901557948405
 12.495490632880722 0.33227615082127676
 13.065404792265385 0.34510382130973716
 13.64198679795509 0.3575914926168561
 14.225343335490718 0.3697427482310581
 14.815581090413152 0.38154434653393215
 15.412700062722392 0.39297317559684464
 16.016860280729755 0.40400821385941005
 16.628061744435247 0.41464107627305563
 17.246517824920623 0.4248818453282393
 17.872175179415446 0.4347588588742139
 18.505140493460598 0.44430941348129355
 19.145573795367397 0.4535632300995265
 19.793528427906285 0.46253045408758847
 20.449057733847702 0.4712014351740203
 21.11232174150297 0.47954667244753674
 21.783320450872093 0.48751493616901453
 22.46216054749594 0.4950444190216561
 23.14900205968584 0.5020839855686651
 23.843898330212237 0.5086085985422326
 24.54690270184556 0.5146237117602681
 25.258175202897142 0.5201557691669577
 25.977769176137418 0.5252297058692562
 26.705791307107262 0.5298495218575322
 27.442348281347567 0.5340007102904879
 28.187546784399206 0.5373990531833828
 28.941440159032627 0.5408370474643622
 29.70418843355914 0.543505402532554
 30.475844950749188 0.5456685014499272
 31.256569738914102 0.547301982782016
 32.04641614082431 0.5483451315473101
 32.8454908420207 0.5487207534326622
 33.653900528044154 0.5483718898325862
 34.471805227205984 0.5472948943904392
 35.29931162504708 0.5455477080276135
 36.13647306433788 0.5432196507647986
 36.983396230619256 0.5403992724870135
 37.840241152202545 0.5371658657341806
 38.707114514628614 0.5335809470575894
 39.58412300343835 0.5296749053821039
 40.47137330417264 0.5254457367832762
 41.36902544514278 0.5208668244293209
 42.27713276911924 0.5158975161587889
 43.195855304413335 0.510482370061953
 44.125353079336364 0.5045480739381256
 45.0656794366588 0.49803134306738683
 46.016994404691935 0.49092702225586254
 46.97940466897667 0.48329561430482737
 47.953070257824315 0.4752221327620395
 48.93809785677575 0.46676426707601903
 49.934647494142304 0.4579256636034087
 50.94277251269441 0.4487090099605268
 51.96268628351383 0.43919018022794337
 52.994548834911896 0.4294985571982528
 54.038360166888594 0.41974570838278086
 55.094547021607454 0.40999835267785456
 56.1630027135276 0.400269472370486
 57.243727242649015 0.39053586122971473
 58.337254036676114 0.3807667059702052
 59.4430496679045 0.370925401572041
 60.56218099174297 0.3610034686843226
 61.694114580487124 0.3510474926565702
 62.83938386184136 0.34112858530184187
 63.997988835805685 0.33133368550707126
 65.17046293008451 0.32177883228558746
 66.35627271697341 0.3125811019763164
 67.55541819647239 0.3038081879329637
 68.76896622399028 0.29543749688969423
 69.99691679952706 0.28738714299259427
 71.23873649537832 0.27960138570790083
 72.49495873924849 0.2720561386496018
 73.76611695884193 0.2646634256051671
 75.05167772645429 0.25722878731786963
 76.35270789749433 0.2496028960529619
 77.66867404425768 0.2418394569856499
 78.99957616674433 0.23433428297530998
 80.34594769265867 0.22674187447747512
 81.70832204970513 0.21967644551729626
 83.08616581017927 0.21300768357843697
 84.48054582948993 0.2065525557027874
 85.89092867993268 0.19998204893009736
 87.31731436150756 0.1932708116514681
 88.76023630191894 0.18655685532241129
 90.22022792887121 0.17987308359651022
 91.6972892423644 0.1731920702136729
 93.19088681469411 0.16657456158951855
 94.70262092897353 0.16001337503014348
 96.23089130208945 0.15338051870227573
 97.77783164485949 0.14668280594903851
 99.34184167417045 0.14010928150188565
 100.92452167313553 0.13376396868598567
 102.52533821405034 0.12755783824615732
 104.14482472461927 0.12140399058810328
 105.78298120484229 0.11543994993864602
 107.43980765471946 0.10971053347867522
 109.11637092965955 0.1038848029087652
 110.81160417425376 0.09776521842950808
 112.5271076716153 0.09162454952164724
 114.26181456633537 0.0858629052414365
 116.01732514152717 0.08062136972854125
 117.79257254178191 0.07575342152829391
 119.58809019480395 0.07103238613737105
 121.40494495600215 0.0663274685858318
 123.2426033976721 0.061619233164088856
 125.10106551981377 0.05698735747989957
 126.981398177836 0.05256513472901668
 128.88306794403434 0.04840973098204574
 130.80714167381763 0.04446221199975062
 132.75308593948148 0.04068891106555242
 134.72143416873024 0.03714493688762348
 136.712186361564 0.03385163165426119
 138.72640937339148 0.03077193848023232
 140.7630363488039 0.027879370985303582
 142.82366757091447 0.02517430559293011
 144.90830303972322 0.022674115935149564
 147.01640932752574 0.02035723114052166
 149.14851986202638 0.01817683639053056
 151.30570149863397 0.016154507271732912
 153.48742080964414 0.01433962676934886
 155.69421122276128 0.012722806300876417
 157.92607273798538 0.01126723809639608
 160.18407221072525 0.009960372087894388
 162.4676762132765 0.00881460745966166
 164.77741817334348 0.007841607366326258
 167.11329809092626 0.007024409805507713
 169.47638282143362 0.00636026779132365
 171.86667236486554 0.005688479898420987
 174.28363329351762 0.005076086323841608
 176.72886589050313 0.004467353251253882
 179.2018367281176 0.00388598734263329
 181.7030792340654 0.0033673517348355195
 184.23312683605107 0.0029221096634820245
 186.79197953407447 0.002539614081517479
 189.37963732813571 0.002211839625161429
 191.99716707364348 0.0019431337102721867
 194.64510219830228 0.001738334360564096
 197.32237584670327 0.001589219434734438
 200.03058830195968 0.0014768627701026253
 202.76973956407147 0.0013826097946897282
 205.53982963303866 0.0012945027376808928
 208.34139193656563 0.0012076175244884212
 211.17495990235685 0.0011222589087989522
 214.04106695811666 0.0010415552131389713
 216.9391796761407 0.000968578257224059
 219.87036491183775 0.0009043950718838128
 222.83515609291217 0.0008481750893734975
 225.83355321936406 0.0007983463684878952
 228.86555629119334 0.0007534264923641865
 231.9327655915133 0.0007122026859264507
 235.03411426491502 0.0006735492622977183
 238.1706691668074 0.0006363484795720668
 241.3424302971904 0.0005996877898485198
 244.55046451147282 0.000563094400552316
 247.79477180965472 0.0005266331995429342
 251.07588561944044 0.0004907735137846196
 254.39433936853436 0.000455879279532708
 257.7495996292322 0.00042164011639505184
 261.143266684647 0.00038716518172293116
 264.5748071070745 0.0003519383903149809
 268.0452877519234 0.00031642467621871545
 271.55470861919383 0.00028168581290900427
 275.1036031365901 0.0002489567050744955
 278.6925047318166 0.00021919398695402113
 282.3219468325778 0.00019270695446296855
 285.9919294388736 0.00016950308891927686
 289.7035194061129 0.00014961542757149248
 293.4567167342957 0.00013283601021307808
 297.25152142342193 0.00011854474403455454
 301.0895337566049 0.00010617094278724467
 304.9702203061401 0.00009555067759277604
 308.8946479274364 0.00008643497459090918
 312.86281662049373 0.00007845035806008307
 316.8752598130166 0.00007188475736595336
 320.93251093270936 0.00006714171024021165
 325.03510340727644 0.0000634991830579308
 329.1835706644222 0.00005945159381094308
 333.37844613185104 0.00005535872485912216
 337.6202632372674 0.000050806265093732896
 341.90902198067124 0.00004664870653859084
 346.24525578976693 0.00004310796457291858
 350.63003151996344 0.00003964179060058767
 355.06388259896505 0.0000354018542477262
 359.54627559906737 0.00003020771115509944
 364.0788108033836 0.000024808771699004944
 368.6620216396182 0.000020052783936445605
 373.2953746800667 0.000016476042057454846
 377.9804702078423 0.000014152824075718583
 382.71730822294506 0.000012620125212161656
 387.5064221530794 0.000011455001102055943
 392.3483454259496 0.00001045497757673519
 397.2436114692602 0.000009447070376880248
 402.19328713842 0.000008317194119035504
 407.1973724334289 0.00000708456258797879
 412.2564007819914 0.000005852441704022586
 417.3714390395162 0.000004733742079384345
 422.54248720600333 0.0000037804644532954694
 427.77007870915736 0.000002991454801029736
 433.05528040438685 0.000002329344646748569
 438.39862571939636 0.000001732074179173863
 443.80011465418585 0.000001175829860359576
 449.26081406416415 7.169271382050205E-7
 454.78125737703556 4.472123613048628E-7
 460.3619780205046 4.765518670471414E-7
 466.00404284998007 5.062138773927813E-7
 471.7069184377575 6.733257343487046E-7
 477.47220506695015 8.105551406630181E-7
 483.3004361652624 8.896304708921478E-7
 489.1916117326943 9.034272156680722E-7
 495.14733205235893 8.012458507009485E-7
 501.167063696552 5.467059685000218E-7
 507.25240694838675 2.1684474310174827E-7
 513.4038952355676 -7.17704448710603E-8
 519.6215285580944 -1.2854864225742143E-7
 525.9063737713759 -6.895968406353972E-8
 532.2589643031168 -8.728407274289309E-9
 538.681967291839 1.4969327414240128E-7
 545.168448177385 2.0124880422967765E-7
 551.7296089415477 1.6779834646211223E-7
 558.3601153072827 1.2193980855138553E-7
 565.0653015516343 1.3653638667064357E-7
 571.8344991205142 1.5127231159772285E-7
 578.6837108450547 2.2012838941927123E-7
 585.6022681711677 2.763005449327614E-7
 592.5955053758971 2.3669490355750995E-7
 599.6634224592431 7.490484675422462E-8
 606.8060194212054 -1.9428450665664043E-7
 614.0232962617843 -5.022579419278047E-7
 621.3205872580237 -5.729535174037074E-7
 628.6978924099236 -4.360446438495452E-7
 636.144543163396 -2.978488466828002E-7
 643.6765423495729 2.541541699665896E-7
 651.2885556914104 7.887213229010413E-7
 658.9805831889083 0.0000010371939662727032
 666.7472905650228 8.755274007241356E-7
 674.6046806508857 5.114010083215456E-7
 682.5367506153653 4.36123422160598E-7
 690.5595032895934 4.4592091809037567E-7
 698.6622701194821 4.5581612840775107E-7
 706.8503853820752 4.3179024519696864E-7
 715.1238490773729 1.8577055466165815E-7
 723.4826612053753 -2.0939331114172393E-7
 731.9321560431262 -7.141182962452341E-7
 740.4669993135816 -0.0000012805048146074454
 749.0925252937856 -0.000001769476368094328
 757.8087339837382 -0.0000018760294404315239
 766.6102911063955 -0.0000018811605321721299
 775.5078652158453 -0.0000017680379609482334
 784.4907877579996 -0.0000016538302811274657
 793.5750615639906 -0.0000011017877596616053
 802.7446838026862 -3.1543223852974624E-7
 812.0156573052183 4.3499442608697E-7
 821.3773135174991 0.0000011402467633262468
 830.8349867165725 0.000001964392283839683
 840.3940111794826 0.00000274089493282127
 850.0437183521414 0.0000030220644719242555
 859.7947767886366 0.000003118632126820543
 869.6471864889687 0.000003216203493665972
 879.5956131760934 0.000004910636977617424
 889.6507254040987 0.000007614483669585434
 899.8018546188965 0.000010295052617995102
 910.0596693745752 0.000011800696929798777
 920.4188353940905 0.000011218327408663473
 930.8793526774424 0.00000963081217414782
 941.4518897787191 0.000008574380140248096
 952.1257781438325 0.000008433205843423694
 962.9063520498264 0.000008435638095477816
 973.793611496701 0.000008438094417319711
 984.7928907615005 0.000009371888632560917
 995.8988555671807 0.000010923134406273487
 1007.1168401907855 0.000011814057211971403
 1018.4468446323152 0.000011731745425880869
 1029.8888688917693 0.000011196496419971305
 1041.4429129691484 0.000010710711342112536
 1053.1089768644522 0.000010261438553548783
 1064.8870605776808 0.000009878061873509304
 1076.7878326629223 0.000010017099898094224
 1088.8006245660881 0.000010157446662489221
 1100.930770564223 0.000009065611177489037
 1113.1782706573265 0.000007548669918426708
 1125.5431248453988 0.000006536227798253337
 1138.0306674054839 0.000005438409223533647
 1150.6408983375818 0.00000435752758249251
 1163.3684833646485 0.000004511893493660814
 1176.218756763728 0.000004667747424928393
 1189.1970528118643 0.000005620726584152428
 1202.2927029549694 0.0000060327296785651016
 1215.5217100241753 0.000005269450966308404
 1228.8680711883499 0.000004385908732230326
 1242.3477892786254 0.0000037832814209724288
 1255.9501957409138 0.000002965877416643105
 1269.6806248522591 0.000001787440725625154
 1283.544410889705 8.179456926124599E-7
 1297.536219576208 -3.7752643086455836E-7
 1311.6613851888117 -0.0000015319771364145601
 1325.9145734504723 -0.000002310665713335173
 1340.3064529152778 -0.0000023701229268302633
 1354.8263550291401 -0.0000018886603706480834
 1369.4849483461471 -0.0000014025989803510166
 1384.2768985892553 -7.639606359585553E-7
 1399.2022057584643 -2.60704040246729E-7
 1414.266204130818 6.02022440415695E-7
 1429.474227983361 0.0000013040351312315047
 1444.8156087620046 0.0000010266263413400325
 1460.295680743793 0.0000012269422739909068
 1475.9144439287265 0.0000014290529048667773
 1491.6772325938489 0.0000017716641034946203
 1507.5840467391602 0.000002879529883884873
 1523.6295520876165 0.000004852001283831381
 1539.8244171933056 0.0000060840798889109964
 1556.1579735021396 0.000005461039974543742
 1572.640889568207 0.000004578289251329981
 1589.2678311144628 0.000004158289633931849
 1606.0387981409076 0.000003374964133009144
 1622.9644592016298 0.0000020390086857088644
 1640.0341457425407 0.0000010481345293207053
 1657.2531920406846 7.021244076391531E-7
 1674.6215980960612 6.69931604996616E-7
 1692.139363908671 -1.8760387834163816E-7
 1709.811823755558 -0.000002255851307008256
 1727.6336433596775 -0.000002271568595958274
 1745.6101569980742 -0.0000019812670150957332
 1763.7413646707482 -0.0000016884672900655285
 1782.0219321006548 -0.0000012661993873628228
 1800.4625278418828 -0.000001064991463191884
 1819.0578176173874 -7.030977883995484E-7
 1837.8078014271691 -9.158967337772506E-8
 1856.717813548272 4.825460601174812E-8
 1875.7825197036518 -6.517489375788682E-9
 1895.0019198933087 -7.831813126647777E-8
 1914.3866826713304 -9.039500619078048E-8
 1933.9314737606735 -9.150513194160841E-8
 1953.6309588842935 -8.6568511544182E-8
 1973.4958065962785 -8.159045187453239E-8
 1993.5206826195847 -7.184613113282889E-8
 2013.7055869542116 -6.372034716194859E-8
 2034.0558538772038 -5.693303226689378E-8
 2054.566149111517 -5.113488512762072E-8
 2075.2418069341957 -4.6059261985375056E-8
 2096.0774930681946 -4.153329331533543E-8
 2117.083876067603 -3.745218408495764E-8
 2138.250287378333 -3.375261263924353E-8
 2159.587395554471 -3.039390638457353E-8
 2181.089866318975 -2.7346699576331034E-8
 2202.7523653947997 -2.458681074032431E-8
 2224.5855613360336 -2.209228315142523E-8
 2246.5894541426765 -1.9842167547698743E-8
 2268.7587095376844 -1.781617635520399E-8
 2291.0933275210573 -1.5994715907956024E-8
 2313.5986423698396 -1.4359059335525245E-8
 2336.2746540840308 -1.2891516307225927E-8
 2359.116028386587 -1.1575570556343051E-8
 2382.128099554553 -1.0395955321993867E-8
 2405.310867587927 -9.338680853973265E-9
 2428.658998209667 -8.391016338141104E-9
 2452.18315997386 -7.541446203010719E-9
 2475.8726843264176 -6.779598842906791E-9
 2499.7382398214286 -6.0961686613750565E-9
 2523.7691579048046 -5.482828841529866E-9
 2547.97077285359 -4.932143644890108E-9
 2572.348418944828 -4.437483146358577E-9
 2596.891427624432 -3.992941034026972E-9
 2621.610467446488 -3.593258931558509E-9
 2646.500204133954 -3.2337555142721483E-9
 2671.5606376868286 -2.910263012242443E-9
 2696.7917681051126 -2.619069292953729E-9
 2722.1935953888055 -2.3568662307761075E-9
 2747.766119537908 -2.120703341654692E-9
 2773.514674829463 -1.9079469187679237E-9
 2799.4285927093833 -1.716243883302232E-9
 2825.5185417317566 -1.5434896430755988E-9
 2851.7738533424954 -1.3877997232541923E-9
 2878.2051960956874 -1.2474852477473603E-9
 2904.8019014372435 -1.121030778160791E-9
 2931.5746379212533 -1.0070752175753035E-9
 2958.5127369936286 -9.043949932985404E-10
 2985.626867208457 -5.08544724432769E-10
