 0.2558821659990199 0.9999519906566271
 0.7706547811669504 1.0001329793932558
 1.2914839698725455 1.0007066451948978
 1.8184432937377204 1.0016974358067858
 2.351590827727145 1.0030519698678657
 2.891016910674749 1.0046842989403504
 3.4367860703190556 1.0065097788223218
 3.9889692871724374 1.0084099327707265
 4.547643994521122 1.0102815111558967
 5.112887625651336 1.0120388584938595
 5.6847840666231555 1.0136355151811514
 6.263391392401252 1.015039354352674
 6.848780583498001 1.0161835804516621
 7.4410806953904425 1.0170804517315566
 8.040349803043249 1.017780577931723
 8.646652434194943 1.018295173188139
 9.260053116584043 1.0185858755203971
 9.880745433426116 1.0187463761260025
 10.508664856982644 1.018823927812151
 11.143940442730665 1.0187578936571149
 11.786701246147226 1.0185993805471139
 12.437011794970848 1.0183653423170438
 13.095001144678577 1.0180860823610771
 13.76066929527041 1.0177655777741532
 14.434145302223392 1.0173737323469678
 15.115558221014567 1.0169345537595234
 15.804972579382454 1.0164655452845768
 16.50245290506558 1.0159536864740795
 17.208128253540988 1.015390395215978
 17.922127680285715 1.0148024272970089
 18.64445118529977 1.0141772909895275
 19.375292351798713 1.01351394614089
 20.114651179782545 1.0128028492528067
 20.862785780205357 1.0120528716190702
 21.619631625328623 1.0112778167219172
 22.38531777062939 1.0104462080623893
 23.160037799323216 1.0095694886505282
 23.94385623914863 1.0086635581088694
 24.736837617844156 1.0077177888754494
 25.539175518625353 1.0067394892790378
 26.35086994149223 1.005734789526441
 27.17204994192182 1.0046905938616
 28.0029091031297 1.003615311647134
 28.843511952854378 1.002518056730203
 29.693923018834386 1.0013892858540043
 30.554335884285287 1.0002328346084606
 31.424815076945606 0.9990631012019431
 32.30548965229238 0.9978910972478626
 33.196488665802654 0.9967302588422217
 34.09794117295348 0.9955921316261822
 35.009911701483375 0.9944768269047082
 35.9325938346079 0.9933822164360958
 36.86605210006558 0.992301176907404
 37.81048008107199 0.9912241912188431
 38.765942305365634 0.9901457626889076
 39.73256782842357 0.9890584324464081
 40.71048570572284 0.9879595119306618
 41.699889520479 0.9868508909381914
 42.700908328169106 0.9857370535925027
 43.71360665653167 0.9846150081683942
 44.73811356104374 0.9834792359044519
 45.77462262492088 0.9823312028052741
 46.82326290364014 0.9811752098025421
 47.88416345267856 0.9800116232556028
 48.95745332751318 0.9788392122013297
 50.04332611135957 0.9776639898945535
 51.14184633195625 0.9764933748900434
 52.2532075725188 0.9753332881025623
 53.37760341626275 0.9741926747380978
 54.51509839092666 0.9730701895185929
 55.665886079726064 0.9719572166883962
 56.83009553813803 0.970850189017844
 58.007920349378125 0.9697555070517705
 59.19948956892337 0.9686825128115889
 60.404996779989354 0.9676364303381685
 61.62450651031458 0.9666181885621281
 62.85827687085314 0.9656294543024413
 64.10650144482061 0.9646737244576091
 65.36918023221698 0.963740921276499
 66.64682945495043 0.9628279358428827
 67.93932005754392 0.9619354490049525
 69.24665203999744 0.9610445405197329
 70.56947067969622 0.9601540860752007
 71.90713069925503 0.9592481834840709
 73.26092265344431 0.9583242692717461
 74.63020126487886 0.9573932873477593
 76.01561181094387 0.9564531971108574
 77.41715429163935 0.9555122932628647
 78.83547398435053 0.954587725122029
 80.26992561169217 0.9536969860905549
 81.72050917366428 0.9528264154394955
 83.18851522503732 0.9519741540256039
 84.67394376581126 0.9511536456796698
 86.1761495186009 0.9503565195732838
 87.69577776079146 0.9495760710995932
 89.23347376976812 0.948831986004943
 90.7885922681457 0.9481200169296526
 92.36242381069464 0.9474358887423215
 93.95432312002971 0.9467818257723046
 95.56429019615089 0.9461292345802079
 97.19297031644344 0.9454858562973807
 98.84100875829256 0.9448248482343135
 100.507760244313 0.9441326055823394
 102.19451532927525 0.9433934986505703
 103.90062873579406 0.9425988966938349
 105.62610046386945 0.9417280380980617
 107.37157579088661 0.9407712761692665
 109.13769999423077 0.9397268171489116
 110.92447307390195 0.9386006675096329
 112.73124975251493 0.9373774230793654
 114.55996586222534 0.9360499834188132
 116.40868557087751 0.9346003233333267
 118.27998998801236 0.9330190065135653
 120.17194328147423 0.9312989077348246
 122.08648128341875 0.9294226921294831
 124.02295871646072 0.9273922855493866
 125.98202085798535 0.9252095224353956
 127.96366770799263 0.9228964331346072
 129.9678992664826 0.9204760796431128
 131.99600608822564 0.9179829017691977
 134.04669761845133 0.9154256126909394
 136.12190968931537 0.9127980262232679
 138.2203517460473 0.9100856597399202
 140.34395962080274 0.9072854557833584
 142.49144275881127 0.9044174391261732
 144.66344643745816 0.9014957401182138
 146.86126121151378 0.8985598365837772
 149.08424180359293 0.8956348538408587
 151.33238821369562 0.8927043237106617
 153.60699099659232 0.8897628526733528
 155.90740487489776 0.8868195704920989
 158.23492040338238 0.8838801973188375
 160.588892304661 0.880952285010871
 162.96996585611876 0.8780404512529502
 165.37814105775576 0.875141665372015
 167.8147084643424 0.8722558481055076
 170.2783775211082 0.869369179906642
 172.77108406020886 0.866450512698624
 175.2928280816444 0.8634963537890074
 177.84296430802956 0.860512962126734
 180.42213801674956 0.8574966895200943
 183.03163976257486 0.8544409031275512
 185.6708242681202 0.8513202418888892
 188.34033681077088 0.8481176740143777
 191.04017739052682 0.8448446978251343
 193.77163656215848 0.8415215719341641
 196.53406904828066 0.8381402199289488
 199.32812012627855 0.8346685899513621
 202.15378979615218 0.8310808451237564
 205.01236861267196 0.8273010164192971
 207.90385657583792 0.8234914148647191
 210.82760840826484 0.8194893397525138
 213.78555994210836 0.8154020672605605
 216.77706589998326 0.8112657944284951
 219.80277155927473 0.8070724313919456
 222.86332219736806 0.802807290086672
 225.9587178142632 0.7984544545996263
 229.08895840996016 0.7939900043478372
 232.25533453922935 0.7894082593366732
 235.45849147945606 0.784728689332968
 238.69713867586978 0.7799289806715622
 241.97321196062623 0.7750055277729333
 245.28671133372535 0.7700062637287765
 248.63763679516717 0.7649698970537452
 252.0266336223369 0.7599024411309656
 255.4543470926198 0.7547796490856865
 258.921422483401 0.7495970655076465
 262.4272145172954 0.7443531898739012
 265.97301374907335 0.7390354588727638
 269.55946545612005 0.7336245175821566
 273.18656963843557 0.7280979430640375
 276.8543262960199 0.7224148296460103
 280.5646712610287 0.7165306863082372
 284.3163139786914 0.7104359899784842
 288.1105450037786 0.7041460418846283
 291.9473643362903 0.6977317539746241
 295.8280625309969 0.6912666125008227
 299.75263958789833 0.68474188719121
 303.7217407843799 0.678143393232516
 307.7360113978267 0.6714965103683458
 311.79480615085373 0.6647865642225695
 315.9000608756164 0.658004670579364
 320.0511302947297 0.6511428088309146
 324.249304962964 0.6441314269497243
 328.4945848803192 0.6369257397919214
 332.7876153241807 0.6295503536006045
 337.12904157193356 0.6220675816916317
 341.51950890096305 0.6144873994059502
 345.9590173112692 0.6068019614317848
 350.4488573576224 0.5990304881865535
 354.9890290400227 0.5912074517971605
 359.57953235847003 0.5833404164903733
 364.2223031451202 0.5753660543320088
 368.9166961225878 0.5672257830127652
 373.6640018456433 0.5588559806851209
 378.4642203142868 0.5501959021776225
 383.3179968059035 0.5412711238370352
 388.22597659787857 0.5321073141111428
 393.18880496759726 0.5226682314938741
 398.2071271924448 0.5129386701157501
 403.2815885498063 0.5030922577490881
 408.4128343170671 0.4930705575284584
 413.6008644942272 0.4829401237088509
 418.8463243586717 0.4726658684290285
 424.1505044651712 0.46228290175432646
 429.51405009111085 0.45177456303411756
 434.9363159591054 0.44115231720251324
 440.4192379013105 0.43048386669202704
 445.96346119511145 0.41975235178870907
 451.56834056312294 0.40897115134949863
 457.23581183750065 0.3981687047499166
 462.9658750182446 0.38731094221173945
 468.75917538274007 0.3763091605745033
 474.61635820837216 0.3651025715094386
 480.5380687725261 0.35371356978737384
 486.5255976299725 0.34216510734958966
 492.5789447807111 0.33052470584469423
 498.6987555021273 0.31889422243104915
 504.8863203489915 0.30730512768505536
 511.1416393213036 0.29565502481684597
 517.465357696449 0.28388306755590526
 523.858766029198 0.2720235731043805
 530.3225095969359 0.25998538567619706
 536.8565883996627 0.24770760499353547
 543.4622929921487 0.235337647868747
 550.1402686517791 0.22308669011310536
 556.8911606559394 0.2111028001646573
 563.7162595594 0.1994388020085371
 570.6149200847755 0.18806835289810042
 577.5890780642214 0.17693794314377734
 584.6393787751233 0.16600416303409038
 591.765822217481 0.1552336827972535
 598.9703442234502 0.14469732408693015
 606.2522995156456 0.1344825161573807
 613.613623926223 0.12454181340598153
 621.0549627325676 0.11489641438521421
 628.5763159346792 0.10565061930060582
 636.1789740873285 0.09676438574341092
 643.8635824679005 0.08828497598757383
 651.6333674633215 0.08035591858383095
 659.4799404675834 0.07295685668542984
 667.4168523057762 0.06597814444596259
 675.4376502040473 0.059403498915377786
 683.548786936249 0.05326389627339228
 691.7373569546771 0.04760457936860173
 700.022718580888 0.04242592436458208
 708.3919662671773 0.03766024849933471
 716.8515527873972 0.033235462226952735
 725.4014781415478 0.029186416394248082
 734.0417423296291 0.02576517406764071
 742.7723453516411 0.022324370938374024
 751.5997399814358 0.01946043972784218
 760.5239262190134 0.016884911191102
 769.5319985166694 0.014582232629487997
 778.6433151959606 0.012554299254473874
 787.8514234830344 0.01077317535142421
 797.1563233778912 0.009230588004067926
 806.5515621066787 0.007911800863050067
 816.0564979909533 0.006784586321463935
 825.6517727091586 0.005818745396662589
 835.356744582851 0.005009846717483461
 845.1585080643264 0.004354228966392079
 855.0635159274366 0.0038212775408343084
 865.0717681721819 0.0033596999405112477
 875.1832647985625 0.0029223483719006127
 885.4044585804301 0.0024966283324733534
 895.7288967439326 0.0020997771697379227
 906.1630320629225 0.0017392175555700673
 916.7068645373996 0.0014116446802421706
 927.3539413935118 0.0011161899935558373
 938.1171681789633 0.0008650047697036265
 948.9836393460498 0.0006710621715710453
 959.972713216328 0.0005130458530210409
 971.0650314682412 0.0003615516250498865
 982.2799524233458 0.00020641472074575513
 993.6045705339378 0.0000535952615432464
 1005.0453385738691 -0.00009578859702135213
 1016.6087093169921 -0.0002504796436245185
 1028.2817772156022 -0.0004183797265390353
 1040.077447817404 -0.0005973979098023065
 1051.9957211223975 -0.0007760462306780682
 1064.0301443567303 -0.000941806066341976
 1076.1936230681067 -0.0010819976842719268
 1088.4732517088228 -0.0011853955745038673
 1100.8819358265825 -0.00125142106928472
 1113.4132226475338 -0.0012966446284678032
 1126.0671121716766 -0.001348496662489964
 1138.8565099467157 -0.0014307069223232325
 1151.768510424946 -0.0015504619812141578
 1164.8095663802203 -0.0016818313656590325
 1177.9796778125383 -0.0017843293816127096
 1191.2852974957525 -0.0018479346331792938
 1204.7199726560102 -0.001894277578181268
 1218.290156067164 -0.0019445204561373325
 1231.995847729214 -0.0020018236458691084
 1245.8370476421594 -0.0020536676955900486
 1259.8137558060012 -0.0020872682217581537
 1273.925972220739 -0.0020968380750157143
 1288.1736968863727 -0.001772853565086399
 1302.5698353506066 -0.0014457222414634725
 1317.1014820657365 -0.0020827830836127386
 1331.7750898056145 -0.0020970370870049934
 1346.590658570241 -0.002109905854335887
 1361.5481883596153 -0.002175427144317482
 1376.6541319475903 -0.002328345931073564
 1391.9084893341653 -0.0025189755629071273
 1407.3048077454887 -0.0026635998289995023
 1422.8495399554124 -0.002674396491127936
 1438.5491387377886 -0.0026307277836528347
 1454.390698544913 -0.002594762244687279
 1470.393577698342 -0.0025333535007289565
 1486.5384178765191 -0.0025049219548977293
 1502.8445774010013 -0.0024739135636372197
 1519.2991507240836 -0.002423035778971897
 1535.9085906196185 -0.0024066969091671546
 1552.6793498614581 -0.002483030105121359
 1569.6049756757502 -0.002605720264021509
 1586.691920836347 -0.0025812556856849417
 1603.9337325693966 -0.002513790981910802
 1621.343316422603 -0.0024563882147375917
 1638.9077668482619 -0.0024210819604612603
 1656.6399893940775 -0.002470356856240369
 1674.533531286198 -0.0025557719456825753
 1692.588392524623 -0.0025420800118672224
 1710.8110258832053 -0.0025451388723625712
 1729.2078841357968 -0.0022880959365761864
 1747.7660617346928 -0.00181095875440879
 1766.4920114537454 -0.0011408000538507671
 1785.3857332929556 -0.00041097809464089136
 1804.4536800261744 0.00026150050880890334
 1823.6958516534023 0.0008242794866045011
 1843.1057954007874 0.0012881530149306615
 1862.6964168160334 0.0016816663048620144
 1882.454810351437 0.0019788334171288013
 1902.3938815547015 0.0021452735315674026
 1922.5071776519749 0.0022065174058189556
 1942.7946986432576 0.0021827928853622707
 1963.2693500762539 0.002093753773813989
 1983.918226403259 0.0019698545260370057
 2004.7477803981258 0.0020072523262859338
 2025.7580120608534 0.002036653901888501
 2046.9489213914428 0.002179718338733066
 2068.3269611637456 0.002159545336223069
 2089.885678603909 0.0019992622360122765
 2111.6315264857867 0.001790318722665994
 2133.564504809378 0.0016199124259393145
 2155.6781608008296 0.0015496264584022503
 2177.985400007848 0.0015406232183308123
 2200.4797696565793 0.0015438152818510594
 2223.161269747024 0.001595631749850305
 2246.036353053035 0.001642486077393774
 2269.0985668007584 0.0016420238612014873
 2292.3479109901964 0.0015905365758236503
 2315.7972911690513 0.001486969635444152
 2339.4402545634725 0.001343813658865596
 2363.270348399607 0.001190073391931979
 2387.3004782251596 0.0010445868404390963
 2411.5241912662777 0.0009325419377892935
 2435.9414875229613 0.0008664218565721495
 2460.558819769063 0.0007616437645619499
 2485.36973523073 0.0005592969533158475
 2510.3806866818154 0.0003198417207139806
 2535.5852213484663 0.00007729255350055373
 2560.996244778387 -0.00019092507896495864
 2586.600851423874 -0.0004203729671255992
 2612.4119468326303 -0.0005546727217608599
 2638.423078230805 -0.0005383207611123586
 2664.6277928445447 -0.0005159995957609877
 2691.0389962215554 -0.0003945934756238464
 2717.656688361835 -0.0002746003059260349
 2744.4744164915332 -0.0001569500250051338
 2771.4921806106495 -0.00005624692337221196
 2798.7164334930358 0.000012790198153571798
 2826.147175138691 0.00004592427475548052
 2853.7779527737653 0.00005320154015132482
 2881.61521917211 0.000049970637115820995
 2909.6589743337236 0.000044833103872358424
 2937.9027654847555 0.00004025494664822233
 2966.3594981729093 0.00003662825450903746
 2995.0162668504818 0.00003378311302170187
 3023.8859770651757 0.00003150537796999967
 3052.9557232692882 0.00002971031885593681
 3082.23195823667 0.00002825374396405124
 3111.7211347411744 0.000027109356145305237
 3141.410347235097 0.000026178509688063628
 3171.312501266141 0.00002537530423091224
 3201.421144060456 0.00002474773121050298
 3231.7362756180405 0.000024265326670888754
 3262.257895938895 0.000023867534226882672
 3292.9860050230204 0.000023537151686644553
 3323.9206028704148 0.000023258187250504304
 3355.068142254932 0.000023024446156099443
 3386.4157176288672 0.000022824971701427008
 3417.976234539924 0.000022652821504311492
 3449.736787440399 0.000022502580424456266
 3481.7102818779967 0.000022369829920607303
 3513.8838123050114 0.000022287053137091825
 3546.2702842691488 0.00002225097763517534
 3578.856792222704 0.00002215224305148903
 3611.6562417133814 0.000022046777143254628
 3644.6557271934767 0.000022047136868038015
 3677.861701436842 0.000022003047391636665
 3711.267711669625 0.00002196019621300444
 3744.886663439531 0.00002192250876491473
 3778.699198425002 0.00002188696728695935
 3812.7246749475953 0.000021887440977449163
 3846.943734685754 0.00002185737711489957
 3881.3692831871836 0.000021857845320436636
 3916.001320451883 0.000021863447289592443
 3950.826940932148 0.00002183800238581082
 3985.8525974018303 0.00002184445351401437
 4021.078289860931 0.000021883980159135937
 4056.5040183094493 0.00002189087507795727
 4092.1297827473854 0.000021867064962099552
 4127.949130400887 0.00002190840096032397
 4163.968514043807 0.0000219515344355518
 4200.17502812844 0.000021962222780731638
 4236.581578202492 0.00002200267309142691
 4273.181711492109 0.00002204485250228658
 4309.975427997291 0.00002205697003557857
 4346.9562749441875 0.00002213154143839382
 4384.130705106649 0.00002217458157546635
 4421.4922657108245 0.00002221864942056619
 4459.040956756713 0.00002229356094139079
 4496.776778244315 0.000022336792252154872
 4534.699730173631 0.000022410251509878625
 4572.80981254466 0.000022515241426500967
 4611.10057258355 0.000022592975493802993
 4649.56555751645 0.000022637754974276205
 4688.217672891064 0.000022740221158859014
 4727.050465933537 0.000022845638040385515
 4766.05748387002 0.000022922204039535652
 4805.238726700512 0.000023027630222265703
 4844.594194425015 0.00002315976474988706
 4884.130339817378 0.000023265214242627787
 4923.8278045560455 0.000023371551812312997
 4963.699494188722 0.000023504242073440707
 5003.738955941556 0.000023639603193908723
 5043.939737040694 0.00002380266628530128
 5084.30829025999 0.000023935828102853824
 5124.838162825589 0.00002406769144314221
 5165.535807511346 0.000024259425124767033
 5206.381865995704 0.000024423288920712726
 5247.389243826366 0.0000245838693364109
 5288.551488229481 0.000024773388279816144
 5329.868599205048 0.000024963429671851343
 5371.334123979215 0.000025154044694336997
 5412.948062551984 0.00002537113514745692
 5454.710414923351 0.000025588754311528807
 5496.614728319468 0.000025806764010704494
 5538.661002740332 0.00002602339810832364
 5580.849238185945 0.000026265942723613085
 5623.179434656306 0.000026565803986913524
 5665.63868660371 0.00002680919537213215
 5708.239899575863 0.000027080101591724397
 5750.963715251208 0.000027378786072886854
 5793.823039177448 0.000027675491145928068
 5836.804965806879 0.00002800174966741408
 5879.909495139503 0.000028299195810179443
 5923.136627175319 0.000028650719428721656
 5966.479909140473 0.000029027202616813544
 6009.945793808819 0.00002940371146308372
 6053.521375632653 0.000029780488340103272
 6097.213107385825 0.00003018400628196928
 6141.008083520633 0.00003061437714038751
 6184.912756810928 0.000031042588464997846
 6228.920674482858 0.000031526106509682146
 6273.0253837625705 0.00003203380265864069
 6317.233337423918 0.00003254156431121968
 6361.531629919197 0.000033049523314500344
 6405.926714022258 0.00003360757932504013
 6450.41213695925 0.000034222993695794735
 6494.974993182469 0.00003486217914396784
 6539.628188239618 0.00003553016837585356
 6584.345911035288 0.000036180130244125525
 6629.192689308003 0.0000368787271938188
 6674.103995319239 0.000037706089787951747
 6719.015301330476 0.000038531031464909645
 6764.055662818757 0.00003937672524131881
 6809.160552045558 0.00004029880377969869
 6854.329969010882 0.00004126961344213102
 6899.563913714728 0.00004234513526581891
 6944.797858418574 0.000043439798983656283
 6990.1608585994645 0.00004463359520773099
 7035.523858780353 0.00004590040725272136
 7081.015914438287 0.00004727369468046127
 7126.4434423576995 0.000048798842505924396
 7172.000025754154 0.00005038797808328221
 7217.55660915061 0.0000521619887455778
 7263.177720285588 0.00005408648133968378
 7308.798831420565 0.000056252332406970143
 7354.419942555542 0.00005860696831106425
 7400.105581429042 0.00006116845410363904
 7445.855748041062 0.0000641470588037605
 7491.605914653083 0.00006757333484096058
 7537.291553526582 0.00007143933831938958
 7583.1062478771255 0.00007600922939748275
 7628.856414489147 0.00008111125727878793
