 0. -0.
 0.2799301413455864 0.013138764993112844
 0.8430814276503454 0.11714459685724356
 1.412858488283101 0.32750252598722396
 1.9893417982356907 0.6437608570468679
 2.5725948903964087 1.0589592295941561
 3.1627165937025983 1.5586590028281837
 3.7597775002523646 2.1220187282080634
 4.363855261353621 2.7243606807586036
 4.975034587524091 3.340221530450642
 5.5934001892815 3.9460376905085868
 6.219043836353381 4.522010394970949
 6.852029061628029 5.053055818897719
 7.492433516413357 5.528966520163758
 8.140398384905572 5.944022433435352
 8.795987199992966 6.296271071177607
 9.459270553773646 6.58669003305209
 10.13031903834571 6.818347707455657
 10.809344430003474 6.995665213153665
 11.496276136648833 7.123803535137079
 12.191255342477993 7.208201164727057
 12.89442323168716 7.254246877126967
 13.60585039637444 7.267071827657104
 14.325678020736039 7.251433848789655
 15.053906104771958 7.211662310454425
 15.7906758326784 7.151643657168211
 16.536128388651576 7.074829543399533
 17.29033436478959 6.984262595556934
 18.053364353190542 6.882606241659661
 18.825359538050645 6.772176800831866
 19.606461103566097 6.654967437432087
 20.396669049736907 6.532673019112145
 21.196195152857378 6.406715878805445
 22.005039412927516 6.278274740468238
 22.823484198339735 6.148324491973853
 23.651458916995928 6.017684997301061
 24.489104753092303 5.887060869428312
 25.33663348292317 5.757059096957311
 26.194115698586632 5.628185428395362
 27.061621992180793 5.500843468225949
 27.939364139999967 5.375362698720586
 28.827342142044156 5.252031925327145
 29.725697182509556 5.131103796316922
 30.63464103769049 5.012798418502301
 31.55424429968505 4.897296125801435
 32.48457756059135 4.784723920297033
 33.425852596703685 4.6751518565187045
 34.37814000012018 4.568602080737099
 35.341580955037024 4.465065146889839
 36.31631664565043 4.364511632074486
 37.30248825615662 4.268913132425114
 38.30016637865368 4.172199202894364
 39.309562789435915 4.080319885131609
 40.33074808060144 3.9911818237106713
 41.36393402844457 3.904740409714954
 42.409191225063395 3.820987191404433
 43.46666085465414 3.7398859664060673
 44.53648410141299 3.6613468841360732
 45.61887274163426 3.585261653850618
 46.713967959514186 3.5115359957117898
 47.82184034715083 3.440081189047575
 48.94263108874043 3.370808739168313
 50.07655196057728 3.3036391906784863
 51.22374414685759 3.2385027150308403
 52.384348831777565 3.1753565111676076
 53.55850719953342 3.1141844439487434
 54.746431026419465 3.0549595762777004
 55.9481909045338 2.9976366664872933
 57.16399861017074 2.942163783832671
 58.39406591962458 2.8884549194300613
 59.638463424993446 2.836374077099083
 60.89740290257162 2.785770165038135
 62.17102553655534 2.736502351044469
 63.45954310323891 2.6884428194989023
 64.76309678681851 2.6415223746047705
 66.0818983635885 2.595752270283281
 67.41601842564693 2.5511541556439066
 68.76573934138622 2.507722561913691
 70.13127288710072 2.465447907440842
 71.51261906279042 2.4243422144865705
 72.91034260524012 2.3844225221203357
 74.32430233025364 2.345664062676186
 75.75449823783096 2.308002702362176
 77.20163624895314 2.2713424890709786
 78.66501044263912 2.23557648795288
 80.14603266085098 2.2006647453277695
 81.64399698260769 2.166630627771006
 83.15960932889027 2.1334784741437782
 84.69286969969873 2.1011505685529834
 86.24448401601411 2.0695189597900265
 87.81374635685538 2.038453120447482
 89.40065672222251 2.007921367799378
 91.0066269540776 1.9779783443788108
 92.63165705242065 1.9486745346435679
 94.2750410962706 1.920036378529018
 95.93748500660853 1.8921044624658636
 97.61969470441541 1.8649035993165273
 99.32096426871024 1.8383644576949314
 101.0427055414551 1.8123514933854015
 102.78421260166897 1.7867489582264362
 104.5454854493518 1.761509983477904
 106.32723000548467 1.7366463654186612
 108.13015219104858 1.7121596407287123
 109.95354608506251 1.6880178555032612
 111.79882352948853 1.6642464101588508
 113.66527860334563 1.6409205568192209
 115.55291130663376 1.6179936075301231
 117.46242756033399 1.5953592149959646
 119.39453328542734 1.57303346916032
 121.34922848191383 1.5511347847764634
 123.32580722881241 1.5297367868951892
 125.32638728906619 1.5087813980516287
 127.34885089973204 1.488141661359543
 129.39602174473413 1.4676791852256024
 131.46578206112935 1.4472636682247346
 133.5602496118608 1.4267913392601776
 135.67871847594745 1.4061976577717508
 137.82189457437036 1.385503820904219
 139.98977790712945 1.3648632706756607
 142.1823684742248 1.34449118748315
 144.40107811761845 1.3245334203376857
 146.64449499534834 1.3049887037380872
 148.91473687035753 1.2858191630418954
 151.21039190068404 1.2670640739821617
 153.5335778492709 1.2487390293412828
 155.88288287415605 1.230770358871993
 158.25901289632057 1.213068302383452
 160.66337975772646 1.1955633929001708
 163.09527753739275 1.178175497079571
 165.5547062353194 1.1608167529825826
 168.04307769346852 1.1434776693503552
 170.559685990859 1.126168731764095
 173.105942969453 1.1089002902155953
 175.68114270826942 1.0917277555779534
 178.2859911282893 1.07469731864424
 180.9204882295127 1.0577593988860805
 183.58604585390165 1.0407618649830477
 186.28125215949407 1.02359529627954
 189.00822490923306 1.0062869914438697
 191.76696410311862 0.988903705663283
 194.55676382016978 0.9715400803474572
 197.3783299813675 0.9542563623918561
 200.23307442867386 0.9370432865199826
 203.12029124110785 0.9198543455634709
 206.0406863396505 0.9026574952245844
 208.9942597243018 0.8854740682375001
 211.9824232370238 0.8684030448730843
 215.00447095683552 0.8515143440715336
 218.06110880471795 0.8348147904999259
 221.15233678067113 0.8183715913102148
 224.2795667266571 0.8023112711793188
 227.44279864267583 0.7860660579724238
 230.64132660774632 0.7699531997871697
 233.87726838481174 0.7539839307893778
 237.14991805289097 0.7381863631838328
 240.459981532965 0.722440500340786
 243.80816474601502 0.7066566272658678
 247.1944676920409 0.6907991743366252
 250.61889037104268 0.6748525035741908
 254.0828446249824 0.6588006154279316
 257.58703637484115 0.6425397388010854
 261.1300537786569 0.6259722493169074
 264.7140145993726 0.6092360866040205
 268.3389188369884 0.5924378239403708
 272.0047664915042 0.5757039662474904
 275.7122634839011 0.559161154036323
 279.4621157351601 0.5426587926664457
 283.25502916626226 0.5260194859903012
 287.0902978562265 0.5093061926915962
 290.969333647015 0.4926482198730465
 294.89284245960863 0.47602495794400596
 298.86082429400756 0.45945082457863295
 302.8732791502116 0.4429653124530382
 306.9323247911641 0.42660789616474437
 311.03654937490273 0.41044258295557834
 315.18736474338976 0.3943616379982963
 319.38477089662507 0.37830763465720757
 323.63017967657083 0.36232129495242654
 327.92359108322694 0.34646612444495506
 332.2657110375745 0.3307720251198184
 336.6572454605945 0.31512617302717005
 341.0974884313059 0.2994563894032781
 345.5885577126519 0.28377440273229304
 350.12974738365136 0.2680964069096721
 354.7224692862664 0.2525344033094946
 359.36672342049707 0.23724603270196806
 364.0632157073243 0.22227368033732897
 368.8126520677291 0.20756147433847938
 373.6157384226927 0.19308215219428385
 378.47247477221487 0.17889477213302588
 383.38427295825784 0.16514041945769
 388.3511329808215 0.15202543413567923
 393.37305483990593 0.1395323160935327
 398.45215629845427 0.12746684705729308
 403.5877314354854 0.11576869877784984
 408.7811920929614 0.10447057542141243
 414.0325382708823 0.0935486087317962
 419.3424758902291 0.08307819546144818
 424.71171087198286 0.07327436233944289
 430.14094913712466 0.06413078637952727
 435.6308966066354 0.05615425596845451
 441.18225920149627 0.048088493444000846
 446.79574284268824 0.04137638049292591
 452.4713475302113 0.03545232721614665
 458.20977918504644 0.030188812675469603
 464.0124496491558 0.025531355237235893
 469.8800648435205 0.021391914888280593
 475.81191884715935 0.01767924854155921
 481.81012942301544 0.01441221035679528
 487.87540249206995 0.011567734315159325
 494.00703213334174 0.009091116416356524
 500.2071361097739 0.0069751717774372834
 506.47571442136655 0.005267754421594832
 512.8134729891007 0.003959826591366137
 519.2211177339572 0.00298187267985949
 525.6993545769172 0.002252369191450632
 532.249595359943 0.0016958435792111227
 538.8718400830342 0.0012735625129345306
 545.5667946671721 0.0009822214526645154
 552.3358709543187 0.0007896094160800226
 559.1790689444739 0.0006425932062259415
 566.097094558619 0.0005159821181844636
 573.0913596387157 0.0004016856221258074
 580.1625701057454 0.0003072816566267853
 587.3107259597078 0.00024252792277174376
 594.5372390425653 0.0001962410826809206
 601.8428152752986 0.00015758128713234203
 609.2281605788888 0.00012422654484478071
 616.6946867952983 0.00009654835272892705
 624.2416880035457 0.0000717083950221036
 631.8712819665742 0.00006523852223058308
 639.5841746053648 0.00006663474564300655
 647.3803659199176 0.00006804604816605294
 655.2619736731757 0.00008475242188509154
 663.228291944158 0.00010598180981271565
 671.2814384958076 0.00011894242658899876
 679.4221192491057 0.0001115909404090575
 687.650334204052 0.00008890510977157816
 695.9674952026087 0.00006668391693163908
 704.374308165757 0.00005080455275339379
 712.874302698402 0.00003605627454733699
 721.45830182779 0.000017960468213784324
 730.1411298945229 -0.000002658408589600432
 738.9157276887906 -0.000022505339887572425
 747.7891544204031 -0.00004027836342246559
 756.7472916697399 -0.00005701794660425628
 765.8113170662319 -0.00007175910998189309
 774.9671121902585 -0.0000634432902715479
 784.22173625163 -0.000055037708436341696
 793.5751892503465 -0.000027343622529596346
 803.0274711864079 -0.0000038997978140704835
 812.5785820598143 1.7757115733095548E-7
 822.2355810803758 0.000002737126604697987
 831.9984682480928 0.0000034553577317387157
 841.8531251433442 0.0000034184291418044106
 851.8207293955613 0.000002661389839201746
 861.8942217949336 0.0000019072404893295506
 872.0736023414613 0.0000019751510116860272
 882.3518118253339 0.000002043720859502276
 892.7500278759825 0.0000024108977559323403
 903.2470728639761 0.0000027047460904152797
 913.8641244187454 0.000002860305111181589
 924.5870641206703 0.00000289425376221223
 935.4229511795605 0.000002851686596180913
 946.3717855954166 0.0000027509664419780335
 957.4335673682383 0.0000027530649881116224
 968.615355707836 0.000002755186300859297
 979.9100914043992 0.0000029956778514464984
 991.3248336677385 0.0000030105413435917723
 1002.8595824978538 0.0000025233115478068854
 1014.5072786849347 0.0000018419010363319228
 1026.2820406486019 9.300898095004533E-7
 1038.1697499692348 -6.600991100315785E-8
 1050.1915842762644 -9.569104799381338E-7
 1062.3263659402596 -0.0000016105730249857524
 1074.5952725906513 -0.0000020551072515660206
 1086.9841858078191 -0.000002399136097572248
 1099.5001648015734 -0.0000022806628729460676
 1112.1502687817242 -0.000002160920053696144
 1124.920379328651 -0.0000015519872354106222
 1137.8246148619746 -0.000001094671175733279
 1150.862975381695 -8.691229342586356E-7
 1164.0284016780015 -7.757887421035593E-7
 1177.3350121705153 -7.86947163169016E-7
 1190.768688439615 -8.497923585372855E-7
 1204.343548904922 -9.244241607174822E-7
 1218.0525343566258 -0.0000010497056137869904
 1231.895644794726 -0.000001211297775839656
 1245.8869986388438 -0.0000013327478336936977
 1260.0124774693584 -0.0000013588277686884148
 1274.27914049608 -0.0000012745708332619037
 1288.6869877190084 -0.0000011894800835313208
 1303.2430783479542 -9.471872276037667E-7
 1317.9403531731073 -7.917243397306684E-7
 1332.7858714042775 -6.063640768724248E-7
 1347.7796330414653 -3.68267618338186E-7
 1362.9216380846703 -1.521313249469178E-7
 1378.211886533893 -6.238552918250795E-8
 1393.6503783891328 -1.3958162544308294E-7
 1409.2371136503903 -4.343903035750724E-7
 1424.9862107372858 -5.169754010213709E-7
 1440.8835512301985 -0.0000011418415571104661
 1456.936194338939 -0.000001114865599946415
 1473.1441400635074 -0.000001087628661666441
 1489.5073884039034 -8.429006198967532E-7
 1506.0329985699377 -5.364877117514666E-7
 1522.7209705616099 -2.5947047064850446E-7
 1539.5642451691099 -4.9945015312626775E-8
 1556.569881602248 4.8602689171680296E-8
 1573.7449390708346 -2.2140903569537115E-9
 1591.0752991552488 -8.036600948959554E-8
 1608.5821394849218 -5.239134538516825E-8
 1626.2442824304226 -2.4168518937878863E-8
 1644.0829056211824 2.7971255975194397E-8
 1662.08389063758 -6.0425986478533854E-9
 1680.2542966894264 -2.2309888201929366E-8
 1698.6011829865313 -3.037333585449373E-8
 1717.1174903190845 -1.6999928864016E-7
 1735.8102778968969 -1.686817237696949E-7
 1754.6724865101576 -1.673522172236667E-7
 1773.7182345784875 5.69040740962894E-9
 1792.9334036822659 2.674905617786765E-7
 1812.332112241113 6.72119382597103E-7
 1831.9073010452194 9.517617431907322E-7
 1851.6589700945842 9.66417015195422E-7
 1871.5941785990185 8.07979747584558E-7
 1891.7199857683324 7.208129754303327E-7
 1912.0222731829049 7.18868758849578E-7
 1932.5081000525463 5.466610757376863E-7
 1953.1774663772574 3.8495295761975373E-7
 1974.0374313668476 2.684312901594362E-7
 1995.0879950213173 2.8760648174546196E-7
 2016.3220981308564 3.0694886145396824E-7
 2037.753859115085 3.699040650319586E-7
 2059.3691595543833 2.359579016490561E-7
 2081.1821178683713 9.778958792382492E-8
 2103.1856748472383 1.1389925523824644E-8
 2125.379830490985 -1.3720473852852494E-7
 2147.7787032192323 -1.477340250492709E-7
 2170.368174612359 -9.997529734051323E-8
 2193.1553038801753 -5.179868076430351E-8
 2216.1400910226816 -6.654204972971123E-8
 2239.322536039878 -2.570969960674855E-7
 2262.709698141574 -5.081882579884564E-7
 2286.2945181179603 -7.377903065109558E-7
 2310.0840551788465 -7.041253707666444E-7
 2334.0783093242335 -6.701707367622183E-7
 2358.2702213443094 -5.089454344623477E-7
 2382.673909658697 -3.883163704988472E-7
 2407.282315057584 -3.218160597098414E-7
 2432.0954375409715 -2.4734337622444473E-7
 2457.1203363186696 -1.1719665867186034E-7
 2482.3499521808676 6.101060734688169E-8
 2507.7842851275664 1.6603254807348973E-7
 2533.4374535783854 1.531391248902189E-7
 2559.3023983235153 5.4656489764800445E-8
 2585.3720601531454 -4.559109917957499E-8
 2611.6605574868963 -1.3983824196450952E-7
 2638.1608311149585 -1.5022545014994254E-7
 2664.87288103733 -1.2821565919804498E-7
 2691.803766463823 -1.0602555547672088E-7
 2718.9464281846267 -5.535544414511644E-8
 2746.307925409552 -2.3557728409057536E-8
 2773.8811989287865 -9.834639940374169E-9
 2801.680367161953 -5.621880068765888E-9
 2829.69131168943 -4.240877545166075E-9
 2857.9281509308385 -3.36178535418297E-9
 2886.3838256763675 -2.59367495009627E-9
 2915.051276716207 -1.921761392226804E-9
 2943.944622469978 -1.350298256022989E-9
 2973.0638629376804 -8.736017689170971E-10
 3002.4019389095033 -4.820109593114064E-10
 3031.9588503854475 -1.6504203126059014E-10
 3061.741656575323 8.751304491460963E-11
 3091.750357479129 2.8513974743577477E-10
 3121.977893887057 4.364062017583812E-10
 3152.431325008916 5.489027302922175E-10
 3183.1106508447056 6.292594790249634E-10
 3214.0088121846165 6.832070259894198E-10
 3245.1399274482687 7.156572332299701E-10
 3276.4898782160426 7.307909550736505E-10
 3308.072782907557 7.32144905746865E-10
 3339.8745231031935 7.226938717556154E-10
 3371.9021580127605 7.049257380268888E-10
 3404.1627468460697 6.809088758464947E-10
 3436.6421711834996 6.523522993615858E-10
 3469.3545494446707 6.206584550584539E-10
 3502.2928224197735 5.869690509838351E-10
 3535.456990108807 5.522054623897287E-10
 3568.8470525117723 5.17103126247612E-10
 3602.463009628669 4.822415969014659E-10
 3636.304861459497 4.480702357417286E-10
 3670.379667214066 4.149300320613581E-10
 3704.6733084727566 3.830725403770607E-10
 3739.1999036551883 3.5267576246910114E-10
 3773.9453343417413 3.238576927635755E-10
 3808.923718952036 2.9668776207879637E-10
 3844.120939066451 2.711964689932024E-10
 3879.551113104608 2.4738348809220445E-10
 3915.2001226468856 2.25224395203028E-10
 3951.0820861129055 2.0551359407449505E-10
