 0. -0.
 0.21152862247037635 0.012504391109689629
 0.637072707369058 0.10636466334241047
 1.0676235447012705 0.2934794740993588
 1.503241945225316 0.5711492573855286
 1.943975917434591 0.9304560700372237
 2.389900141207711 1.357183136855695
 2.841067959315118 1.833966743264659
 3.2975380488042942 2.3424498411267574
 3.7593744209997704 2.8650642998549567
 4.226641087226073 3.386365441509638
 4.699407393084776 3.8938159288914793
 5.177721347069275 4.378019556727062
 5.661641626227055 4.832529189262945
 6.151274916098995 5.2534140697554506
 6.646669225178492 5.638746972982525
 7.147877896235989 5.988114383240432
 7.6549542720419215 6.302192526798774
 8.168058380907613 6.582391773542573
 8.687136880062626 6.83056453551449
 9.212296455047838 7.048778548403756
 9.743643791404129 7.2391663807493885
 10.28123223190194 7.403857850605871
 10.825168462082154 7.544972638527539
 11.375452481944768 7.6646287747779995
 11.932190977030665 7.76492142130658
 12.495490632880722 7.84786652610795
 13.065404792265385 7.9153428272910515
 13.64198679795509 7.969040143969807
 14.225343335490718 8.010397215312597
 14.815581090413152 8.040544097537541
 15.412700062722392 8.06032008135462
 16.016860280729755 8.07037899623078
 16.628061744435247 8.071292157096881
 17.246517824920623 8.06359708721662
 17.872175179415446 8.04780694841922
 18.505140493460598 8.024326454857906
 19.145573795367397 7.993318278046692
 19.793528427906285 7.954665325929593
 20.449057733847702 7.908098051022042
 21.11232174150297 7.853280108357864
 21.783320450872093 7.789812127582367
 22.46216054749594 7.717260632332607
 23.14900205968584 7.635250220761996
 23.843898330212237 7.543564390444876
 24.54690270184556 7.442253043029268
 25.258175202897142 7.331681600032157
 25.977769176137418 7.212393478612673
 26.705791307107262 7.08493673246102
 27.442348281347567 6.949918747148121
 28.187546784399206 6.806262167650029
 28.941440159032627 6.660929423337463
 29.70418843355914 6.50947587838437
 30.475844950749188 6.3551480770906865
 31.256569738914102 6.199078118891615
 32.04641614082431 6.042107573470037
 32.8454908420207 5.884725555561807
 33.653900528044154 5.727207978058566
 34.471805227205984 5.5699612054042555
 35.29931162504708 5.413642760573635
 36.13647306433788 5.258957710631302
 36.983396230619256 5.1066237748707275
 37.840241152202545 4.957330617643107
 38.707114514628614 4.811629907561181
 39.58412300343835 4.66993751788686
 40.47137330417264 4.53259568748175
 41.36902544514278 4.399901547261063
 42.27713276911924 4.271988142091088
 43.195855304413335 4.148741051815109
 44.125353079336364 4.030023616644302
 45.0656794366588 3.9158954042151977
 46.016994404691935 3.8063474558067356
 46.97940466897667 3.7010684951546615
 47.953070257824315 3.599566264112224
 48.93809785677575 3.501218210150915
 49.934647494142304 3.405326417465928
 50.94277251269441 3.3113100623084386
 51.96268628351383 3.218836650390625
 52.994548834911896 3.127760484617328
 54.038360166888594 3.037944433688087
 55.094547021607454 2.9491223292850473
 56.1630027135276 2.860993975667373
 57.243727242649015 2.7733275462812768
 58.337254036676114 2.6858433561420387
 59.4430496679045 2.598050718808356
 60.56218099174297 2.5094090461909073
 61.694114580487124 2.419835666583054
 62.83938386184136 2.329831875437883
 63.997988835805685 2.240294645055366
 65.17046293008451 2.1523880590766016
 66.35627271697341 2.0671878712964324
 67.55541819647239 1.985148854686641
 68.76896622399028 1.9058655878265554
 69.99691679952706 1.8284197232220913
 71.23873649537832 1.7519484731668
 72.49495873924849 1.6759941570338166
 73.76611695884193 1.6007623538959221
 75.05167772645429 1.5264751457331176
 76.35270789749433 1.4528452247892518
 77.66867404425768 1.3798886224599092
 78.99957616674433 1.3101452335090722
 80.34594769265867 1.2395911999572031
 81.70832204970513 1.1732227153601111
 83.08616581017927 1.1093890773118116
 84.48054582948993 1.0481001089713633
 85.89092867993268 0.9883404100331814
 87.31731436150756 0.9297050305882278
 88.76023630191894 0.8730382122186481
 90.22022792887121 0.8192953946671323
 91.6972892423644 0.7685224795913302
 93.19088681469411 0.7201415508974974
 94.70262092897353 0.6735991796627913
 96.23089130208945 0.6286160109606351
 97.77783164485949 0.5850928858942266
 99.34184167417045 0.5433913045754548
 100.92452167313553 0.5036901585185706
 102.52533821405034 0.4658165522656126
 104.14482472461927 0.4294837360158649
 105.78298120484229 0.39451497935007
 107.43980765471946 0.36107921702845647
 109.11637092965955 0.3290534002313908
 110.81160417425376 0.2981312821520574
 112.5271076716153 0.2687866691152324
 114.26181456633537 0.2415432926692922
 116.01732514152717 0.21617535375084876
 117.79257254178191 0.19244770164908995
 119.58809019480395 0.17035477252672504
 121.40494495600215 0.14988035424204338
 123.2426033976721 0.1309735235384844
 125.10106551981377 0.11374628014637243
 126.981398177836 0.09835122094778968
 128.88306794403434 0.08464325395417474
 130.80714167381763 0.07228332379330857
 132.75308593948148 0.06108798257684256
 134.72143416873024 0.051094746128001224
 136.712186361564 0.04232255192574434
 138.72640937339148 0.03466430081733893
 140.7630363488039 0.027991652836756007
 142.82366757091447 0.022295125885019362
 144.90830303972322 0.01760550574261912
 147.01640932752574 0.013849980797053641
 149.14851986202638 0.010882344720597929
 151.30570149863397 0.008582751829324326
 153.48742080964414 0.0068183022467688155
 155.69421122276128 0.0054685761450030705
 157.92607273798538 0.004454428960172919
 160.18407221072525 0.003672969466545014
 162.4676762132765 0.0030429390778504636
 164.77741817334348 0.002532677752442914
 167.11329809092626 0.0021268372365120664
 169.47638282143362 0.0018300405241568445
 171.86667236486554 0.0015298269647745083
 174.28363329351762 0.0012796308677923065
 176.72886589050313 0.0010467934716460044
 179.2018367281176 0.0008364676912367331
 181.7030792340654 0.0006512840978336808
 184.23312683605107 0.0004943843577425987
 186.79197953407447 0.000373425041918767
 189.37963732813571 0.0002907082666265582
 191.99716707364348 0.0002357086898221203
 194.64510219830228 0.0001933203753828149
 197.32237584670327 0.00015396483949572647
 200.03058830195968 0.00011361026475678135
 202.76973956407147 0.00007072905798757497
 205.53982963303866 0.000026693186022175904
 208.34139193656563 -0.000012203892815555194
 211.17495990235685 -0.000036583502483074184
 214.04106695811666 -0.0000314824314963876
 216.9391796761407 -0.000026324397126265036
 219.87036491183775 -0.0000021366027925660967
 222.83515609291217 0.00002335828717580069
 225.83355321936406 0.00004497832627766646
 228.86555629119334 0.00006132122680894445
 231.9327655915133 0.00007297464315034357
 235.03411426491502 0.00008081527102983375
 238.1706691668074 0.00008526037624035447
 241.3424302971904 0.00008626911251483397
 244.55046451147282 0.00008383736198499484
 247.79477180965472 0.00007857677818790558
 251.07588561944044 0.00007154099395006056
 254.39433936853436 0.0000634137192165615
 257.7495996292322 0.000054438700355323157
 261.143266684647 0.000045227735500315416
 264.5748071070745 0.000036772627371505955
 268.0452877519234 0.00002962044577148925
 271.55470861919383 0.00002397167430397991
 275.1036031365901 0.0000199593979137586
 278.6925047318166 0.000017246859061973227
 282.3219468325778 0.000015533071439947316
 285.9919294388736 0.000015323318713453424
 289.7035194061129 0.000015433100359496436
 293.4567167342957 0.000015544112670729353
 297.25152142342193 0.00001571404310636032
 301.0895337566049 0.000015544494595153555
 304.9702203061401 0.0000153167010375502
 308.8946479274364 0.000015457042358372467
 312.86281662049373 0.000015598947902153473
 316.8752598130166 0.000016384614379757787
 320.93251093270936 0.000017906632718933315
 325.03510340727644 0.000019885528543489517
 329.1835706644222 0.000020890269242363242
 333.37844613185104 0.00002190624980761243
 337.6202632372674 0.000021495269264765138
 341.90902198067124 0.000020787894936564518
 346.24525578976693 0.000020215750145230284
 350.63003151996344 0.000019281292670289432
 355.06388259896505 0.000017214925150652313
 359.54627559906737 0.000013964184058417954
 364.0788108033836 0.000009547255597341361
 368.6620216396182 0.000005117825083852785
 373.2953746800667 0.000002826377713241242
 377.9804702078423 0.0000027235962514416156
 382.71730822294506 0.0000027270317945984083
 387.5064221530794 0.000002730505252533283
 392.3483454259496 0.0000028948046604654134
 397.2436114692602 0.000003134550802255644
 402.19328713842 0.000003376090888645819
 407.1973724334289 0.000003565235816322067
 412.2564007819914 0.0000037000375349651277
 417.3714390395162 0.0000038013415739503962
 422.54248720600333 0.000003967292687139301
 427.77007870915736 0.000004312896412942802
 433.05528040438685 0.000004890007479156049
 438.39862571939636 0.000005605731728312426
 443.80011465418585 0.000006240182852924504
 449.26081406416415 0.000006675582040315858
 454.78125737703556 0.000006974362067467738
 460.3619780205046 0.000007217080147092238
 466.00404284998007 0.000007392361846852051
 471.7069184377575 0.000007542894843923432
 477.47220506695015 0.000007787045454479788
 483.3004361652624 0.000008001413346963826
 489.1916117326943 0.000007630319387840865
 495.14733205235893 0.000006489476555222932
 501.167063696552 0.000005031354250802048
 507.25240694838675 0.0000036692435816066657
 513.4038952355676 0.000002707751279815955
 519.6215285580944 0.0000023595793873081346
 525.9063737713759 0.0000023499959919156895
 532.2589643031168 0.0000022015948561158764
 538.681967291839 0.000001687005525412314
 545.168448177385 8.668609382908708E-7
 551.7296089415477 1.333518596586257E-7
 558.3601153072827 1.2264211539316296E-7
 565.0653015516343 3.612345004145142E-7
 571.8344991205142 6.021046170351169E-7
 578.6837108450547 0.0000010649698522419548
 585.6022681711677 0.0000013745247061021964
 592.5955053758971 0.0000015377596765187206
 599.6634224592431 0.000001655980374182245
 606.8060194212054 0.0000019176010409055913
 614.0232962617843 0.000002322747570295257
 621.3205872580237 0.000002566966314282845
 628.6978924099236 0.000002307034759405969
 636.144543163396 0.0000015805667247238552
 643.6765423495729 8.52446984784967E-7
 651.2885556914104 2.181912781699401E-7
 658.9805831889083 -1.2266278519958233E-7
 666.7472905650228 -1.7718377501972047E-7
 674.6046806508857 5.455746918780514E-8
 682.5367506153653 2.8850127783451057E-7
 690.5595032895934 9.75476943953111E-7
 698.6622701194821 0.0000014555130376190636
 706.8503853820752 0.000001276603134414582
 715.1238490773729 4.540786551846027E-7
 723.4826612053753 -7.671088248419217E-7
 731.9321560431262 -0.000002166278949008945
 740.4669993135816 -0.000003300641482888455
 749.0925252937856 -0.0000035403571475405846
 757.8087339837382 -0.000003380061191653438
 766.6102911063955 -0.0000032181956303230867
 775.5078652158453 -0.0000026292141015327
 784.4907877579996 -0.000002915142528980651
 793.5750615639906 -0.000002843862418626202
 802.7446838026862 -0.000002771912618450454
 812.0156573052183 -0.0000023440086585914723
 821.3773135174991 -0.0000019521725097264144
 830.8349867165725 -0.0000012053084534274353
 840.3940111794826 -2.1663892041462206E-7
 850.0437183521414 5.433546681214293E-7
 859.7947767886366 9.80128956327518E-7
 869.6471864889687 0.000001960918343284874
 879.5956131760934 0.00000274005084840967
 889.6507254040987 0.0000027883759972771034
 899.8018546188965 0.0000034894591029048657
 910.0596693745752 0.0000035652648928728807
 920.4188353940905 0.0000032368515382516493
 930.8793526774424 0.000003156013776116834
 941.4518897787191 0.000002490824336519203
 952.1257781438325 0.00000124617538842583
 962.9063520498264 0.0000023043925560693424
 973.793611496701 0.0000033730819371482146
 984.7928907615005 0.000005247651726066314
 995.8988555671807 0.0000024964827904781334
 1007.1168401907855 -0.0000023281576162079093
 1018.4468446323152 -0.0000048198721666936525
 1029.8888688917693 -0.000005197429866249847
 1041.4429129691484 -0.0000050599112102060885
 1053.1089768644522 -0.000004921059270793486
 1064.8870605776808 -0.0000022984912829241193
 1076.7878326629223 3.8185641650943783E-7
 1088.8006245660881 0.000004767704826684616
 1100.930770564223 0.000005271888288534062
 1113.1782706573265 0.0000037173925422932212
 1125.5431248453988 0.0000021044966223279302
 1138.0306674054839 0.000001933872542223022
 1150.6408983375818 0.000002237156292993635
 1163.3684833646485 0.000002543262481377172
 1176.218756763728 0.000002009162549321663
 1189.1970528118643 0.0000014036095083697085
 1202.2927029549694 0.0000010961419579315425
 1215.5217100241753 9.191113429329086E-7
 1228.8680711883499 6.786277176531838E-7
 1242.3477892786254 -2.878378923984277E-7
 1255.9501957409138 -0.0000016229149135230375
 1269.6806248522591 -0.0000020957759360566613
 1283.544410889705 -0.000002271587024074825
 1297.536219576208 -0.0000017329551384137276
 1311.6613851888117 -0.0000011891895138500223
 1325.9145734504723 -4.092064253115925E-7
 1340.3064529152778 -3.3151590888028405E-7
 1354.8263550291401 -2.531342981590011E-7
 1369.4849483461471 -2.4531256453657086E-7
 1384.2768985892553 -2.3528551712535087E-7
 1399.2022057584643 -2.251680708013E-7
 1414.266204130818 -0.0000010462204278391531
 1429.474227983361 -0.000001267282607334871
 1444.8156087620046 -0.0000011193271510144613
 1460.295680743793 -9.700341279818383E-7
 1475.9144439287265 -0.0000015626802451980468
 1491.6772325938489 -0.0000013074587547363068
 1507.5840467391602 -0.0000010499052912652718
 1523.6295520876165 -0.000002446947271244117
 1539.8244171933056 -0.000006169056737346806
 1556.1579735021396 -0.0000065287537059438574
 1572.640889568207 -0.000005200325331186401
 1589.2678311144628 -0.000003860289329853418
 1606.0387981409076 -0.0000022180888831987885
 1622.9644592016298 -0.000001521583291107132
 1640.0341457425407 3.043522652083826E-7
 1657.2531920406846 0.0000011080483339782008
 1674.6215980960612 0.000002160736251156363
 1692.139363908671 0.00000230309472960014
 1709.811823755558 0.0000026717730560326464
 1727.6336433596775 0.0000021806676766423858
 1745.6101569980742 0.0000017587499499138067
 1763.7413646707482 0.0000016115946264384606
 1782.0219321006548 0.0000015108519220544453
 1800.4625278418828 0.0000011856531765888718
 1819.0578176173874 7.892226969393998E-7
 1837.8078014271691 2.0061181558661753E-7
 1856.717813548272 1.2589921748540536E-7
 1875.7825197036518 1.0699231605510117E-7
 1895.0019198933087 1.0648753927444458E-7
 1914.3866826713304 9.054330261625967E-8
 1933.9314737606735 7.590617165165748E-8
 1953.6309588842935 6.617915381524642E-8
 1973.4958065962785 5.9197216206097846E-8
 1993.5206826195847 5.364991168484361E-8
 2013.7055869542116 4.90081947669829E-8
 2034.0558538772038 4.499787672175155E-8
 2054.566149111517 4.145169979863527E-8
 2075.2418069341957 3.826321631680982E-8
 2096.0774930681946 3.536261347777103E-8
 2117.083876067603 3.270233226047276E-8
 2138.250287378333 3.02486124318619E-8
 2159.587395554471 2.7976530672774598E-8
 2181.089866318975 2.5867032412195044E-8
 2202.7523653947997 2.3905088216763347E-8
 2224.5855613360336 2.207849457951764E-8
 2246.5894541426765 2.0377079422789408E-8
 2268.7587095376844 1.8792146500327123E-8
 2291.0933275210573 1.731608561434478E-8
 2313.5986423698396 1.5942099138773732E-8
 2336.2746540840308 1.466400162681786E-8
 2359.116028386587 1.3476082286726771E-8
 2382.128099554553 1.2373004392647024E-8
 2405.310867587927 1.1349737701287817E-8
 2428.658998209667 1.0401508157346597E-8
 2452.18315997386 9.523771174516423E-9
 2475.8726843264176 8.712185702346051E-9
 2499.7382398214286 7.962604010154513E-9
 2523.7691579048046 7.271060370751887E-9
 2547.97077285359 6.633768388540017E-9
 2572.348418944828 6.047115812884551E-9
 2596.891427624432 5.507662887824203E-9
 2621.610467446488 5.012139758756769E-9
 2646.500204133954 4.557444664977856E-9
 2671.5606376868286 4.1406409534405355E-9
 2696.7917681051126 3.758954799782431E-9
 2722.1935953888055 3.4097711218915593E-9
 2747.766119537908 3.0906298078132466E-9
 2773.514674829463 2.7992212363895993E-9
 2799.4285927093833 2.533381169216793E-9
 2825.5185417317566 2.291085721187636E-9
 2851.7738533424954 2.0704454665961314E-9
 2878.2051960956874 1.8696997024125887E-9
 2904.8019014372435 1.6872103972176433E-9
 2931.5746379212533 1.5214563758920931E-9
 2958.5127369936286 1.3710267184540115E-9
 2985.626867208457 1.2414157812225259E-9
