 0.25761715165407756 0.9999589858055727
 0.7758801355213893 1.0001610466238868
 1.300240758970049 1.0007661013914184
 1.8307730823998298 1.0017983376966242
 2.3675355745473956 1.0032007532829614
 2.910619186780888 1.004880459231668
 3.4600888843632682 1.0067455597953512
 4.016016129083789 1.0086742754452314
 4.578478879258003 1.0105664574087299
 5.14755509320146 1.0123445406660476
 5.723329225756009 1.0139723348978842
 6.305859745658311 1.0154264025942679
 6.895218114697623 1.0166452613180317
 7.491534263399861 1.0176424478247712
 8.094866660501689 1.0184637024573373
 8.70528027126607 1.0191110496670306
 9.322840060955956 1.01953474199178
 9.947740925360229 1.0198160986130616
 10.579917899215932 1.019992660989286
 11.219500913048979 1.0199981638494633
 11.866619897385288 1.0198820023817017
 12.521339817487823 1.0196636701522899
 13.183790603882498 1.0193785310861452
 13.853972256569316 1.0190379795801363
 14.532014706074191 1.0186227223845519
 15.218047882923045 1.0181684973125062
 15.912136752378837 1.0177028622008133
 16.614346279704527 1.0172204601726633
 17.32480639542603 1.0167158537454901
 18.043647030069266 1.0162161964695886
 18.770868183634235 1.0157083362514499
 19.506664751909817 1.015189694047446
 20.251036734896008 1.014648911353606
 21.004243993644646 1.0140911073361898
 21.766221562892774 1.0135271401552421
 22.537099373166306 1.0129239999671675
 23.317072320254123 1.012293334435016
 24.106205369419182 1.0116525458494194
 24.904563485924445 1.0109920375878756
 25.712341565558788 1.0103206423617461
 26.529539608322214 1.00964549029243
 27.35628754474063 1.00895320153475
 28.19278027060293 1.0082514358968007
 29.039082751172064 1.0075488577265737
 29.895259951710987 1.0068331061805782
 30.761506768008584 1.006097076568048
 31.637888165327812 1.005333396070357
 32.52453407419459 1.0045269197672313
 33.42157442513483 1.0036688750674896
 34.329139148674464 1.002598683390791
 35.24729321007644 1.001795206595281
 36.17623150512964 1.0007847301755939
 37.116018999097015 0.999735778700882
 38.066850587767455 0.998656592352933
 39.02879123640391 0.9975540104263944
 40.00197087553231 0.9964260777819104
 40.98651943567856 0.9952685566410345
 41.98263181263154 0.9940783013802589
 42.990437936917175 0.9928575526884559
 44.01000277379841 0.9916086263345611
 45.04145625380119 0.9903361329976588
 46.084993272714364 0.9890512485503349
 47.14074376106387 0.9877669549555441
 48.20883764937561 0.9864926428443922
 49.28940486817552 0.985234325177602
 50.38264031325246 0.9840023473134052
 51.4886089498694 0.9828049471710429
 52.60750567381522 0.9816436995986811
 53.73952538087878 0.9805207784109199
 54.88473303632307 0.97943070982997
 56.043323535936935 0.9783642918149065
 57.21542681024632 0.9773169777087609
 58.401237755040086 0.9762858347964993
 59.60088630084415 0.9752656620822749
 60.8145673434474 0.9742508695729165
 62.04234584811279 0.9732307050625921
 63.28448167589215 0.9721875265332071
 64.54116972257437 0.971105010571058
 65.81240998815944 0.9699614783387421
 67.09872219475105 0.9687546462691687
 68.39997641182326 0.9675061708397026
 69.71617263937608 0.966229126790558
 71.0479605300391 0.9649493104380874
 72.39469043118274 0.9636680678323408
 73.75766164806616 0.9623888609325154
 75.1362245280598 0.9611191891930235
 76.53102872379321 0.9598468629151251
 77.94207423526642 0.9585633206162483
 79.37001071510902 0.9572601440514033
 80.81418851069141 0.9559261444205305
 82.27460762201359 0.9545319838219305
 83.75256735433474 0.9530754434857033
 85.24806770765488 0.9515721320779982
 86.7604590293444 0.9500187484246798
 88.29039097203291 0.9484186034123373
 89.83851318834996 0.9467964230322106
 91.404176025666 0.945156257004664
 92.98867878924021 0.9435120183967255
 94.59137182644298 0.9418817723855288
 96.21225513727431 0.9402315788269242
 97.85197837436381 0.9385699291987273
 99.51119119034107 0.9368517865143128
 101.18924393257647 0.9350874535395329
 102.88743590632922 0.9332984204751825
 104.60511745896973 0.931520477749233
 106.34228859049799 0.929765616278084
 108.09959895354359 0.9280417070854227
 109.8776982007361 0.9263554391637885
 111.67658633207559 0.9247147007286834
 113.4956136949324 0.9231046433311618
 115.33672924719534 0.921510764716861
 117.1979840309756 0.9198888079069384
 119.08197665679157 0.9182034429617865
 120.9867581667545 0.91643124783548
 122.91427751875312 0.9145428110530814
 124.86388506015788 0.9125419084006702
 126.83623044359834 0.9104479240016563
 128.8313136690745 0.9082936423622867
 130.8491347365864 0.9060821576772974
 132.89099295139314 0.9038055786575647
 134.95558900823565 0.9014349633841512
 137.0448718650026 0.8989557202088938
 139.15754221643488 0.8963697024548338
 141.2955490204212 0.8936828594162072
 143.45759297170244 0.8909176273796832
 145.64432372290818 0.888096657948239
 147.85704057929757 0.8852589019119972
 150.09509388824105 0.8824264410952712
 152.3584836497386 0.8796040855993894
 154.6485091690494 0.8767963701242438
 156.96452079354387 0.8739873246034199
 159.30781782848118 0.8711568165405378
 161.67775062123178 0.8682803913053757
 164.0749688244252 0.8653185262068982
 166.4994724380615 0.8622482502622298
 168.95256076739986 0.8590778352857438
 171.43293450718102 0.8558038592178709
 173.94254261529383 0.852421591962838
 176.48138509173828 0.8489650702415819
 179.04881228388476 0.8454464949070472
 181.64547384436284 0.8418639761905791
 184.27266907843176 0.8382518824852351
 186.92974833346187 0.8346550155049328
 189.61736126208282 0.8310810514874962
 192.33550786429458 0.8275015999647173
 195.0854874453563 0.8238899969375856
 197.86665035263846 0.8202345808160988
 200.6796462387706 0.8165325301552403
 203.52447510375274 0.8127948569654562
 206.40243625284404 0.8090381969425521
 209.31352968604455 0.8052422364987104
 212.2571057507246 0.8013786703043267
 215.23511340477307 0.7974152894373108
 218.24690299556028 0.7933583526149202
 221.29312417571583 0.7892106480073556
 224.37442659786936 0.7850124216835772
 227.49081026202083 0.7808125508759466
 230.64227516817027 0.7765870062630634
 233.8301206215768 0.7722821089702522
 237.05499627487012 0.7678877794975575
 240.31560282279094 0.763397339882904
 243.61388922322809 0.7587814692571615
 246.94985547618157 0.7540347647021299
 250.32350158165136 0.7491692431647899
 253.73547719226704 0.7441739826444925
 257.1864319606583 0.739034858317136
 260.67701553945454 0.7337320229821878
 264.2065782760264 0.7282213665023158
 267.7764194756329 0.7224871564948129
 271.3871887909036 0.7165826932004321
 275.0388862218387 0.7105488219416156
 278.731511768438 0.7043582001409603
 282.4670143885904 0.6980042391739594
 286.24409477703665 0.6915159344866864
 290.06405223903596 0.6849113519333377
 293.9268867745883 0.6782111687048956
 297.8338976889529 0.671426344228806
 301.7850849821298 0.6645473904529251
 305.78109830674845 0.6575943832577812
 309.82258731543845 0.6505859514299756
 313.90890235557043 0.6435019126082636
 318.04199238503287 0.6363496147627238
 322.2212077511964 0.6291549002583727
 326.44784775932015 0.6218792264322042
 330.72191240940407 0.6144978411906631
 335.0440513540778 0.6070379909166776
 339.41491424597086 0.5993987651735996
 343.8351507377129 0.5914300050585057
 348.304760829304 0.5830859492928351
 352.8250438260031 0.574391603015373
 357.3959997278104 0.5654382960630501
 362.01762853472593 0.556328627901342
 366.6918792046384 0.5470299527542335
 371.41810208491813 0.5374847672001196
 376.19759648082436 0.5277599420990403
 381.0303623923572 0.5179019688413299
 385.91704947214606 0.5079215912435728
 390.85830737282066 0.4978381528254601
 395.8547857470106 0.4876217652645184
 400.90713424734537 0.4772207076924574
 406.01600252645466 0.4667101289137367
 411.182040236968 0.4560260294524294
 416.40524737888546 0.44528734921694746
 421.68627360483646 0.4344796571510308
 427.0264182200804 0.4234948475993105
 432.4263308772468 0.4122286316207315
 437.885361923706 0.4007335272781741
 443.4054603173468 0.3891705385040571
 448.9872757107989 0.3775679630506207
 454.6301584514325 0.3658242963430162
 460.3360574971366 0.35388191091740834
 466.10497284791103 0.34181501099782446
 471.93755415638554 0.3296936392350809
 477.8344510751895 0.31745755980260787
 483.7963132569527 0.3051048055709816
 489.8244400069343 0.29274886087980845
 495.9188313251342 0.28044734660919085
 502.08013686418207 0.2682747297167945
 508.30965592933705 0.2562779882351808
 514.6073885205991 0.24438887693405795
 520.9739842905981 0.23249714458834347
 527.4107425445928 0.22063516151149748
 533.918312935213 0.2088916109172675
 540.4966954624588 0.19735695712882143
 547.1471894315891 0.1860865146486961
 553.8704444952339 0.17492385940113073
 560.6671103060223 0.16377711452745208
 567.538486169214 0.1527858032808821
 574.4839224321792 0.14202129677131808
 581.5053680528064 0.131497573735661
 588.6034726837255 0.12133109735931859
 595.7782363249364 0.11162564877837926
 603.0316079343279 0.10233176355235969
 610.3629378592705 0.09342534963704639
 617.7741750576528 0.08502348551738248
 625.2659691821045 0.07719670142666393
 632.8383202326256 0.06988010553089932
 640.4925275144752 0.06305584681633881
 648.229240680283 0.056820424329164
 656.0517079931969 0.05116623194598174
 663.9514839690322 0.04596761883647636
 671.9422113130103 0.04113967148771558
 680.0173934988354 0.03666674757828393
 688.1835270528032 0.03255879088828421
 696.4276189223222 0.0288173834161149
 704.7691586862799 0.025412995095223625
 713.1951532920845 0.022283385164824355
 721.7120992660318 0.019426225995287812
 730.3199966081222 0.01689486507307604
 739.0188453183553 0.014670600784196396
 747.8086453967312 0.012675534083739308
 756.6958933695458 0.010871523720072876
 765.6805892367994 0.009251203607565909
 774.7497399458998 0.007811096763173199
 783.9228350757348 0.006559073170449492
 793.1933781000087 0.005492424042143946
 802.5613690187212 0.0045949629495407405
 812.0203113055767 0.003842075313861459
 821.5896945394626 0.0032184243274944874
 831.2500291414916 0.002703458522576341
 841.0208046905509 0.002251487156458909
 850.8890281340492 0.0018389690156264999
 860.861195998282 0.0014852979713609023
 870.9373082832495 0.0012077198074140006
 881.1173649889519 0.001000409661955661
 891.4078626416847 0.0008497602104765782
 901.8023047151521 0.0007406769052908957
 912.3071877356502 0.0006626383701286688
 922.9225117031789 0.0006051440261850194
 933.6417800914423 0.0005565741697932429
 944.4779859530322 0.0005127800414401052
 955.4181362353567 0.0004734058425174952
 966.4817205173038 0.00043778244241521785
 977.6492492199853 0.00040854061185007255
 988.9402119222893 0.0003851617659429222
 1000.3416155716241 0.00035058543022895114
 1011.8599566942852 0.00027861274252705766
 1023.5017318165687 0.00015521647903949152
 1035.253947885883 -0.000014495405591550589
 1047.1295979548195 -0.00021389852915277676
 1059.1286820233786 -0.00042746203775660484
 1071.2447035652642 -0.000640362832651899
 1083.4906556330682 -0.0008348685673581047
 1095.8535451741984 -0.0009973449884834377
 1108.3463652412472 -0.0011233542299950445
 1120.9626193079184 -0.0012242753855077008
 1133.7023073742118 -0.0013291037050269792
 1146.57842249272 -0.0014672077269541832
 1159.5779716108502 -0.001640067879251857
 1172.7074512548988 -0.0018217376592751858
 1185.9668614248658 -0.00198232392546659
 1199.362698647047 -0.0021053681640405323
 1212.8884663951465 -0.00218995427627817
 1226.5506611954604 -0.0022454862985340726
 1240.3492830479886 -0.002288766922366878
 1254.2843319527308 -0.002332878173457445
 1268.3558079096874 -0.002379082712348542
 1282.5637109188583 -0.002421886226366784
 1296.9080409802434 -0.0022086031626850073
 1311.4017911464348 -0.002006094378388902
 1326.0319683648402 -0.002482083264615211
 1340.805069161756 -0.002527942032487827
 1355.7210935371818 -0.0026034744098531884
 1370.7800414911178 -0.0026667551747044265
 1385.9884095498599 -0.0026612341767317583
 1401.3461977134082 -0.0026503168324876905
 1416.8469094554666 -0.0025600782777745004
 1432.4970413023311 -0.0024759520415466737
 1448.3030897802976 -0.0024519557514692115
 1464.2520618367744 -0.002503627101938514
 1480.3634470506488 -0.0025905497744771132
 1496.6177558430336 -0.002671158305760202
 1513.0344777928162 -0.0027540074867274146
 1529.6006198474051 -0.002824406329507761
 1546.322678533096 -0.0028526141656115746
 1563.2071503761847 -0.0028715562371638232
 1580.2475388503756 -0.002882999272685602
 1597.4503404819643 -0.002851777500814079
 1614.809058744655 -0.0028297620195329477
 1632.3366866910396 -0.0028853241451006614
 1650.0202312685262 -0.0029826651624632397
 1667.8726855297064 -0.002990620252872536
 1685.887552948285 -0.003002863802232889
 1704.064833524261 -0.0028487634347069825
 1722.4110237839311 -0.0025381738252251733
 1740.9326202535913 -0.002016958917117966
 1759.616629880649 -0.0014013436894395707
 1778.4695491914006 -0.0008498108893622169
 1797.4913781858463 -0.0003532880274677655
 1816.6886133902815 0.0001278474645722767
 1836.0612548047063 0.0005632962350751506
 1855.6028059028254 0.0008976387119789992
 1875.3262597372297 0.0011474378482673392
 1895.2186232553283 0.0013936652599351943
 1915.2928895097127 0.0016445734593542427
 1935.5425619740863 0.0018351795214556856
 1955.96764064845 0.001901256173296624
 1976.5811185853954 0.0018673865956711662
 1997.3700027323302 0.0018620435409096284
 2018.3407896155509 0.0018829543837749437
 2039.4934792350573 0.0019129245098786802
 2060.8280715908495 0.0019355985344547291
 2082.351063209223 0.0019917539764269907
 2104.055957563882 0.002009399421319082
 2125.949251181123 0.0019772792721848456
 2148.030944060946 0.0019478763295696134
 2170.2945396770538 0.0019902781918606865
 2192.75303108204 0.002027382526347446
 2215.399921749607 0.0020395484094879388
 2238.2352116797556 0.0019893313507446555
 2261.265397398782 0.0019306883754541615
 2284.48398238039 0.0017749030704949961
 2307.89096662458 0.0016041476875604537
 2331.4993431839425 0.0014330461267481874
 2355.302615532183 0.0012752929689435386
 2379.2942871430055 0.0011399275182845164
 2403.4873510690013 0.0010013982075956925
 2427.8753107838743 0.0008314749537039494
 2452.458166287625 0.0006343413290218502
 2477.242414106549 0.0004193037109163639
 2502.2215577143506 0.00020089064213776078
 2527.402093637326 -0.00004061758726751746
 2552.777525349178 -0.00031063567026002876
 2578.3608459025 -0.0005301969882308799
 2604.1390622446993 -0.0005943507716484862
 2630.125167428368 -0.0005757269730451627
 2656.3126649272103 -0.0005513175796571667
 2682.6950582149298 -0.00040326780300315704
 2709.285340344119 -0.000295398407798513
 2736.0835113147773 -0.00019248311010409717
 2763.083074600609 -0.00007890009524783442
 2790.2840302016143 0.000008762586703330528
 2817.692874644089 0.00004990799757179703
 2845.3096079280326 0.00005833615076383877
 2873.12773352715 0.00005462772150244941
 2901.153747967737 0.00004891384113044316
 2929.387651249793 0.00004389181928470391
 2957.8229468470226 0.00003987429216001389
 2986.4726278120174 0.00003671196675110677
 3015.3237010921857 0.00003421651719246059
 3044.389159740119 0.00003220782617852766
 3073.656010703226 0.00003058367048257745
 3103.130750507802 0.000029255192008492995
 3132.819875680144 0.000028206761823098424
 3162.710393167659 0.00002738617875877861
 3192.815296022939 0.000026674965234573746
 3223.1280877196887 0.00002612414988182937
 3253.6487682579072 0.00002566930483610322
 3284.3773376375957 0.000025252845987038267
 3315.3137958587536 0.000024935126649392726
 3346.4581429213804 0.000024663637491113298
 3377.816875351773 0.00002443362378481127
 3409.3770000973386 0.000024271192005860296
 3441.1515102106696 0.000024097422654419787
 3473.1274126391736 0.00002394328694457052
 3505.317700435444 0.000023841374326659602
 3537.709380546886 0.000023751807747630498
 3570.315446026095 0.000023672486849723313
 3603.1229038204765 0.000023566073379009203
 3636.144746982624 0.00002350370694396785
 3669.367982459944 0.00002344427299144312
 3702.799106778734 0.000023391200191452865
 3736.431623412697 0.000023339514996722684
 3770.278525414426 0.000023292618912056455
 3804.320323205032 0.00002324823633175212
 3838.576506363403 0.00002323899385464575
 3873.027585310652 0.000023200209320534984
 3907.6865530993705 0.00002315778928691955
 3942.553409729558 0.000023187219227051734
 3977.615162148623 0.000023153320743052987
 4012.8783068828616 0.000023150431771256176
 4048.3428439322734 0.000023148253346576366
 4084.0087732968586 0.00002311379599846281
 4119.876094976617 0.000023146190853648798
 4155.938312445253 0.00002314673089389285
 4192.201922229063 0.00002314907703148639
 4228.653931275455 0.000023183356025676576
 4265.3073326370195 0.00002318377140631698
 4302.155629787462 0.00002318627917358021
 4339.198822726781 0.000023221829904167042
 4376.430414928683 0.000023257220076606283
 4413.856902919461 0.000023292103854100582
 4451.471790172823 0.000023359361374437008
 4489.275076688764 0.000023395576895024026
 4527.266762467289 0.000023401057072156285
 4565.446847508393 0.00002346667465363432
 4603.81533181208 0.000023533923521228275
 4642.365718852053 0.000023574407985517472
 4681.091512102015 0.000023672049885508823
 4720.005704614559 0.000023737389851130148
 4759.101799863389 0.000023805792245860847
 4798.373301322208 0.00002387581786713597
 4837.820208991016 0.000023974103857239247
 4877.4425228698165 0.00002406993250548217
 4917.246739484901 0.0000241395646524258
 4957.2133692573825 0.000024268356394513848
 4997.355405239856 0.000024365445932472214
 5037.666350906022 0.000024465521546099413
 5078.139709729586 0.000024621725894958637
 5118.781978236843 0.000024748468028178704
 5159.586659901499 0.00002484578713707809
 5200.560251249849 0.00002500249832485926
 5241.683262703005 0.000025160118505179427
 5282.968687313559 0.000025314446056555806
 5324.410028555215 0.000025469683398175685
 5366.007286427972 0.00002562564983620636
 5407.753964405536 0.000025810142686785004
 5449.650062487906 0.000025993323682553095
 5491.695580675081 0.000026204582805931413
 5533.884022440768 0.00002641651467472143
 5576.215387784965 0.00002659974601247283
 5618.6896767076705 0.00002683592496878132
 5661.306889208888 0.000027074799246975794
 5704.054032236023 0.000027311999403828724
 5746.944098841668 0.00002757676007063816
 5789.957599446936 0.00002784191884681702
 5833.107527104418 0.000028132226177651455
 5876.380888761521 0.000028425063751279605
 5919.777684418249 0.000028716246861195305
 5963.297914074598 0.00002903439817162644
 6006.935081204273 0.0000293772596174035
 6050.695682333572 0.000029720424842933264
 6094.566724409901 0.000030063989665192235
 6138.554703959556 0.000030460377112788276
 6182.646627929946 0.000030883315759994265
 6226.848992847366 0.00003130413176974294
 6271.155302185522 0.000031753622580534306
 6315.559059418116 0.000032201090228231345
 6360.066761071444 0.00003267478728862131
 6404.665414092915 0.00003320055463052352
 6449.361515008825 0.000033749921770386675
 6494.148567292879 0.000034304446588906496
 6539.013577892483 0.00003490830248179354
 6583.96953986023 0.00003554078465363752
 6628.990467090935 0.00003618094443077318
 6674.14132484756 0.00003689467545720981
 6719.357147867144 0.00003765957177089382
 6764.572970886728 0.00003844719689815534
 6809.91872443223 0.00003928062927246425
 6855.32944324069 0.00004016429994847071
 6900.805127312111 0.00004109615188605964
 6946.34577664649 0.000042131590938220355
 6991.88642598087 0.000043236366307372724
 7037.557005841168 0.00004438831537906642
 7083.227585701465 0.000045587139955636465
 7129.028096087681 0.00004696698436392501
 7174.763641210939 0.00004844626014501659
 7220.629116860113 0.00004998842687433547
 7266.494592509289 0.00005173846549918174
 7312.425033421424 0.000053636870420982753
 7358.355474333558 0.000055748585639851374
 7404.285915245692 0.00005804628178613264
 7450.281321420787 0.00006059813882367036
 7496.3416928588385 0.0000634864845922252
 7542.402064296892 0.00006689190555483794
 7588.397470471986 0.00007073096864265565
 7634.522807172998 0.0000752142871728906
 7680.583178611051 0.00008034798192821312
