 1.3734183964173268 1.3498161829048014
 1.9338091147252676 1.9029276983236227
 2.500780636065847 2.4435590136970617
 3.0744290305563275 2.9633117900192705
 3.6548229197090434 3.452625403013173
 4.242037787187558 3.902567889181603
 4.836155978806671 4.306176386247968
 5.43725984038118 4.65908446231659
 6.045438579877117 4.959745824437586
 6.660753956655581 5.209038267228272
 7.283281454380137 5.409390329678433
 7.913158316075449 5.564941117632875
 8.550446301102614 5.680860522219644
 9.195214030973968 5.762279359207927
 9.847530127201837 5.8136948903645145
 10.507600454323223 5.84050484535011
 11.175356390825794 5.847334717729435
 11.850935179734208 5.837099714343159
 12.534474064073134 5.813419937104631
 13.2260416653549 5.779104226128668
 13.925775226604175 5.73675680481522
 14.633674747820958 5.6882731865471765
 15.349877472029908 5.634692928234712
 16.074520642255695 5.577655814738828
 16.807672880010646 5.518592775687086
 17.549402806807098 5.458274444678928
 18.299847665669713 5.397368223494107
 19.05914469962315 5.337103553978466
 19.827293908667418 5.277774215578417
 20.604501157339506 5.219736718465898
 21.390766445639414 5.162997055276105
 22.186364259616475 5.10786362957159
 22.991225977758354 5.054761303989526
 23.805488843089716 5.002763680658161
 24.629358720147557 4.952016980742879
 25.462904230444206 4.902846319812103
 26.306193995492 4.8547679931511665
 27.159433879827926 4.807923499519983
 28.022623883452 4.762401642266679
 28.895901249388867 4.717450953501823
 29.779471842175536 4.673023334595187
 30.673404283324334 4.6291868759751775
 31.577767194347594 4.585330370771077
 32.492766439782315 4.5412341387352635
 33.41847064114082 4.4968460153885905
 34.35501704144779 4.451850590977976
 35.30254288372786 4.406224459322299
 36.26118541100573 4.360210241637926
 37.23101324479371 4.313750727403746
 38.21223224962879 4.266924176784102
 39.204911047023316 4.219840399098631
 40.209255501514285 4.172664077598419
 41.22533423461402 4.12582704470762
 42.253284489347195 4.079559526123297
 43.29324350873846 4.034074519307623
 44.34541715732482 3.9895118484255554
 45.40994267813094 3.9459350745339123
 46.48688869266915 3.902893688624049
 47.57639244396411 3.8596936771936465
 48.67865979655282 3.816121099333854
 49.79382799345995 3.772379711144799
 50.92203427771015 3.7288671710634347
 52.063415892328095 3.686137355233137
 53.218178701850775 3.644907385592255
 54.38639132779053 3.6054624072863395
 55.56825963468435 3.567697759339545
 56.763989487069225 3.531816086041223
 57.973649506457505 3.4974619245205947
 59.19744555738616 3.463831484936288
 60.43551488287988 3.4304058572193235
 61.68806334747564 3.39729995301026
 62.95522819419812 3.3651892595182105
 64.2372152875843 3.3350015751261193
 65.53409324914654 3.3071813423730885
 66.84613656493413 3.281477563473205
 68.17355109948409 3.25767696260793
 69.51633685279641 3.2347555047042764
 70.87504279696977 3.2123750605252166
 72.24953168897947 3.190536735307219
 73.63980352882552 3.167705022572814
 75.04654453163127 3.144841628520017
 76.46906848227337 3.12201376650462
 77.90874781099846 3.0996687054374585
 79.36489630268323 3.0785076768182233
 80.83820017245101 3.057872465955344
 82.32865942030176 3.038009005584739
 83.83696026135885 3.0196012519624493
 85.36241648049894 3.0032402354551944
 86.905028077722 2.9870650954268174
 88.46616748327472 2.971549921353557
 90.04583469715706 2.959240921540997
 91.64334350424572 2.9495969918178693
 93.25938011966403 2.940406156029813
 94.89463075853529 2.93135077470891
 96.54840920573618 2.920763476555235
 98.22208789151334 2.9082892033855368
 99.91498060074348 2.8951146895194366
 101.62708733342656 2.880596812226801
 103.35909430468591 2.8654971735794956
 105.11168772964488 2.8526277615387685
 106.88418139318011 2.842828479933529
 108.67794772553825 2.8362431536595265
 110.492300511596 2.8325500972213837
 112.32723975135335 2.8292820352141845
 114.1834516599336 2.825454747468101
 116.06162245246009 2.8212162618818044
 117.96175212893282 2.817131574015109
 119.88315447422848 2.811817685975425
 121.827888133717 2.806810483928502
 123.79389446202842 2.8015706896949757
 125.78391831965604 2.794844842502754
 127.79590106122991 2.78641196836941
 129.83190133211997 2.7768928866461233
 131.89123291720293 2.7697100875558456
 133.97458203160207 2.765710229787325
 136.0819486753174 2.765246391710439
 138.21333284834893 2.7658499253056053
 140.37010698094326 2.766637498370811
 142.55089864285384 2.766527081304554
 144.75776647945054 2.765217851106837
 146.98933806048677 2.762857742413709
 149.24767203133246 2.7598001485361783
 151.531395961741 2.75574816447291
 153.8411960668357 2.7467401262708253
 156.1784447768632 2.733074831206852
 158.54245587670016 2.7177597567354126
 160.93322936634658 2.701965766813105
 163.35213767604915 2.687018992379729
 165.7984945906845 2.672894999731145
 168.27367254049926 2.6582088903442105
 170.77698531037018 2.641869624201085
 173.3091191154205 2.625408474351665
 175.87007395565027 2.612893769288782
 178.46122226130612 2.6072181908083114
 181.0811916021414 2.606785753038267
 183.73204062352605 2.607797915355346
 186.4137693254601 2.6087649677588973
 189.12569149282027 2.6086522198582296
 191.86849334072977 2.6074747209152815
 194.64354729943534 2.6065443813101092
 197.45016715381362 2.60510077156595
 200.28903911898794 2.600051661434541
 203.1601631949583 2.5880085487670295
 206.0649118119713 2.569072743946151
 209.0025987549037 2.548429315137688
 211.97391023887874 2.5317625509135344
 214.9788462638965 2.5209751313288518
 218.0187792602035 2.514156162339654
 221.09370922779985 2.5074720210270045
 224.20294995156218 2.4951285661169726
 227.3485600768605 2.474440009666417
 230.52985338857147 2.4454722778382565
 233.7475161018183 2.409146769790645
 237.00223443172447 2.368474885340405
 240.2940083782899 2.3260292891994387
 243.62283794151463 2.2836062870490252
 246.99009555164523 2.2431328491879716
 250.3964674238051 2.206321920649428
 253.84058112774753 2.1736636383701144
 257.32449530884253 2.1447215288762687
 260.84820996709004 2.115558885584069
 264.41172510249015 2.0823283085136985
 268.0157269301661 2.0465554967186286
 271.6609016652413 2.006053690017426
 275.34793552283895 1.955298612804821
 279.07614228783586 1.8961689839947895
 282.84689439047855 1.8356658305282632
 286.6608780458904 1.7772341839404404
 290.5180932540714 1.719423737890058
 294.41854001502156 1.659109517008306
 298.36427697411085 1.5962106756752181
 302.35393170109256 1.5355148724096104
 306.3888766262134 1.4806269288790277
 310.46911174947337 1.4279134255377914
 314.5960095011191 1.3732654144643677
 318.76956988115063 1.3181847444783303
 322.99047910469113 1.2638208299725933
 327.25942338686406 1.2081210269056086
 331.5757165125461 1.148755758040773
 335.94141712710706 1.087462909419478
 340.35583901542384 1.0285917594151286
 344.8203546077429 0.9736646775686378
 349.3349639040644 0.9196567596090343
 353.9003531195115 0.8630604618813325
 358.5172084692076 0.8048487621506597
 363.186216168276 0.7464833174392719
 367.9073762167167 0.6862036670526453
 372.6820610447764 0.6238115467188209
 377.510270652455 0.562680733414446
 382.3920050397526 0.5072985156946909
 387.3293228520391 0.45989107005081464
 392.32153787419116 0.4181764255802593
 397.3700225364555 0.37817586446880885
 402.47477683883204 0.3379733692048433
 407.6364869964441 0.29847660540073445
 412.8558392244151 0.2619337688223925
 418.1335197378682 0.23099647200764611
 423.47021475192685 0.20628981648910227
 428.86661048171436 0.1843930190909133
 434.323393142354 0.1623309922535404
 439.8405627338458 0.14107837400500248
 445.41880547131296 0.12192416594949892
 451.05949378500236 0.10402205340919549
 456.7633138900372 0.08681495085729968
 462.52957957129405 0.07134280846205723
 468.360349474143 0.05861071915096079
 474.2563098137074 0.049225365784549065
 480.21677437486375 0.04351728755565863
 486.2438018029822 0.039403536124650515
 492.33739209806265 0.03425003116390121
 498.4982314752285 0.028829098394657984
 504.72700614960297 0.02507483785155673
 511.02440233630944 0.0232375633371375
 517.3917924655946 0.02242815403627108
 523.8291765374584 0.02115700895197713
 530.337240767024 0.018984630530485772
 536.9173575845382 0.017458563233765472
 543.569526990001 0.017594507177860746
 550.2944351985359 0.017961708853304593
 557.0934546403892 0.0162479442090301
 563.9672715306843 0.012075757437818907
 570.9158858694213 0.007395225755606201
 577.9406700868469 0.004061573488381504
 585.0423103980842 0.002305531524558012
 592.2214930182568 0.0014727431910868073
 599.4795903776111 0.0010087497704758242
 606.8159162610239 0.0006946514278669198
 614.232529313865 0.000509562209817741
 621.7301157512579 0.00046858998923612617
 629.3086755732027 0.0005314726009232771
 636.970267425069 0.000593952056314697
 644.7142050917338 0.0005791671567838552
 652.5425472185668 0.0005099454044967
 660.4559800206916 0.0004331575196626438
 668.4545034981081 0.000365433372474085
 676.5394900810628 0.00032158116885818377
 684.7116259846792 0.00031756789863931963
 692.9743422845738 0.00035527140230991996
 701.3187181841434 0.0004071020487146034
 709.7591642009778 0.00043235238871615404
 718.2888181838439 0.0004146133021158424
 726.9145422839747 0.0003727151541172454
 735.6226121989039 0.00033262234274318456
 744.433614382331 0.0003027414100603806
 753.3338245317899 0.00027540492850508335
 762.3301047985134 0.00023753693324445507
 771.4224551825017 0.00020060677927521823
 780.6108756837548 0.00018769228200846125
 789.8953663022727 0.00017707798845507106
 799.2827891892886 0.00013268697569833235
 808.7731443448024 0.00006829551096842469
 818.3527074663479 0.0000239816990491244
 828.0420650076244 0.000015603620931767137
 837.834354817399 0.00002936655100155366
 847.7295768956716 0.00004678327927539898
 857.720869091209 0.00006308904730554683
 867.8288178577106 0.00008166160219277049
 878.0328367414772 0.00009900107612146525
 888.3535121962079 0.0001107697019290362
 898.777119919437 0.00012085444199589662
 909.3105220623969 0.00012899398303320013
 919.9537186250881 0.00012457991857930915
 930.7067096075106 0.00010224250887587307
 941.5763571608974 0.00007172771008571925
 952.5557991340153 0.000045567104419647434
 963.6518976780977 0.000028667987338970326
 974.8646527931444 0.000018889756224197464
 986.1872023279224 0.00001199299595950387
 997.6332705848979 0.000007134031169754918
 1009.1891332616045 0.000004724459468898905
 1020.8753768117421 0.000003599811028783575
 1032.6714147816106 0.000002722363742775642
 1044.59783362491 0.000001868063816620157
 1056.6409090391737 0.000001152747214117307
 1068.807503175635 6.673307032536244E-7
 1081.1044781855271 3.8479469029686367E-7
 1093.5181097663838 2.3813715465207877E-7
 1106.062122220671 1.577739340755406E-7
 1118.736515548389 9.935120186005357E-8
 1131.5344275983048 5.464046520804706E-8
 1144.4695826728844 2.6045373814051684E-8
 1157.5282564696615 1.146202218408543E-8
 1170.7241732911027 5.2310577509695235E-9
 1184.0504709859747 2.4815118029116933E-9
 1197.5071495542772 1.0859140319988265E-9
 1211.1079332984773 4.0463974017683027E-10
 1224.839097916108 1.2833005445450768E-10
 1238.7075055584025 3.630801182375398E-11
 1252.713156225361 9.484156359448961E-12
 1266.862912068217 2.53245941479748E-12
 1281.1499109357367 6.339570889820027E-13
 1295.5810149791535 3.174019564895113E-13
 1310.1562241984677 0.
 1324.8755385936788 0.
 1339.7389581647874 0.
 1354.7464829117928 0.
 1369.898112834696 0.
 1385.2075722359623 0.
 1400.6611368131255 0.
 1416.2656687174194 0.
 1432.0211679488439 0.
 1447.9276345073986 0.
 1463.9919305443168 0.
 1480.2140560595985 0.
 1496.5871489020108 0.
 1513.1180712227865 0.
 1529.813685173159 0.
 1546.660266450662 0.
 1563.6784015089947 0.
 1580.847503894458 0.
 1598.188160060751 0.
 1615.6866457054077 0.
 1633.3498229796614 0.
 1651.184554034745 0.
 1669.1839767194251 0.
 1687.3549531849355 0.
 1705.6906212800425 0.
 1724.2047053072126 0.
 1742.8834809639798 0.
 1761.7406725528097 0.
 1780.7694179224698 0.
 1799.9697170729596 0.
 1819.348432155513 0.
 1838.9124253213627 0.
 1858.6479722680422 0.
 1878.5619351467847 0.
 1898.6543139575908 0.
 1918.931970851693 0.
 1939.3949058290916 0.
 1960.0362567385534 0.
 1980.8697478825445 0.
 2001.8816549585993 0.
 2023.0857022691835 0.
 2044.4750276630639 0.
 2066.0496311402403 0.
 2087.82323700318 0.
 2109.782120949416 0.
 2131.933145130182 0.
 2154.2763095454766 0.
 2176.8116141953014 0.
 2199.545921230889 0.
 2222.472368501006 0.
 2245.5978181568853 0.
 2268.922270198528 0.
 2292.4388624747 0.
 2316.161319287868 0.
 2340.082778486799 0.
 2364.203240071492 0.
 2388.529566193182 0.
 2413.054894700634 0.
 2437.779225593849 0.
 2462.716283175293 0.
 2487.8592052937333 0.
 2513.201129797936 0.
 2538.7557809903683 0.
 2564.5162967197966 0.
 2590.48267698622 0.
 2616.6617839408736 0.
 2643.0467554325223 0.
 2669.644453612401 0.
 2696.448016329275 0.
 2723.4711678856115 0.
 2750.7001839789446 0.
 2778.1487889117393 0.
 2805.8101205327634 0.
 2833.6773166907833 0.
 2861.764101688266 0.
 2890.0704755252104 0.
 2918.5895760503845 0.
 2947.3214032637875 0.
 2976.272819316653 0.
 3005.4438242089805 0.
 3034.8275557895377 0.
 3064.430876209557 0.
 3094.2537854690386 0.
 3124.2894214167495 0.
 3154.551508355156 0.
 3185.0263219817916 0.
 3215.7275865991223 0.
 3246.641577904683 0.
 3277.7751580497056 0.
 3309.1351891854238 0.
 3340.7079470093713 0.
 3372.507155824014 0.
 3404.5259534781194 0.
 3436.7643399716867 0.
 3469.222315304717 0.
 3501.8998794772097 0.
 3534.797032489164 0.
 3567.9206364918145 0.
 3601.256967182694 0.
 3634.819748864269 0.
 3668.595257234073 0.
 3702.5972165945727 0.
 3736.8119026433014 0.
 3771.2530396827256 0.
 3805.9069034103795 0.
 3840.787218128729 0.
 3875.880259535307 0.
