 0.26192572442822415 0.
 0.7888565076551727 2.171038738824378
 1.321986911731867 1.8299675302438512
 1.8613922356969679 1.6528972562699833
 2.4071319261599453 1.5385746129541988
 2.9592984556244164 1.4553198112643249
 3.517957875878681 1.3908499926152196
 4.083182843889868 1.3393517766441594
 4.655052621803937 1.2975055366957902
 5.233646471766845 1.2631170170456305
 5.819050261103382 1.234599528325553
 6.411323436423018 1.2107511748718458
 7.01053865469288 1.190643169741384
 7.616828019489567 1.1735531700843431
 8.230250977422546 1.158919652587806
 8.85087358028012 1.1463029844252242
 9.478761879850586 1.1353524551909966
 10.11411403149884 1.1257838491866161
 10.756863983436586 1.117355039128112
 11.407143839240419 1.109857717344962
 12.065085702486938 1.103115165668499
 12.730755624964441 1.09698389304353
 13.404285710249528 1.091358660275464
 14.0856759583422 1.0861705825762271
 14.775058472819051 1.0813836173528943
 15.47256535725668 1.076987680385871
 16.17826266344339 1.0729794577713632
 16.892216443167474 1.0693561318000067
 17.61455880000554 1.0661103152302092
 18.34542183753417 1.0632216803403427
 19.08480555575338 1.0606664247610544
 19.832908110028058 1.0584221788914423
 20.589729500358207 1.0564724931750658
 21.355533933897025 1.0548108291096876
 22.130255358856207 1.0534260406928393
 22.914025878812357 1.0522948969946144
 23.707043649130366 1.0513868467883178
 24.509374721598537 1.0506816465333624
 25.32108514800517 1.0501908019104278
 26.14237308371516 1.0499558481990805
 26.973238528728512 1.0500058241666814
 27.813813586621812 1.0503149032190993
 28.66429641275997 1.050814864209246
 29.52475305893128 1.0514099850418637
 30.395249576924037 1.0520183563374852
 31.275984122103143 1.0526301507932043
 32.1670227462569 1.0532710921899464
 33.068497552961894 1.0539458188385662
 33.98054064579473 1.0546177574887736
 34.90328412833202 1.0552612859575659
 35.836794052362045 1.0558506118210993
 36.781268573249704 1.0564934793628384
 37.73677374278329 1.0571992605027478
 38.70350771632772 1.0578850567530291
 39.681536545671285 1.0583868217266839
 40.670992334390576 1.0585696524999202
 41.672007186062196 1.0584333309943141
 42.68477925605104 1.058110708467776
 43.709440647933704 1.057717097732535
 44.74605741349849 1.0571882039718676
 45.794761656322 1.0563307893739293
 46.85575153176913 1.0550247192176823
 47.92915914341648 1.053274619015306
 49.01511659484063 1.0511126725998263
 50.11375598961819 1.0486139277808935
 51.22527548311407 1.046022622571093
 52.34974112711655 1.043733563141438
 53.48735107699055 1.0420355727744066
 54.63830348810093 1.0408861677237389
 55.80266441223603 1.0399429090640515
 56.98063200476071 1.0387860591567122
 58.1723383692516 1.0372118914753812
 59.377981661073576 1.0353361303341386
 60.59769398380324 1.0333482341222686
 61.8316734928055 1.0311956790205592
 63.07998623986864 1.0285905417934562
 64.34289643214586 1.0253591925796721
 65.62060222500206 1.0216463049421651
 66.91310361843725 1.0178081669081016
 68.22092902675782 1.0141639230218016
 69.54394634638714 1.0108549338226522
 70.88215557732524 1.0078693421083402
 72.23621723745511 1.0051805539195688
 73.60547080889376 1.0028695048355138
 74.99123732740716 1.0010121146550903
 76.39285627511232 0.9996142264381651
 77.81098816989224 0.9987126635784065
 79.2456330117469 0.9983198057670511
 80.69745131855933 0.9982213783426649
 82.1657825724465 0.9980980575707185
 83.65062677340842 0.9978795024471706
 85.15330495721109 0.9976269625649815
 86.67381712385448 0.9972108198677443
 88.21150275545563 0.9963120402064286
 89.7670223698975 0.9945477297778313
 91.3410364850631 0.9916204458780088
 92.93288458306944 0.9874601253879918
 94.54388769968249 0.9823479693550129
 96.17338531701927 0.9767080547152396
 97.82137743507975 0.9706822161439635
 99.48852457174698 0.9643465185952901
 101.1754872449039 0.9580991677944585
 102.88160493666754 0.9525768436790737
 104.60819868280386 0.9481585133123841
 106.3546079654299 0.9447790854746975
 108.12083278454566 0.9421001658000913
 109.9075336580341 0.9398449837886315
 111.71537110377821 0.9378062859218633
 113.54434512177802 0.9355585074864331
 115.39379519415054 0.9327607099468116
 117.2657028745447 0.9297115408819223
 119.15808660931157 0.926866023302903
 121.07358846998308 0.9239181277734452
 123.01022690291029 0.9202719112763329
 124.96998346174216 0.9162923641198883
 126.9521976285957 0.9129271646575118
 128.95752992135388 0.9102396782471717
 130.9859803400167 0.9075904636530876
 133.03754888458423 0.904940061773571
 135.11355659082236 0.9027830446584706
 137.21268242296517 0.901126620680186
 139.33690793466158 0.899467036686401
 141.48491209014566 0.8974027608232437
 143.65867644306633 0.8945792024840046
 145.85687995765764 0.8906160258690148
 148.0801831518026 0.8857639636440439
 150.32990706126716 0.8811114755968403
 152.60539116816832 0.8775356904656236
 154.9066354725061 0.875034111134262
 157.2349610100465 0.8732909296565454
 159.5897072629065 0.8722402407534539
 161.97219526685208 0.872058532777405
 164.38176450400027 0.8726137776292233
 166.81907549223402 0.8728619199564152
 169.28412823155338 0.8715953407677896
 171.7782437577243 0.8686512785555496
 174.3001010349808 0.8647895241445336
 176.85168161697186 0.861057547162743
 179.4329855036975 0.8581533632938343
 182.0433521772747 0.8558866459395723
 184.68344215558645 0.8536040638602572
 187.35457647439873 0.8513120464859115
 190.05609461582856 0.8500964493470664
 192.78865709775897 0.8505230052511729
 195.5522639201899 0.8514788770316218
 198.34823611888729 0.8518640421010826
 201.17591317596828 0.8516683703782771
 204.03595560931575 0.8508346226291619
 206.92836341892976 0.8492752571580527
 209.85445764057624 0.847709216412783
 212.81423827425525 0.84739714656684
 215.80704480208374 0.8477267603592614
 218.83485877771076 0.848107063638862
 221.89701968325323 0.848231476805073
 224.99418803659415 0.8481366773910494
 228.1270243556166 0.8476328603687796
 231.2955286403205 0.8461310246623551
 234.4997008907059 0.8433066979450503
 237.74086214253867 0.8396395321154495
 241.01967291370195 0.8365528282027317
 244.33481216842966 0.8351614699405382
 247.6882614603708 0.8344749422397064
 251.08002078952538 0.8331524391660486
 254.51009015589338 0.8318480535600334
 257.9791300773578 0.8313415697081381
 261.48780107180164 0.8310711177678378
 265.0367636571079 0.8308397868070092
 268.62535731539356 0.8310032726018605
 272.2549030824246 0.8311629192980968
 275.926061476084 0.8310832482993346
 279.63883249637183 0.8308662997299542
 283.393216143288 0.8293424479260684
 287.19119397048155 0.8263832329645797
 291.03144494218645 0.8242117806346738
 294.9152900941687 0.8238369877260746
 298.8427294264283 0.8240411919354164
 302.8150839747313 0.8231665023868852
 306.8323537390776 0.821062142229651
 310.8951992373502 0.8196314398557732
 315.004280987432 0.8201853509834197
 319.1589384714403 0.8216892476634784
 323.3611532430238 0.8226034827186451
 327.61026478429966 0.8219213851339495
 331.90759413103376 0.8193272666930473
 336.25314128322617 0.816226132857525
 340.64756675875987 0.8139522766839588
 345.0915310755178 0.8118490143338363
 349.58569475138296 0.8084469026629596
 354.13005778635545 0.8027744072166831
 358.7259412162011 0.795422115294551
 363.37334504091996 0.7876670105380928
 368.07226926051214 0.7802079004716428
 372.8246954286265 0.7743583020644578
 377.6299630273801 0.7714292200749971
 382.4893930925388 0.7701109045197284
 387.40298562410277 0.7685197530317701
 392.3714011399549 0.7671861489212892
 397.3953001579782 0.7669681371140609
 402.4753431960557 0.7678154607802546
 407.61219077207033 0.769159079266154
 412.80650340390514 0.7688818494071649
 418.0589416094431 0.7682617087159573
 423.3695053886841 0.7695033217522071
 428.73885525951124 0.7728468871743931
 434.16831225769056 0.7750499408066491
 439.6585369011049 0.7730339575682247
 445.2088686718714 0.7682304396563691
 450.82128912363896 0.7636662334948763
 456.49645877429066 0.7593885640629067
 462.2337171059433 0.7542905857810294
 468.03504567224604 0.7489765104457425
 473.9004444731989 0.7457976717545335
 479.83057402668476 0.7464269979372701
 485.82609485058657 0.7486897129275897
 491.8876674627874 0.7491239862380766
 498.01661289905337 0.7482604042061316
 504.21293115938425 0.7489407145846311
 510.47728276166316 0.7514237403840067
 516.8109887416559 0.7539989802683442
 523.2140490993628 0.7549039987840469
 529.6871243526666 0.7537274497120942
 536.2315355373332 0.7522807419941203
 542.8479431712459 0.7524092794574538
 549.5363472544045 0.7537298194151911
 556.2980688225749 0.7546419180695564
 563.1337683936403 0.7544271967277902
 570.0441064854836 0.7529174269072197
 577.0304041338708 0.7485576022672452
 584.0920008209188 0.7410276503876959
 591.2308781002766 0.7318392617922214
 598.4476964898273 0.7227580351787689
 605.7424559895709 0.7154874281761712
 613.1171381531562 0.7121572330704798
 620.5710824627005 0.712724649627317
 628.1062704718524 0.7149123206673724
 635.7233626984952 0.7162947792187505
 643.4223591426288 0.7145293227308642
 651.204580840019 0.7066862525570409
 659.0706883085492 0.6933566623849923
 667.0239841376339 0.6773966767584562
 675.0558815947944 0.656278439954051
 683.1802515555736 0.6297456407064181
 691.3904888411416 0.6000804592008366
 699.6931986303282 0.5702246548123627
 708.0751705654736 0.5455107358737308
 716.5562201830675 0.526730773833666
 725.1231371254502 0.5084394966248607
 733.7825265714514 0.4847955536533242
 742.5343885210713 0.45944321126985355
 751.3787229743098 0.44123322034130763
 760.315529931167 0.42368684631782927
 769.3514145704726 0.4087317434524448
 778.4863768922269 0.40095823656028373
 787.7072065387697 0.4092809697675671
 797.033719046591 0.4333190480887743
 806.4593092368609 0.46967458337514434
 815.9839771095793 0.5227129968055302
 825.6011174859165 0.5863093090714926
 835.3305459023617 0.5930472564572419
 845.1524468224259 0.48580447420556383
 855.086635782598 0.5356240862268499
 865.1199024252189 0.6776324324157168
 875.2588519291181 2.5472271741378845
 916.8846889151594 2.2661641115044557
 927.5652630831106 3.822930787527264
 938.3581252911702 18.251001963446996
 1064.6425393400627 0.
 1076.8423046388914 0.
 1089.1609631566585 0.
 1101.6117252510232 0.
 1114.1813805643262 0.
 1126.8831394542276 0.
 1139.7103967418968 0.
 1152.6631524273341 0.
 1165.7546168681997 0.
 1178.9715797068332 0.
 1192.3206461220648 0.
 1205.8018161138941 0.
 1219.4216948611518 0.
 1233.1736771850074 0.
 1247.0643682642908 0.
 1261.0937680990023 0.
 1275.2618766891417 0.
 1289.5686940347089 0.
 1304.0142201357041 0.
 1318.5984549921275 0.
 1333.3346089616384 0.
 1348.2094716865772 0.
 1363.2296483457737 0.
 1378.3951389392284 0.
 1393.7059434669409 0.
 1409.168667107741 0.
 1424.7833098616288 0.
 1440.5432665497747 0.
 1456.455142351008 0.
 1472.525542444159 0.
 1488.741256471568 0.
 1505.1220999697243 0.
 1521.6482574021388 0.
 1538.3395443053007 0.
 1555.1827503215502 0.
 1572.1844806297177 0.
 1589.3513404086323 0.
 1606.6767244794646 0.
 1624.1672380210448 0.
 1641.8162758545425 0.
 1659.6370483376174 0.
 1677.6163451126101 0.
 1695.7673765371803 0.
 1714.0835374324981 0.
 1732.564827798563 0.
 1751.2178528142058 0.
 1770.049217658256 0.
 1789.0457119730536 0.
 1808.2139409374286 0.
 1827.5539045513813 0.
 1847.072207993741 0.
 1866.768851264508 0.
 1886.6372291848527 0.
 1906.6905521124345 0.
 1926.9156096895938 0.
 1947.3256122739908 0.
 1967.9139546867946 0.
 1988.6806369280057 0.
 2009.6388693552844 0.
 2030.77544161097 0.
 2052.096958873893 0.
 2073.6034211440533 0.
 2095.294828421451 0.
 2117.1777858849155 0.
 2139.2456883556174 0.
 2161.5051410123865 0.
 2183.9561438552228 0.
 2206.5920917052963 0.
 2229.426194920267 0.
 2252.4518483213046 0.
 2275.6690519084095 0.
 2299.0844108604115 0.
 2322.69131999848 0.
 2346.4897793226164 0.
 2370.4929991904796 0.
 2394.69437442324 0.
 2419.0872998420673 0.
 2443.6849858046216 0.
 2468.480827132073 0.
 2493.474823824421 0.
 2518.673581060497 0.
 2544.070493661469 0.
 2569.6721668061687 0.
 2595.471995315765 0.
 2621.4831895479183 0.
 2647.692539144969 0.
 2674.113254464576 0.
 2700.73873032791 0.
 2727.5623615561412 0.
 2754.5973585069296 0.
 2781.8437211802743 0.
 2809.2948443973464 0.
 2836.950728158145 0.
 2864.817977641501 0.
 2892.896592847413 0.
 2921.1799685970527 0.
 2949.6747100692496 0.
 2978.3808172640024 0.
 3007.291685002483 0.
 3036.4205236423495 0.
 3065.754122825944 0.
 3095.3056929109243 0.
 3125.0620235396323 0.
 3155.0297198908966 0.
 3185.2153871435476 0.
 3215.605814939926 0.
 3246.214213637691 0.
 3277.0339780580125 0.
 3308.0651082008912 0.
 3339.307604066327 0.
 3370.7614656543196 0.
 3402.4266929648684 0.
 3434.3098911768047 0.
 3466.397849932468 0.
 3498.7037795895176 0.
 3531.214469790294 0.
 3563.9431308924577 0.
 3596.876552538348 0.
 3630.027945085625 0.
 3663.384098176629 0.
 3696.9582221690202 0.
 3764.7273569638123 0.
 3798.922367766214 0.
 3833.3353494700027 0.
 3867.9464865386885 0.
 3902.77559450876 0.
 3937.8028578437293 0.
 3973.041486901256 0.
 4008.491481681339 0.
 4044.139631826319 0.
 4079.992542515026 0.
 4116.05021374746 0.
 4152.312645523621 0.
 4188.779837843508 0.
 4225.445185528293 0.
 4262.315293756805 0.
 4299.376952171384 0.
 4336.64337112969 0.
 4374.107945452894 0.
 4411.770675140993 0.
 4449.624955015161 0.
 4487.6773902542245 0.
 4525.921375679357 0.
 4564.356911290554 0.
 4602.983997087821 0.
 4641.802633071154 0.
 4680.812819240554 0.
 4720.007950417191 0.
 4759.381421422236 0.
 4798.946442613348 0.
 4838.6964088116965 0.
 4878.624714838453 0.
 4918.731360693617 0.
 4959.016346377188 0.
 4999.4862770679965 0.
 5040.121337229552 0.
 5080.934737219515 0.
 5121.919871859056 0.
 5163.070135969344 0.
 5204.39213472921 0.
 5245.879262959824 0.
 5287.538125840014 0.
 5329.348907833292 0.
 5371.324819297319 0.
 5413.4592550532625 0.
 5455.7522151011235 0.
 5498.197094262073 0.
 5540.7938925361095 0.
 5583.542609923234 0.
 5626.436641244616 0.
 5669.475986500256 0.
 5712.660645690154 0.
 5755.9906188143095 0.
 5799.452695515064 0.
 5843.060086150075 0.
 5886.792975182855 0.
 5930.6645729710635 0.
 5974.661669157039 0.
 6018.784263740783 0.
 6063.032356722295 0.
 6107.399342922746 0.
 6151.891827520964 0.
 6196.496600159292 0.
 6241.220266016557 0.
 6286.0496147351 0.
 6330.991251493752 0.
 6376.038571113682 0.
 6421.184968416061 0.
 6466.437048579718 0.
 6511.781601246994 0.
 6557.225231596718 0.
 6602.761334450061 0.
 6648.3766994493635 0.
 6694.084536952284 0.
 6739.858426243503 0.
 6785.76441911132 0.
 6831.736463767437 0.
 6877.708508423555 0.
 6923.81265665627 0.
 6969.982856677282 0.
 7016.219108486595 0.
 7062.5214120842065 0.
 7108.823715681818 0.
 7155.258122856028 0.
 7201.692530030237 0.
 7248.259040781045 0.
 7294.759499743554 0.
 7341.39206228266 0.
 7388.024624821767 0.
 7434.723239149174 0.
 7481.42185347658 0.
 7528.120467803985 0.
 7574.885133919691 0.
 7621.715851823693 0.
 7668.546569727697 0.
 7715.311235843402 0.
 7762.2080055357055 0.
 7809.038723439709 0.
