 0. 0.
 0.2799301413455864 0.2799301413455864
 0.8430814276503454 0.8429103908024024
 1.412858488283101 1.4114525871420582
 1.9893417982356907 1.983791653205106
 2.5725948903964087 2.5572661083861044
 3.1627165937025983 3.1285311094753534
 3.7597775002523646 3.6938740596377837
 4.363855261353621 4.249543476666257
 4.975034587524091 4.792033089934886
 5.5934001892815 5.318284554305901
 6.219043836353381 5.825808356013294
 6.852029061628029 6.312731410058145
 7.492433516413357 6.777788135697
 8.140398384905572 7.220270734162822
 8.795987199992966 7.639957367595276
 9.459270553773646 8.037028226133792
 10.13031903834571 8.411980957545524
 10.809344430003474 8.76555055910912
 11.496276136648833 9.09864095635894
 12.191255342477993 9.412264656387427
 12.89442323168716 9.707496637868378
 13.60585039637444 9.9854375905686
 14.325678020736039 10.247186716836296
 15.053906104771958 10.493818145391776
 15.7906758326784 10.726366269629796
 16.536128388651576 10.945814273247464
 17.29033436478959 11.153090730430288
 18.053364353190542 11.349068755898694
 18.825359538050645 11.534565154954537
 19.606461103566097 11.710342335876451
 20.396669049736907 11.877107884943097
 21.196195152857378 12.035517753758743
 22.005039412927516 12.186177321695139
 22.823484198339735 12.329645433170562
 23.651458916995928 12.466439284882394
 24.489104753092303 12.597038463086168
 25.33663348292317 12.721887493456046
 26.194115698586632 12.841397116015054
 27.061621992180793 12.955946410018779
 27.939364139999967 13.065881094048422
 28.827342142044156 13.171515013429378
 29.725697182509556 13.273134814975442
 30.63464103769049 13.371006534128318
 31.55424429968505 13.465385369422744
 32.48457756059135 13.556516744928341
 33.425852596703685 13.644635672784514
 34.37814000012018 13.729962715921365
 35.341580955037024 13.812703350594594
 36.31631664565043 13.893044566571529
 37.30248825615662 13.971155504596263
 38.30016637865368 14.047190431226845
 39.309562789435915 14.121292563625984
 40.33074808060144 14.193595769468017
 41.36393402844457 14.264223929473811
 42.409191225063395 14.33328392529446
 43.46666085465414 14.400869251813635
 44.53648410141299 14.467068516682442
 45.61887274163426 14.531971814970605
 46.713967959514186 14.595667541840859
 47.82184034715083 14.658237505316412
 48.94263108874043 14.719752251536761
 50.07655196057728 14.780274464571637
 51.22374414685759 14.839863428676816
 52.384348831777565 14.898581190456916
 53.55850719953342 14.956491921400273
 54.746431026419465 15.013656180692896
 55.9481909045338 15.070128790334756
 57.16399861017074 15.125956710256059
 58.39406591962458 15.1811839255498
 59.638463424993446 15.23585463379735
 60.89740290257162 15.290018344789376
 62.17102553655534 15.343728393107249
 63.45954310323891 15.397036625913724
 64.76309678681851 15.449982566045987
 66.0818983635885 15.502591287131937
 67.41601842564693 15.55488340054365
 68.76573934138622 15.606882280002042
 70.13127288710072 15.658610874251288
 71.51261906279042 15.710086819826262
 72.91034260524012 15.761324140959513
 74.32430233025364 15.812344298976608
 75.75449823783096 15.863178742156602
 77.20163624895314 15.913863168545987
 78.66501044263912 15.964434976098223
 80.14603266085098 16.014924763138882
 81.64399698260769 16.065351228644694
 83.15960932889027 16.11572775938309
 84.69286969969873 16.166068167098253
 86.24448401601411 16.2163905133018
 87.81374635685538 16.26671328448209
 89.40065672222251 16.317048379987956
 91.0066269540776 16.367399412121713
 92.63165705242065 16.417767230836862
 94.2750410962706 16.46815778580781
 95.93748500660853 16.51857575177874
 97.61969470441541 16.569014541610127
 99.32096426871024 16.619466505720574
 101.0427055414551 16.669938018761243
 102.78421260166897 16.72044565482515
 104.5454854493518 16.771005775516926
 106.32723000548467 16.82162560544123
 108.13015219104858 16.872304507132945
 109.95354608506251 16.923048430266476
 111.79882352948853 16.9738705491209
 113.66527860334563 17.024783825486892
 115.55291130663376 17.075803346038875
 117.46242756033399 17.12695503435822
 119.39453328542734 17.17825588951469
 121.34922848191383 17.22968827497341
 123.32580722881241 17.28122541719951
 125.32638728906619 17.332870078541827
 127.34885089973204 17.384649245023603
 129.39602174473413 17.436591602575053
 131.46578206112935 17.48871585017291
 133.5602496118608 17.541025812607867
 135.67871847594745 17.593522764810157
 137.82189457437036 17.646213718896057
 139.98977790712945 17.699084438144645
 142.1823684742248 17.75209093746292
 144.40107811761845 17.80518795682766
 146.64449499534834 17.858349572657474
 148.91473687035753 17.911558148417495
 151.21039190068404 17.96478797301471
 153.5335778492709 18.018017160146815
 155.88288287415605 18.07125187197659
 158.25901289632057 18.124517819597042
 160.66337975772646 18.17783795175235
 163.09527753739275 18.231223955302962
 165.5547062353194 18.284691341900043
 168.04307769346852 18.338253710799396
 170.559685990859 18.39191233693125
 173.105942969453 18.445659358225846
 175.68114270826942 18.49948308782272
 178.2859911282893 18.553372263838163
 180.9204882295127 18.6073145619466
 183.58604585390165 18.661297657822452
 186.28125215949407 18.715310289582007
 189.00822490923306 18.76933545815551
 191.76696410311862 18.82335276465925
 194.55676382016978 18.877333735651387
 197.3783299813675 18.93123056124822
 200.23307442867386 18.985004568566055
 203.12029124110785 19.038647470558384
 206.0406863396505 19.0921684042252
 208.9942597243018 19.145570344403716
 211.9824232370238 19.19883204225673
 215.00447095683552 19.251909512691245
 218.06110880471795 19.304755158311938
 221.15233678067113 19.357326906421164
 224.2795667266571 19.409576097181738
 227.44279864267583 19.461457045593686
 230.64132660774632 19.51293384112215
 233.87726838481174 19.563969085813657
 237.14991805289097 19.614553642668213
 240.459981532965 19.664702173383485
 243.80816474601502 19.714406178424596
 247.1944676920409 19.763628897303196
 250.61889037104268 19.812324432530936
 254.0828446249824 19.860451986340394
 257.58703637484115 19.90799838445252
 261.1300537786569 19.95496468930916
 264.7140145993726 20.001326889724293
 268.3389188369884 20.047066074232806
 272.0047664915042 20.0921595065789
 275.7122634839011 20.13655130232075
 279.4621157351601 20.180180052318853
 283.25502916626226 20.22301345834067
 287.0902978562265 20.265020709572262
 290.969333647015 20.30616993275784
 294.89284245960863 20.34646070292066
 298.86082429400756 20.385886645409556
 302.8732791502116 20.424413337108273
 306.9323247911641 20.462013367016826
 311.03654937490273 20.498679085553828
 315.18736474338976 20.534413467556483
 319.38477089662507 20.569202701280613
 323.63017967657083 20.60301682586577
 327.92359108322694 20.635847554265446
 332.2657110375745 20.667723572409855
 336.6572454605945 20.698662091857138
 341.0974884313059 20.728645901049152
 345.5885577126519 20.757635477148717
 350.12974738365136 20.78557557317912
 354.7224692862664 20.81242517888457
 359.36672342049707 20.838182806846465
 364.0632157073243 20.86286354373921
 368.8126520677291 20.886488213423267
 373.6157384226927 20.909067440317223
 378.47247477221487 20.930588262630398
 383.38427295825784 20.951034318758147
 388.3511329808215 20.970396471700468
 393.37305483990593 20.988684708410855
 398.45215629845427 21.0059309021451
 403.5877314354854 21.02216968850783
 408.7811920929614 21.037423166289734
 414.0325382708823 21.051679223653608
 419.3424758902291 21.0648943004832
 424.71171087198286 21.077018674499463
 430.14094913712466 21.08804002137683
 435.6308966066354 21.09796726562692
 441.18225920149627 21.106825055900885
 446.79574284268824 21.114694987733554
 452.4713475302113 21.121702641752773
 458.20977918504644 21.12796786140032
 464.0124496491558 21.13358286662964
 469.8800648435205 21.1386343526965
 475.81191884715935 21.143203065182238
 481.81012942301544 21.1473387263659
 487.87540249206995 21.151086383782342
 494.00703213334174 21.154500859431536
 500.2071361097739 21.1576002148251
 506.47571442136655 21.160356189009555
 512.8134729891007 21.162745620752364
 519.2211177339572 21.16477998442561
 525.6993545769172 21.166505390006012
 532.249595359943 21.167989408795854
 538.8718400830342 21.16930024956254
 545.5667946671721 21.17049613411999
 552.3358709543187 21.17161361046818
 559.1790689444739 21.172659690723393
 566.097094558619 21.173628425211206
 573.0913596387157 21.174528738443243
 580.1625701057454 21.17538655400089
 587.3107259597078 21.17625350655853
 594.5372390425653 21.177198442348683
 601.8428152752986 21.17826152167365
 609.2281605788888 21.179448056742736
 616.6946867952983 21.180755710183842
 624.2416880035457 21.182179807252787
 631.8712819665742 21.183710573484465
 639.5841746053648 21.185322722762603
 647.3803659199176 21.186940396738414
 655.2619736731757 21.188440777132897
 663.228291944158 21.18970572041124
 671.2814384958076 21.19065596841069
 679.4221192491057 21.191251360828954
 687.650334204052 21.191504009503227
 695.9674952026087 21.191457262061395
 704.374308165757 21.191121955410424
 712.874302698402 21.19051211378287
 721.45830182779 21.189677034481022
 730.1411298945229 21.188642853574642
 738.9157276887906 21.187427632575343
 747.7891544204031 21.186094693017974
 756.7472916697399 21.18470693146063
 765.8113170662319 21.18321845041498
 774.9671121902585 21.181514931136892
 784.22173625163 21.17962335964961
 793.5751892503465 21.177765786301844
 803.0274711864079 21.17619315986089
 812.5785820598143 21.17501554930343
 822.2355810803758 21.174138184815565
 831.9984682480928 21.173399575234594
 841.8531251433442 21.17278038411867
 851.8207293955613 21.172326296467773
 861.8942217949336 21.171998001933076
 872.0736023414613 21.17177595158437
 882.3518118253339 21.17168543153791
 892.7500278759825 21.171730266584394
 903.2470728639761 21.171939567630783
 913.8641244187454 21.17234669535148
 924.5870641206703 21.172935925606954
 935.4229511795605 21.17362566286237
 946.3717855954166 21.17434047374568
 957.4335673682383 21.175146654628936
 968.615355707836 21.17611241427954
 979.9100914043992 21.17731488597652
 991.3248336677385 21.1788471396268
 1002.8595824978538 21.18051729823049
 1014.5072786849347 21.181946282531992
 1026.2820406486019 21.183131330182473
 1038.1697499692348 21.18427196776321
 1050.1915842762644 21.18539560627419
 1062.3263659402596 21.18660700248279
 1074.5952725906513 21.18811736983076
 1086.9841858078191 21.18997983041108
 1099.5001648015734 21.191983383270394
 1112.1502687817242 21.194058544711055
 1124.920379328651 21.19605572291921
 1137.8246148619746 21.19773820584847
 1150.862975381695 21.199218187359243
 1164.0284016780015 21.200511179102683
 1177.3350121705153 21.201284424288286
 1190.768688439615 21.20125382596272
 1204.343548904922 21.200432983381802
 1218.0525343566258 21.199170164987176
 1231.895644794726 21.197792602871694
 1245.8869986388438 21.196359156314383
 1260.0124774693584 21.195146697663915
 1274.27914049608 21.194288457129527
 1288.6869877190084 21.193894291199523
 1303.2430783479542 21.194352841106234
 1317.9403531731073 21.195786075175175
 1332.7858714042775 21.19782341368563
 1347.7796330414653 21.199437262870745
 1362.9216380846703 21.199725609591507
 1378.211886533893 21.1990494715919
 1393.6503783891328 21.198219704499355
 1409.2371136503903 21.19766171003456
 1424.9862107372858 21.19775966717404
 1440.8835512301985 21.198677191964205
 1456.936194338939 21.200021818382034
 1473.1441400635074 21.200969304032654
 1489.5073884039034 21.200450407428303
 1506.0329985699377 21.19778155347635
 1522.7209705616099 21.193800583827482
 1539.5642451691099 21.190644706526978
 1556.569881602248 21.189437985062558
 1573.7449390708346 21.190461116573594
 1591.0752991552488 21.19296465457215
 1608.5821394849218 21.195183245663895
 1626.2442824304226 21.196447338988747
 1644.0829056211824 21.19694583670939
 1662.08389063758 21.196835130267594
 1680.2542966894264 21.19612818145405
 1698.6011829865313 21.1947093965944
 1717.1174903190845 21.192955305083785
 1735.8102778968969 21.19143962552652
 1754.6724865101576 21.189589914248515
 1773.7182345784875 21.186713884133894
 1792.9334036822659 21.184017406693588
 1812.332112241113 21.182442655368916
 1831.9073010452194 21.181641786694957
 1851.6589700945842 21.180727236741998
 1871.5941785990185 21.180201115533
 1891.7199857683324 21.18021004004462
 1912.0222731829049 21.179920630882
 1932.5081000525463 21.17956513783569
 1953.1774663772574 21.180152030719075
 1974.0374313668476 21.181055956253438
 1995.0879950213173 21.181816027159975
 2016.3220981308564 21.184258580995774
 2037.753859115085 21.18886341650475
 2059.3691595543833 21.193346921153328
 2081.1821178683713 21.19611628210522
 2103.1856748472383 21.19796153112741
 2125.379830490985 21.200569825893346
 2147.7787032192323 21.203787962286842
 2170.368174612359 21.208136536819218
 2193.1553038801753 21.2122622110494
 2216.1400910226816 21.215068969954757
 2239.322536039878 21.21890714741766
 2262.709698141574 21.224145410763477
 2286.2945181179603 21.229588725388243
 2310.0840551788465 21.234661460292298
 2334.0783093242335 21.239025333987456
 2358.2702213443094 21.24218376114843
 2382.673909658697 21.24462312765865
 2407.282315057584 21.245711493099883
 2432.0954375409715 21.24506871577467
 2457.1203363186696 21.243921066077657
 2482.3499521808676 21.242926620496835
 2507.7842851275664 21.242097278381035
 2533.4374535783854 21.2407390527074
 2559.3023983235153 21.23838106924364
 2585.3720601531454 21.236051134244985
 2611.6605574868963 21.23444812196684
 2638.1608311149585 21.23352932224644
 2664.87288103733 21.233111570107145
 2691.803766463823 21.232982377176988
 2718.9464281846267 21.23302614978161
 2746.307925409552 21.233240975525675
 2773.8811989287865 21.233624517037082
 2801.680367161953 21.234136614013533
 2829.69131168943 21.234725844269008
 2857.9281509308385 21.235353109943063
 2886.3838256763675 21.235999074593852
 2915.051276716207 21.23665651361673
 2943.944622469978 21.23732223968611
 2973.0638629376804 21.23799497787177
 3002.4019389095033 21.238673665731845
 3031.9588503854475 21.239357453312845
 3061.741656575323 21.240045490661288
 3091.750357479129 21.240737352800423
 3121.977893887057 21.24143261475351
 3152.431325008916 21.24213106403218
 3183.1106508447056 21.24283227565968
 3214.0088121846165 21.24353624963602
 3245.1399274482687 21.24424277347282
 3276.4898782160426 21.244951634681716
 3308.072782907557 21.245663045751073
 3339.8745231031935 21.24637679419252
 3371.9021580127605 21.24709288000606
 3404.1627468460697 21.247811515680066
 3436.6421711834996 21.248532488726163
 3469.3545494446707 21.249255799144347
 3502.2928224197735 21.249982509376487
 3535.456990108807 21.250709219608627
 3568.8470525117723 21.251440179608206
 3602.463009628669 21.252173264491503
 3636.304861459497 21.252910599142243
 3670.379667214066 21.25364793379298
 3704.6733084727566 21.254389518211156
 3739.1999036551883 21.255135352396774
 3773.9453343417413 21.25588118658239
 3808.923718952036 21.256631270535443
 3844.120939066451 21.25738560425594
 3879.551113104608 21.25814206286016
 3915.2001226468856 21.258900646348092
 3951.0820861129055 21.259663479603464
