 0. 0.
 0.23242043961256936 0.23242043961256934
 0.6999937738100791 0.7000228635754251
 1.173068356907347 1.1723924807589243
 1.6517110056926296 1.6480677108843864
 2.135974470261919 2.124970939723067
 2.6259408063200893 2.6007025754330892
 3.1216686250849115 3.0728692707109735
 3.6232223988959293 3.5393429431733705
 4.130672461214466 3.9984109513870933
 4.644089145501844 4.448822852130003
 5.1635486463411615 4.889767623181273
 5.689103713828411 5.320808658700346
 6.220818820303137 5.741805968420641
 6.758811188200878 6.152839912385497
 7.303133567617624 6.554145428556011
 7.853844569771145 6.946059056604127
 8.411002805879209 7.328981061204306
 8.974784109595122 7.703347792273403
 9.545129869701116 8.069615049929842
 10.122157308632726 8.42824324091874
 10.705983648825493 8.779682023189602
 11.296667501497181 9.124360324871843
 11.89432608908333 9.462680713953265
 12.49895941158394 9.795022981211943
 13.110684691434546 10.121745419834737
 13.729619151070686 10.443186360959519
 14.35582140171013 10.759662638132959
 14.989350054570647 11.071477520945358
 15.630322332087774 11.378924297962536
 16.278855456697045 11.682279110862076
 16.93494942839846 11.981789949714027
 17.59878008084533 12.277664112719359
 18.27034741403765 12.570069229904778
 18.949885872846497 12.85914861854503
 19.6373368460541 13.14503689450889
 20.332817556096 13.427864834809563
 21.0365038366255 13.707755794672812
 21.748454298860366 13.984820077215442
 22.468727554018372 14.259145976115654
 23.19749943575282 14.530796192681139
 23.934769944063717 14.799809627315046
 24.680656301386588 15.066202659134492
 25.435334341374748 15.329968378199434
 26.198862675245962 15.591081703986804
 26.971299914217994 15.84951269342312
 27.752821891944162 16.1052360100616
 28.543487219642227 16.358224525989527
 29.343413119747723 16.60843550194818
 30.152716814696188 16.85580572478245
 30.97151552692317 17.100250227822304
 31.799867867646427 17.341660499416875
 32.63794967051927 17.579918302814498
 33.48581954675946 17.814918709296155
 34.3436533300203 18.04658238251334
 35.211509631519576 18.27483766382867
 36.08950567369282 18.499586022615766
 36.97775867897556 18.720690795616207
 37.8764444810211 18.938002011538924
 38.78568030226499 19.15139605923445
 39.70552475392499 19.360778758779382
 40.63609505843664 19.566070006054094
 41.57756704945324 19.76720249312418
 42.53005794941034 19.964133736654645
 43.49368498074346 20.156846333833546
 44.46856536588815 20.345331071407507
 45.45487493849772 20.529561845158632
 46.45267230978992 20.709481072253315
 47.46213331341807 20.885006089334876
 48.48343378303547 21.056071124011154
 49.516632329859895 21.222658005699103
 50.56190478754464 21.384790535303274
 51.61936837852526 21.54251912979354
 52.689198936455035 21.695895485758285
 53.77151368376952 21.844933423077574
 54.86648845412203 21.989615538939475
 55.974181858730304 22.129946184046975
 57.09482834246543 22.265970656895835
 58.22860373898073 22.39774039815074
 59.37550804827618 22.52527460208956
 60.53601016009395 22.64860142031984
 61.70999285199849 22.767834227042837
 62.89745612398979 22.883054150073015
 64.09898608824557 22.994238156276925
 65.3139966325881 23.101353231496642
 66.54365998137278 23.204399887579573
 67.78739002242193 23.30335202030782
 69.04577286791321 23.39818889986128
 70.31880851784663 23.488875720616093
 71.60708308439989 23.575403013395174
 72.9100104553953 23.657858815953016
 74.22759063083284 23.736410758316318
 75.56099583506789 23.81125334250081
 76.91022606810046 23.882584909377783
 78.27469521775286 23.950624529638638
 79.6549893962028 24.015589738432535
 81.0516947156279 24.077676829241135
 82.46422506385053 24.137066484200094
 83.89375266522605 24.193898693575992
 85.33969140757678 24.248329314905114
 86.8020412909027 24.300549011347613
 88.2813884273815 24.35069035138262
 89.77831892919089 24.39882704103715
 91.29224668415316 24.445007705815136
 92.82434391662366 24.489296326642798
 94.37402451442478 24.531779405732397
 95.94128847755644 24.572516573307173
 97.52672191819637 24.61154775346509
 99.13091094852223 24.64894281337758
 100.75385556853405 24.684778274232418
 102.39496966605412 24.719100714143888
 104.05601157761551 24.751950057209957
 105.73522296668514 24.783409478634717
 107.43494828197379 24.813622039769207
 109.15342918694837 24.84275716210607
 110.89242401814197 24.870970703181595
 112.65134666337688 24.89840214141494
 114.4307832348308 24.925183533437846
 116.2307337325037 24.951394727446235
 118.0511981563956 24.977054661794273
 119.89334873086189 25.002150284373002
 121.75601323154716 25.02665702650676
 123.6409499949845 25.05051807313306
 125.54698679681853 25.07365408790338
 127.47588197358229 25.09603871067611
 129.42646330092043 25.11767578030683
 131.39931689101064 25.13856529679554
 133.39561496820826 25.158740018376466
 135.41477142033565 25.178193802880692
 137.45678624739276 25.19689056506582
 139.522831673735 25.214835679329664
 141.61232158718465 25.23204859587379
 143.72642821209712 25.24853903979898
 145.8645654362947 25.26431136180823
 148.02731937195506 25.279353021639988
 150.21469001907826 25.29363074921262
 152.42784960201962 25.30713558719646
 154.66562589642376 25.31991104262133
 156.92977723882376 25.332018281252715
 159.22030362921964 25.343508487831585
 161.5366189554337 25.354429264167052
 163.8793093296436 25.36480697040072
 166.24954697620473 25.374628810347353
 168.6467457829394 25.383882499669106
 171.0714918620253 25.392600028829094
 173.52378521346245 25.40083360626312
 176.00479806160618 25.408613942815766
 178.51394429427884 25.415946924732246
 181.05181002365808 25.42284586004522
 183.61839524974394 25.42935630317416
 186.21487219689178 25.435539675808233
 188.84124086510155 25.441438205358754
 191.49691514219563 25.44706264062133
 194.1836533647071 25.45241119013002
 196.9008694204582 25.457487948664113
 199.6491494216266 25.462300082087335
 202.4290794803901 25.466844519315234
 205.24065959674857 25.471092085045452
 208.08388977070211 25.474991850460707
 210.95994222660602 25.478498261141535
 213.86940307663804 25.48159033134413
 216.81110009644277 25.48426575775515
 219.78679162255327 25.486534777322785
 222.79647765496955 25.48842682127311
 225.8401581936916 25.489992306575974
 228.91841935089707 25.491292398996865
 232.03184723876373 25.49238391359826
 235.1810279694692 25.49331726735003
 238.36537543083585 25.494131360655317
 241.58606184721899 25.494840525241592
 244.84367333079632 25.49544373741404
 248.13820988156786 25.495950210426034
 251.4696714995336 25.496384768876954
 254.83981652122662 25.496774028832107
 258.2474727222915 25.497133857561195
 261.69381232708366 25.497463743216812
 265.1788353356031 25.497747050758132
 268.7037139722051 25.497965353678413
 272.2684482368898 25.498109694647976
 275.87362424183476 25.498179561819416
 279.5198280992177 25.498180073666823
 283.20647369686105 25.49811941974876
 286.93531937129774 25.498011675869
 290.70577901035006 25.49787654815281
 294.5190248383735 25.497728112403973
 298.37505685536803 25.497565856775065
 302.2744611735112 25.497382103554948
 306.2178239049809 25.497173013888045
 310.20573116195465 25.49693935554547
 314.23818294443254 25.496695716178408
 318.3163514767699 25.496480484342587
 322.44023675896676 25.496337167067843
 326.60983879102315 25.496267299896406
 330.82691590947206 25.496225584332507
 335.0908820021358 25.496165442261855
 339.4029092933698 25.49608610591334
 343.762997783174 25.496042854807207
 348.17173358372617 25.496117072681628
 352.6297028072039 25.496342797389353
 357.1374915657849 25.49666244609677
 361.6956859716469 25.496964947915963
 366.30487213696756 25.497135393103424
 370.96563617392457 25.49709342161582
 375.67797808251794 25.496824189878268
 380.44248397492527 25.496349451405678
 385.26032607550206 25.49568404977294
 390.132090496426 25.494884544118836
 395.05719112551924 25.49411958816489
 400.03738629931496 25.493609020373615
 405.07326212999084 25.493462632014413
 410.16423250536917 25.493643058226365
 415.312055761983 25.494102185352954
 420.5167318998324 25.494751463792287
 425.778847031095 25.495343671245426
 431.0989872679484 25.495603433805897
 436.4777387225704 25.495510021653608
 441.9162736193164 25.49533829684762
 447.41459195818635 25.495338040923915
 452.9732798513579 25.49552947185518
 458.59350952318647 25.495843234317388
 464.275280973672 25.496213811842082
 470.0191803149923 25.49663890111592
 475.8263797715026 25.497267961582562
 481.69746545538067 25.49825787447311
 487.63243736662645 25.49961324641426
 493.6324677295954 25.501239897482602
 499.69814265646505 25.502952282992084
 505.8300482594133 25.50450676357564
 512.0293567627954 25.505694249566375
 518.2954820544336 25.506312049390004
 524.6301824708611 25.506259840954204
 531.0340441242555 25.505652534002476
 537.5070670146168 25.504692308261696
 544.051009478478 25.503606423981804
 550.6652854036616 25.502629051352795
 557.3516531267005 25.50181495804751
 564.1106987597725 25.500996002191833
 570.9424223028775 25.500091311895012
 577.8479959803709 25.499175105031473
 584.8280059044304 25.498422945262774
 591.8853826359444 25.497868358594257
 599.012506716603 25.497227525637186
 606.2216865021376 25.496126285935006
 613.5070608707713 25.49429028927606
 620.8744909442811 25.49176278676647
 628.3122544791131 25.488774109740657
 635.837934840598 25.4857362953635
 643.4398097851821 25.483289152897253
 651.1237404346421 25.481559364575837
 658.8897267889781 25.480119537812072
 666.7377688481902 25.478823028323053
 674.6678666122783 25.478137152793924
 682.6858812030191 25.478494422285962
 690.791812620413 25.479504041301787
 698.9739386209059 25.480395935413362
 707.2498425698285 25.481013991160694
 715.613663345404 25.48158777210708
 724.0654009476324 25.48236552424627
 732.5991942547369 25.48387777741852
 741.2326266320478 25.486343090467816
 749.9481147142347 25.48912600483489
 758.7632418666282 25.49155907149737
 767.6662858456747 25.493601086738764
 776.6631077731506 25.495801262829787
 785.7537076490564 25.49836945720845
 794.9380854733921 25.501353783531282
 804.2221023679342 25.505240240913885
 813.599897210906 25.50946656497659
 823.0773311240845 25.512807648944055
 832.6544041074694 25.51492772091544
 842.3252550392842 25.516043036421394
 852.1016061630824 25.51608372829047
 861.9717352353101 25.515124782168215
 871.9532256212983 25.514149968776252
 882.0284939557162 25.513737419763952
 892.2151236038943 25.513706452995663
 902.5013923222791 25.513510927285118
 912.8931612326472 25.51325602727504
 923.3962914567757 25.514230328819593
 933.9990607511107 25.516492950294605
 944.713191359206 25.519321930928562
 955.5386832810617 25.522428844706045
 966.4696753949007 25.524546613364087
 977.5178899442769 25.524460367075534
 988.6716046856365 25.52297600958712
 999.9425418625333 25.521378533821135
 1011.3248403531904 25.519542025314777
 1022.8185001576077 25.518129582387438
 1034.435243519339 25.51846816944902
 1046.1633481948309 25.518975666155836
 1058.0086753058595 25.517577810879676
 1069.9712248524254 25.51514653568313
 1082.0568579563055 25.51404068935426
 1094.2597134957225 25.515409881175472
 1106.5856525924537 25.516956428124182
 1119.0346752464989 25.516807736451632
 1131.6067814578578 25.515524023147858
 1144.301971226531 25.51335481382513
 1157.120244552518 25.51159764166729
 1170.0616014358193 25.510593397049263
 1183.137764119988 25.51049793750734
 1196.337010361471 25.511655992272008
 1209.6652012820446 25.512132778134234
 1223.1223368817093 25.513888670673552
 1236.7084171604647 25.514376717178795
 1250.4293032400878 25.51209183034145
 1264.284995120579 25.510485141322093
 1278.2696316801605 25.512606748835708
 1292.38907404061 25.515588259997788
 1306.649183323704 25.514051438149867
 1321.038237285889 25.509803872419653
 1335.5738192924953 25.50887256605752
 1350.2383459781925 25.509793635471457
 1365.0494007083112 25.509110319179374
 1379.9952612392974 25.508097117231678
 1395.0817886929285 25.509670024321988
 1410.314844190981 25.514039153812032
 1425.6885666116777 25.516035870557655
 1441.2088170767963 25.51311987586403
 1456.8697344645593 25.506834389671702
 1472.6830410185205 25.49989425064224
 1488.6370144951263 25.493938650105523
 1504.7433771379303 25.49026460939799
 1520.996267825156 25.489013398404737
 1537.395686556803 25.487013098727243
 1553.9474944546482 25.48483621169337
 1570.6575526404688 25.48448482844654
 1587.5141388707107 25.486083839754752
 1604.5231142671505 25.486725952330346
 1621.6844788297892 25.4868019616707
 1639.0040936804028 25.489709766805767
 1656.4819588189914 25.491578521698944
 1674.1122131237787 25.492984054686254
 1691.9065788383175 25.491224579215068
 1709.853333719055 25.49208089993166
 1727.9642000095446 25.49449298085034
 1746.233316588009 25.497850699858617
 1764.6606834544484 25.502850169433827
 1783.2580228524173 25.513136254981145
 1802.0136125383608 25.52271292001848
 1820.9333136340565 25.533643165531032
 1840.0171261395042 25.544343591556583
 1859.2650500547038 25.557873765987203
 1878.6829465014325 25.569130058299795
 1898.264954357913 25.57838912201935
 1918.0169347459223 25.58345436398672
 1937.938887665461 25.58466309164496
 1958.0249519947508 25.58228811966349
 1978.2868499773472 25.576148254059248
 1998.718720491472 25.567763937563043
 2019.3205635371257 25.5604800929979
 2040.0982402360853 25.555806926146435
 2061.0458894665735 25.55319445696682
 2082.163511228591 25.551760516448272
 2103.4628277656902 25.550930555873283
 2124.937977956096 25.550464774730365
 2146.5831006780304 25.550311732354835
 2168.409918175047 25.55046016810368
 2190.41256932537 25.55081283096903
 2212.591054128998 25.55127016662968
 2234.9512337077094 25.551787900284697
 2257.487246939726 25.552347861351013
 2280.2049549468256 25.552940324727857
 2303.09849660723 25.55355838047519
 2326.1795941644946 25.554195886424093
 2349.4365253750652 25.5548492596427
 2372.8810124824945 25.555514917199144
 2396.507194365007 25.55619055578008
 2420.3092099008245 25.556874127995865
 2444.298781333502 25.557564098304276
 2468.475908663039 25.55825918708678
 2492.834730767658 25.55895862657227
 2517.37524764736 25.55966164898963
 2542.1033204239216 25.560367486567742
 2567.018949097342 25.56107613930661
 2592.1162725458453 25.56178709535882
 2617.4011518912084 25.562500354724374
 2642.8735871334306 25.56321514963216
 2668.5277171507355 25.563931991929582
 2694.3752641866763 25.564650369769236
 2720.4045059977 25.56537053907482
 2746.62716482736 25.56609224392264
 2773.031518432103 25.566815484312684
 2799.6234279337045 25.567540516168666
 2826.408754453943 25.568267083566873
 2853.375775749264 25.568995698354723
 2880.536214063221 25.569725592761095
 2907.884208274038 25.570457534557107
 2935.4197583817136 25.571191267819056
 2963.142864386249 25.571927048470638
 2991.0535262876447 25.57266462058816
 3019.151744085899 25.573404496019027
 3047.4433789027894 25.574146162915824
 3075.916708494763 25.574890133125965
 3104.583455105372 25.575636406649455
 3133.4318964910644 25.576384983486285
 3162.473754895393 25.577136119560162
 3191.6973080748035 25.577889558947387
 3221.1142782728507 25.578645557571658
 3250.7129432459806 25.579404371356684
 3280.5050252377473 25.580165744378764
