 0. 0.
 0.27009259871575525 0.00003945593053695808
 0.8134531445184834 0.0006288387122660446
 1.3632066160638645 0.0028357559257454557
 1.9194306602232667 0.007849671603764152
 2.482186577158297 0.0167890865081345
 3.051569722675898 0.030524708719803065
 3.627648208066745 0.04954602009538135
 4.210496955750577 0.07390941677909223
 4.800197699276206 0.10326827190519713
 5.396832172192438 0.13696002434821383
 6.00048891917715 0.17411834448400038
 6.611229240391948 0.21378404255527975
 7.229128058256575 0.2549982712485214
 7.854321595352376 0.2968707636393836
 8.48687115184096 0.338622807471331
 9.126844839013 0.37960874194124716
 9.774310768159168 0.4193208869601239
 10.429473273151489 0.45738277144855194
 11.092264242699288 0.49353499185693356
 11.762819899383913 0.5276170674700655
 12.44127646578671 0.5595485963547756
 13.127702053198355 0.5893112023043823
 13.822232884200195 0.6169327631337463
 14.524868958792231 0.6424745328651406
 15.235746499555809 0.666021061341907
 15.955001729072277 0.6876731524274705
 16.68270275863231 0.7075424138443029
 17.41891769952658 0.7257469163376985
 18.16378277433644 0.7424057917462504
 18.917434205643232 0.7576341204614097
 19.67987199344696 0.7715392658324511
 20.45130047161964 0.7842205365458786
 21.231719640161277 0.7957711158859679
 22.02140194423457 0.806280280384394
 22.820279272548834 0.815833013968121
 23.628487847685427 0.8245084163194538
 24.446232003516368 0.8323799440336059
 25.273579851332325 0.8395170987216761
 26.110599502423984 0.84598533054762
 26.957495290663353 0.8518439642731666
 27.814267216050446 0.8571462474893305
 28.681051501166596 0.8619408940248487
 29.558052479883838 0.8662733861970462
 30.44533826349284 0.8701848654870245
 31.34297696328427 0.8737110232148477
 32.25117291313016 0.8768824863916527
 33.16999422432118 0.8797279045365177
 34.09957711943868 0.882274576686141
 35.040057821063996 0.8845485960893801
 35.99157255177849 0.8864534080803597
 36.95418942287284 0.8883804451504038
 37.928112768219044 0.8899863616272481
 38.91341069910779 0.8914072620179205
 39.91028754941111 0.892649705808271
 40.918811430419666 0.8937191913908499
 41.93911856471481 0.8946248345217276
 42.97134517487789 0.8953768120502739
 44.015695594780915 0.8959805259060122
 45.072306047005256 0.8964361690149966
 46.14124464284156 0.8967446095444721
 47.222647604871206 0.8969114905815301
 48.31671926696619 0.8969472301331082
 49.423595851707866 0.8968627285212799
 50.543413581677584 0.8966653169361128
 51.676308679456696 0.8963624230307012
 52.82248547891722 0.8959686609536663
 53.98201209134984 0.8955059278121825
 55.15509285062656 0.894995831324343
 56.341932090619395 0.8944535161854184
 57.54259792261905 0.8938802846462758
 58.75729468049752 0.8932620048734302
 59.986158586836176 0.892582567541339
 61.229393975507016 0.8918361366368568
 62.4871370690914 0.8910244967259865
 63.75959220146136 0.890150831088626
 65.04682748390755 0.8892221332942473
 66.34911536159265 0.8882522940187672
 67.66666016838873 0.88725530040113
 68.99946190429577 0.8862400752713517
 70.34806545963914 0.8852086443530037
 71.71233461183752 0.8841488533046586
 73.0922693608909 0.8830366346010298
 74.488550819706 0.8818518274694319
 75.90049787537613 0.880580589465462
 77.32947275371471 0.8792066183375229
 78.77479434181505 0.8777093674608206
 80.23714375258385 0.8760715217219728
 81.71652098602112 0.8742909107028674
 83.21360715503363 0.8723873575555939
 84.7277211467146 0.870396842989299
 86.25886296106405 0.8683531772950159
 87.80839482389545 0.8662731450394782
 89.37631673520882 0.8641625340043176
 90.9619475820974 0.8620241898488368
 92.56596847746795 0.8598519389392948
 94.18906053422717 0.8576310224325298
 95.83054263946835 0.8553472602635432
 97.49177701900496 0.852989076869071
 99.17208255993027 0.8505507809305084
 100.87145926224427 0.8480187756103504
 102.59058823885371 0.8454573401682347
 104.33015060266533 0.8427976615822454
 106.08946524077237 0.8400238190035636
 107.86989437898832 0.8370957320443871
 109.67075690440646 0.8339886579382391
 111.49205281702676 0.8307004744985209
 113.33446322975597 0.8272487862276968
 115.19866925550082 0.8236618567927367
 117.08467089426134 0.8199734000216475
 118.99178703313078 0.8162158274915686
 120.92206101082932 0.8123975797173802
 122.87344948863678 0.8085194766348137
 124.8486769181801 0.8046062127788322
 126.8456999607391 0.8006791547099609
 128.86656195503394 0.7967288008200207
 130.91058178815794 0.7927277556092861
 132.9784405730178 0.7886458743817572
 135.0701383096135 0.7844645397731838
 137.18567499794509 0.7801792180212875
 139.326412863826 0.775809298194536
 141.4909896814428 0.771375568075291
 143.68144878951568 0.7668529472764799
 145.89642796223117 0.7622203586266597
 148.13797053830947 0.7575216928032067
 150.40471429193713 0.7528157922527137
 152.6973403360209 0.7480983643704702
 155.0172108963742 0.7433090233014481
 157.36364486009032 0.7383902770814357
 159.73664222716926 0.733332720565281
 162.13756522342453 0.7281576238504816
 164.56573273594935 0.7228958068742285
 167.02250699055722 0.7175765461652772
 169.5072068743414 0.7122012404375219
 172.02051350020858 0.7067500183073594
 174.56242686815884 0.7012198894209463
 177.1343092040056 0.6956313039400494
 179.7347982819354 0.6900254515772835
 182.36593744066846 0.6844312712408088
 185.02772668020478 0.6788074285234699
 187.71948488763763 0.6730752578265841
 190.44189317587373 0.6672120903387592
 193.1963137707266 0.6612103054808462
 195.98206555928942 0.6550145817067455
 198.799829654469 0.6485912534199636
 201.64960605626533 0.6419823302688469
 204.53275699049183 0.6352931981106124
 207.44860134424184 0.6286265900692294
 210.39782023042204 0.6220611235118667
 213.38041364903248 0.6156244350958174
 216.3977438258866 0.6093083877301071
 219.44981076098443 0.6029196274037532
 222.53593334141917 0.5965252380251316
 225.65815490591115 0.5900656878716358
 228.81579434155353 0.5835141119901901
 232.00953276125304 0.5768037097344577
 235.24005127791654 0.5699097383379615
 238.5073498915439 0.5628417476403947
 241.81142860213518 0.5555803968048032
 245.15364963550383 0.5481664414601795
 248.53469410455662 0.5406940777525855
 251.95319978348007 0.5331424696681457
 255.41121001099438 0.5254216172024816
 258.9087247870996 0.5175434335394524
 262.4457441117956 0.5095635296142398
 266.0229490979892 0.5015584488389275
 269.64102085858724 0.4935691397685628
 273.3006405064963 0.48549962169108024
 277.00112692880975 0.4771772450803954
 280.743842351341 0.46854897456415306
 284.52946788699677 0.4597249516268115
 288.3580035357772 0.450866703607419
 292.2294492976821 0.4420898366209247
 296.14584851143184 0.43336030886502935
 300.1058389512128 0.4245835142258055
 304.1107828428386 0.4156694526988744
 308.16068018630915 0.4065927593312336
 312.256893207438 0.39742694859591304
 316.3994219062251 0.3882476475062384
 320.5889473955772 0.3790663592782034
 324.826150788401 0.36983693117644373
 329.1103509717898 0.36054312365033003
 333.4435912844638 0.35118520679633836
 337.8251906135163 0.3417870214516417
 342.25651118476077 0.33239249687882727
 346.7375529981972 0.32301282761220185
 351.2689971667323 0.31367772908729463
 355.85152480327287 0.3043889762238063
 360.4858170207255 0.2950859468322921
 365.1718738190904 0.2857545669570835
 369.9110574241809 0.27643683177707257
 374.7033678359971 0.2671761255387429
 379.5488050545389 0.2580456829723456
 384.4494124185266 0.24900138671239036
 389.4045088150534 0.239937773731238
 394.4154564699328 0.23081090511999855
 399.4822553831648 0.2215703982395648
 404.60558666765615 0.21224347977936428
 409.7861314363136 0.2029128474926165
 415.0245708020439 0.1937402312907269
 420.3215858777537 0.18494849113008877
 425.67785777634987 0.1760583992407666
 431.09406761073905 0.16736629913942533
 436.57021538092124 0.15880238875493158
 442.10698219980316 0.1503451278933114
 447.7057302931984 0.1420454249171702
 453.36714077401365 0.13399105153495822
 459.09053252934217 0.12616679070413453
 464.8779488979041 0.11850872119972429
 470.73007099260633 0.11101633659083467
 476.6462177005419 0.10375477353658327
 482.62843236043125 0.0966779516488761
 488.6767149722743 0.08975580340213457
 494.7917466489778 0.08307217928275323
 500.9742085034484 0.07662185581780918
 507.2247816485929 0.07042991339437468
 513.5448283102248 0.06452351600090958
 519.9343484883442 0.058842687750251595
 526.3940232958577 0.053393351472270846
 532.9252149585786 0.04822212244254716
 539.5279234765072 0.04337833522939712
 546.2028299625503 0.038884409769602835
 552.9512966425211 0.034715097830424674
 559.7740046293264 0.030859290247335015
 566.6709539229664 0.02734493284162916
 573.6435067492544 0.024163178024452232
 580.6923442210971 0.021279419684795818
 587.8181474514013 0.01870380090997012
 595.0222786659806 0.016347597901446364
 602.3040567519281 0.014134583163554542
 609.665525047964 0.012173702521530739
 617.1073646669952 0.010544421734868097
 624.6295756090217 0.009163413629094614
 632.2342012127634 0.00795991003356473
 639.920560365314 0.006928714002687982
 647.6906964053934 0.006038536306646279
 655.5452904459086 0.005245157811455495
 663.4843424868593 0.004550540912709493
 671.509214754059 0.0039484769605885265
 679.6205883604148 0.003401722834309599
 687.8218688704601 0.0028967597711571213
 696.1042018164072 0.0024317278192721157
 704.4818905692979 0.002014682798982202
 712.9481240000647 0.0016580159166780138
 721.5097132377749 0.0013545281848710447
 730.1530360242939 0.0010994141531667305
 738.8985257468236 0.0008967859439516279
 747.7325601472295 0.0007444980265747291
 756.6619503545788 0.0006342038893759437
 765.6866963688717 0.0005554887086974484
 774.8067981901079 0.0004980867927214728
 784.0222558182877 0.0004558500077083857
 793.3398803824783 0.0004213238404337766
 802.7596718826799 0.00038593359594671074
 812.2680080607573 0.00034852250409444634
 821.8853223039131 0.0003144180779979119
 831.6048034830798 0.0002875074689716255
 841.4264515982574 0.0002688725677434641
 851.3434555203784 0.00025808649165600306
 861.376248636645 0.00025619949273413754
 871.5043975598552 0.00025822142561848966
 881.7483356772108 0.0002602664740771753
 892.0944407305776 0.0002584833357267571
 902.5495238490223 0.00024380393469103717
 913.1135850325454 0.0002244974819832583
 923.7866242811469 0.0002050020292662843
 934.5754527238939 0.0001848226102780921
 945.4732592317191 0.0001650078408253256
 956.4868549336901 0.00014690705055562538
 967.6162398298067 0.00012837017987885708
 978.8546027910016 0.0001066776080839286
 990.2155660754095 0.00008309590436429335
 1001.6855074248955 0.00006135754639350385
 1013.2848602266621 0.00004378196933263586
 1024.993191093507 0.000030405522861914448
 1036.830933412632 0.000020637077209814916
 1048.784464925903 0.000014003157112144376
 1060.8605967623869 0.00000972823793310156
 1073.066140051151 0.000007125573337024348
 1085.387472534061 0.000005808334044642709
 1097.8382164692514 0.000005275730803296618
 1110.4183718567224 0.0000047761747339763315
 1123.1211275674061 0.0000042751100311421326
 1135.9601058594378 0.000004004537268782189
 1148.9216844746825 0.000003892769900000474
 1162.019485671275 0.000003843563482815506
 1175.246698320148 0.0000037690632058790502
 1188.6033224213013 0.0000036563661746726854
 1202.1029802328699 0.0000035488779057776125
 1215.732049496719 0.0000034768346386069965
 1229.4973413419157 0.000003411700969843283
 1243.3988557684602 0.0000032862496936434123
 1257.4434039054202 0.000003074456821603013
 1271.6241746237276 0.000002836176890396162
 1285.9479790524506 0.0000026369783276501674
 1300.4148171915888 0.0000025058907650024495
 1315.0246890411418 0.000002547871824848868
 1329.7775946011104 0.000002590263888078399
 1344.6735338714939 0.000002759236484723626
 1359.712506852293 0.00000293804150949995
 1374.908135801642 0.000003064616933327373
 1390.246798461406 0.0000031923837887551415
 1405.7353059606526 0.0000032198507675834156
 1421.373658299382 0.000003215896603403901
 1437.1618554775937 0.000003211895027646517
 1453.1067086243556 0.000003180814302661721
 1469.2082177396676 0.0000030607325926394873
 1485.459571694462 0.000002854558740165066
 1501.8675816178063 0.0000026446235048709923
 1518.439058638768 0.0000025099426944600325
 1535.1603804992126 0.000002450354733361625
 1552.0519805863416 0.0000024048752134640858
 1569.0934255129534 0.000002341302220017459
 1586.30514866625 0.000002287431429615207
 1603.6735277880966 0.0000022690994994628794
 1621.2053740075607 0.0000022508979873233272
 1638.9074984537092 0.00000217005570043202
 1656.7730899974752 0.000001971474163439518
 1674.8089597679261 0.000001615608358344721
 1693.0082966359944 0.0000011729595908284363
 1711.384722859815 7.613158248205949E-7
 1729.9246161812525 4.5417244814123913E-7
 1748.6415988584424 2.3477281045744613E-7
 1767.5288597623173 5.58838435548521E-8
 1786.5863988928766 4.2881001032723014E-9
 1805.821027379188 2.684200107399275E-8
 1825.2395563503196 4.961153778345636E-8
 1844.8283635481355 1.762961275481524E-7
 1864.5942601017032 2.8561311357399584E-7
 1884.5372460110239 3.829351392091911E-7
 1904.6641324051636 4.187999432048756E-7
 1924.9749192841227 3.328817911148509E-7
 1945.4627955188344 2.3188235854833224E-7
 1966.1413833674328 2.83740970696126E-7
 1986.9970605717833 3.360436948056601E-7
 2008.0434493900214 5.327432574300739E-7
 2029.2737386930783 7.461459526999194E-7
 2050.6879284809547 8.998821659672158E-7
 2072.299641011786 0.0000010031949844983745
 2094.0952540274366 0.000001057333942116245
 2116.081578656974 0.000001078808251842677
 2138.2586149003982 0.000001139966341634837
 2160.62636275771 0.0000013305887624844881
 2183.1916333579757 0.0000016267929569596094
 2205.947615572128 0.0000019044945781872836
 2228.901120529235 0.0000020889636225317755
 2252.0521482292966 0.0000021061654883204423
 2275.3938875432445 0.0000019762170093294285
 2298.939960729215 0.0000017765757777516085
 2322.6835566581394 0.0000015513409275652738
 2346.624675330018 0.000001366153379045841
 2370.770127873918 0.0000011793852824593844
 2395.113103160773 0.0000010792497631181763
 2419.653601190582 0.000001033965822008287
 2444.40524422148 0.0000010157920912205687
 2469.3612211244 9.864176524924195E-7
 2494.514720770274 9.145077936884226E-7
 2519.8793654172373 7.894568872829506E-7
 2545.448343936223 6.235299177955445E-7
 2571.221656327229 4.481892613549706E-7
 2597.2061137193255 2.957512040993846E-7
 2623.3949049834428 1.7069324624662428E-7
 2649.79484124865 6.00506122463181E-8
 2676.3991113858783 -2.6607287307349234E-8
 2703.221337653263 -7.205661283042942E-8
 2730.24789779267 -8.583411350072707E-8
 2757.4924140622334 -8.51064740647879E-8
 2784.9480753328858 -8.437319542322019E-8
 2812.6080704755595 -8.171989786648024E-8
 2840.48602174839 -7.821358258335215E-8
 2868.581929151377 -7.37022286661183E-8
 2896.888981555453 -6.847488757578686E-8
 2925.4071789606182 -6.291068312501502E-8
 2954.1433324959403 -5.7307705360459676E-8
 2983.0974421614183 -5.1864007346418846E-8
 3012.262696827986 -4.670100709523054E-8
 3041.64590762471 -4.1887170205081054E-8
 3071.2470745515902 -3.745503461967558E-8
 3101.05938647956 -3.341297043588436E-8
 3131.096465666753 -2.975341350542943E-8
 3161.344689855036 -2.645872411684165E-8
 3191.817681302542 -2.3505337317206063E-8
 3222.501817751138 -2.086667754252875E-8
 3253.4039103298896 -1.851515057924857E-8
 3284.5307701678657 -1.6423470413176268E-8
 3315.868775006931 -1.45654989401463E-8
 3347.4315471052196 -1.2916741303661481E-8
 3379.2122753336653 -1.1454605862751312E-8
 3411.2109596922674 -1.0158495831847807E-8
 3443.427600181026 -9.009800599113054E-9
 3475.862196799941 -7.991810838975275E-9
 3508.5147495490123 -7.089603238811323E-9
 3541.392069557308 -6.289896286721008E-9
 3574.4805345666923 -5.580906059301444E-9
 3607.7937668353006 -4.952194292379195E-9
 3641.3181441049983 -4.3945319822898236E-9
 3675.06728863392 -3.899763469472556E-9
 3709.02757816393 -3.4606871619371513E-9
 3743.2126349531645 -3.0709443133935384E-9
 3777.6088367434877 -2.7249206309640722E-9
 3812.2298057930357 -2.2600420552923163E-9
