 0.27009259871575525 0.
 0.8134531445184834 2.1626697709548717
 1.3632066160638645 1.8384862902665857
 1.9194306602232667 1.6665895280282512
 2.482186577158297 1.5543126496184492
 3.051569722675898 1.471801275482681
 3.627648208066745 1.4074206461205556
 4.210496955750577 1.355677441635151
 4.800197699276206 1.3134272636374262
 5.396832172192438 1.2785683515546769
 6.00048891917715 1.2495617314339809
 6.611229240391948 1.2252249758692333
 7.229128058256575 1.204636294301514
 7.854321595352376 1.187072607017425
 8.48687115184096 1.1719646854228827
 9.126844839013 1.1588647982914018
 9.774310768159168 1.1474160910002054
 10.429473273151489 1.137333131684787
 11.092264242699288 1.1283836796635325
 11.762819899383913 1.1203778376332014
 12.44127646578671 1.1131586561883944
 13.127702053198355 1.1065998913504587
 13.822232884200195 1.1006071253658234
 14.524868958792231 1.0951179016920025
 15.235746499555809 1.0900941676171907
 15.955001729072277 1.0855133779945823
 16.68270275863231 1.0813633380835452
 17.41891769952658 1.0776349513794057
 18.16378277433644 1.074318800830799
 18.917434205643232 1.0713991335686055
 19.67987199344696 1.0688493061251065
 20.45130047161964 1.0666485429543233
 21.231719640161277 1.0647843365833691
 22.02140194423457 1.0632424504038724
 22.820279272548834 1.062010120661853
 23.628487847685427 1.0610748383642805
 24.446232003516368 1.0604209675691219
 25.273579851332325 1.060015350700915
 26.110599502423984 1.0598137426124536
 26.957495290663353 1.0597711974784347
 27.814267216050446 1.0598612134443757
 28.681051501166596 1.0600628607072315
 29.558052479883838 1.0603331376217673
 30.44533826349284 1.0606207994456416
 31.34297696328427 1.0608893545634515
 32.25117291313016 1.0611080853604706
 33.16999422432118 1.0612535377205927
 34.09957711943868 1.0613221986509525
 35.040057821063996 1.0613666952132437
 35.99157255177849 1.06148623270399
 36.95418942287284 1.0616820482636333
 37.928112768219044 1.0618960235764683
 38.91341069910779 1.0619931839675172
 39.91028754941111 1.0619079946589618
 40.918811430419666 1.0616367472674784
 41.93911856471481 1.0611565066576178
 42.97134517487789 1.0604577098996875
 44.015695594780915 1.0596027764959122
 45.072306047005256 1.0587252928664723
 46.14124464284156 1.0579700334562803
 47.222647604871206 1.057400795893737
 48.31671926696619 1.0569834583047484
 49.423595851707866 1.0566424031234203
 50.543413581677584 1.0563059627615456
 51.676308679456696 1.0559285188699579
 52.82248547891722 1.0554482656560835
 53.98201209134984 1.0547324645851879
 55.15509285062656 1.0535840703731707
 56.341932090619395 1.0518546636584971
 57.54259792261905 1.0495772997563697
 58.75729468049752 1.0469606047288285
 59.986158586836176 1.0442192670534898
 61.229393975507016 1.041444322321486
 62.4871370690914 1.0386702184600118
 63.75959220146136 1.035863672867155
 65.04682748390755 1.0327837987262098
 66.34911536159265 1.0290988520111854
 67.66666016838873 1.024721496031394
 68.99946190429577 1.0198820892982159
 70.34806545963914 1.014941398276111
 71.71233461183752 1.0103154616980878
 73.0922693608909 1.0063190153346009
 74.488550819706 1.0029593246125368
 75.90049787537613 1.0000570551378085
 77.32947275371471 0.9975427154994352
 78.77479434181505 0.9955330101931786
 80.23714375258385 0.9940476710109453
 81.71652098602112 0.9927178042991016
 83.21360715503363 0.9909251493829345
 84.7277211467146 0.9882430839075571
 86.25886296106405 0.9846862018956566
 87.80839482389545 0.9805719669124779
 89.37631673520882 0.9761946894391679
 90.9619475820974 0.9717920028823233
 92.56596847746795 0.9676529391103124
 94.18906053422717 0.96399078734589
 95.83054263946835 0.9607591255530974
 97.49177701900496 0.9576912529157587
 99.17208255993027 0.9544517616945128
 100.87145926224427 0.9506180644199307
 102.59058823885371 0.9459900766183633
 104.33015060266533 0.9405558687688687
 106.08946524077237 0.9349764471647176
 107.86989437898832 0.9298913590920902
 109.67075690440646 0.9257155186912992
 111.49205281702676 0.9225342923554641
 113.33446322975597 0.9199482675624487
 115.19866925550082 0.917467371992799
 117.08467089426134 0.9148114859673081
 118.99178703313078 0.911959024197798
 120.92206101082932 0.9092171759049659
 122.87344948863678 0.9066776597404812
 124.8486769181801 0.9038670362124116
 126.8456999607391 0.9005391879565603
 128.86656195503394 0.8971478172520878
 130.91058178815794 0.8942708739019626
 132.9784405730178 0.8919507104234865
 135.0701383096135 0.8897389965250293
 137.18567499794509 0.8872786231290248
 139.326412863826 0.8844197428836773
 141.4909896814428 0.8811638009164091
 143.68144878951568 0.877606028521321
 145.89642796223117 0.8736816269560005
 148.13797053830947 0.8694131999165406
 150.40471429193713 0.8652567670100819
 152.6973403360209 0.8617843101137604
 155.0172108963742 0.859066753375372
 157.36364486009032 0.8568209527466362
 159.73664222716926 0.8549544122443028
 162.13756522342453 0.8535629083350345
 164.56573273594935 0.8526127903114477
 167.02250699055722 0.8520671076944366
 169.5072068743414 0.852213079852104
 172.02051350020858 0.8533433379216839
 174.56242686815884 0.8551228358180029
 177.1343092040056 0.8565581101840689
 179.7347982819354 0.8566664213499601
 182.36593744066846 0.8554265649048256
 185.02772668020478 0.8537338579646971
 187.71948488763763 0.8522515862919641
 190.44189317587373 0.8511829511633358
 193.1963137707266 0.8506951557155517
 195.98206555928942 0.8506322246810734
 198.799829654469 0.8502488559913203
 201.64960605626533 0.8487254058757059
 204.53275699049183 0.8459277137771738
 207.44860134424184 0.842487609770171
 210.39782023042204 0.8385846592142787
 213.38041364903248 0.8335901741507048
 216.3977438258866 0.8274635694979677
 219.44981076098443 0.8217973682259668
 222.53593334141917 0.8173492575687447
 225.65815490591115 0.8145714623483158
 228.81579434155353 0.813144455762752
 232.00953276125304 0.812192806403899
 235.24005127791654 0.8110520083938425
 238.5073498915439 0.8104452292883956
 241.81142860213518 0.811198691667598
 245.15364963550383 0.8122469774692749
 248.53469410455662 0.8123733784737096
 251.95319978348007 0.812500921540116
 255.41121001099438 0.813997419151716
 258.9087247870996 0.8166381345184449
 262.4457441117956 0.8190995319347879
 266.0229490979892 0.8197166254380415
 269.64102085858724 0.8179913185176598
 273.3006405064963 0.8154888450928162
 277.00112692880975 0.8138878021273951
 280.743842351341 0.8132601118407012
 284.52946788699677 0.8127302818164711
 288.3580035357772 0.8111649392863476
 292.2294492976821 0.8076381118074202
 296.14584851143184 0.8022841831426216
 300.1058389512128 0.7964735663421184
 304.1107828428386 0.7917840113734317
 308.16068018630915 0.7880763404541208
 312.256893207438 0.7840087078975038
 316.3994219062251 0.7799800277678799
 320.5889473955772 0.7780278039186589
 324.826150788401 0.7786355561771908
 329.1103509717898 0.7802987273912795
 333.4435912844638 0.7818559458143666
 337.8251906135163 0.7830239202186033
 342.25651118476077 0.7838496677962709
 346.7375529981972 0.7846055054015185
 351.2689971667323 0.7857071077588833
 355.85152480327287 0.7874737581936521
 360.4858170207255 0.7899077319602721
 365.1718738190904 0.7924311474099643
 369.9110574241809 0.7933668771804104
 374.7033678359971 0.790668835003896
 379.5488050545389 0.784240697163614
 384.4494124185266 0.7761911788531497
 389.4045088150534 0.7685021312890442
 394.4154564699328 0.7633146650777145
 399.4822553831648 0.7619068389520488
 404.60558666765615 0.7625138347977789
 409.7861314363136 0.7624004430108615
 415.0245708020439 0.759606080449079
 420.3215858777537 0.755916886321325
 425.67785777634987 0.7522867304006384
 431.09406761073905 0.7506816446613702
 436.57021538092124 0.7491637964041202
 442.10698219980316 0.7476556843745507
 447.7057302931984 0.7461533007171957
 453.36714077401365 0.7448906914794118
 459.09053252934217 0.7437201424330344
 464.8779488979041 0.742001148136904
 470.73007099260633 0.7390655460236896
 476.6462177005419 0.7353523979896293
 482.62843236043125 0.7325607706316196
 488.6767149722743 0.7291866174266572
 494.7917466489778 0.7235079199913456
 500.9742085034484 0.718810705295155
 507.2247816485929 0.7156404969577266
 513.5448283102248 0.7129303489072382
 519.9343484883442 0.7125688523121811
 526.3940232958577 0.7145228133412262
 532.9252149585786 0.716550970090173
 539.5279234765072 0.7143577229846099
 546.2028299625503 0.7054082345283459
 552.9512966425211 0.6926845589469668
 559.7740046293264 0.6803920407948248
 566.6709539229664 0.6698479941321314
 573.6435067492544 0.660652435182857
 580.6923442210971 0.6484947147472203
 587.8181474514013 0.6293696894888906
 595.0222786659806 0.6138841538629756
 602.3040567519281 0.613474518461128
 609.665525047964 0.6278195310572551
 617.1073646669952 0.6579500322493904
 624.6295756090217 0.7129285342622167
 632.2342012127634 0.7888277205889104
 639.920560365314 0.8406286330889202
 647.6906964053934 0.7951418414546014
 655.5452904459086 0.6397483968032114
 663.4843424868593 0.4420639949838291
 671.509214754059 0.25319103953705274
 679.6205883604148 0.0636354341294289
 784.0222558182877 0.42368684631782927
 793.3398803824783 0.4087317434524448
 802.7596718826799 0.40095823656028373
 812.2680080607573 0.4092809697675671
 821.8853223039131 0.4333190480887743
 831.6048034830798 0.46967458337514434
 841.4264515982574 0.5227129968055302
 851.3434555203784 0.5863093090714926
 861.376248636645 0.5930472564572419
 871.5043975598552 0.48580447420556383
 881.7483356772108 0.5356240862268499
 892.0944407305776 0.6776324324157168
 902.5495238490223 2.5472271741378845
 945.4732592317191 2.2661641115044557
 956.4868549336901 3.822930787527264
 967.6162398298067 18.251001963446996
 1097.8382164692514 0.
 1110.4183718567224 0.
 1123.1211275674061 0.
 1135.9601058594378 0.
 1148.9216844746825 0.
 1162.019485671275 0.
 1175.246698320148 0.
 1188.6033224213013 0.
 1202.1029802328699 0.
 1215.732049496719 0.
 1229.4973413419157 0.
 1243.3988557684602 0.
 1257.4434039054202 0.
 1271.6241746237276 0.
 1285.9479790524506 0.
 1300.4148171915888 0.
 1315.0246890411418 0.
 1329.7775946011104 0.
 1344.6735338714939 0.
 1359.712506852293 0.
 1374.908135801642 0.
 1390.246798461406 0.
 1405.7353059606526 0.
 1421.373658299382 0.
 1437.1618554775937 0.
 1453.1067086243556 0.
 1469.2082177396676 0.
 1485.459571694462 0.
 1501.8675816178063 0.
 1518.439058638768 0.
 1535.1603804992126 0.
 1552.0519805863416 0.
 1569.0934255129534 0.
 1586.30514866625 0.
 1603.6735277880966 0.
 1621.2053740075607 0.
 1638.9074984537092 0.
 1656.7730899974752 0.
 1674.8089597679261 0.
 1693.0082966359944 0.
 1711.384722859815 0.
 1729.9246161812525 0.
 1748.6415988584424 0.
 1767.5288597623173 0.
 1786.5863988928766 0.
 1805.821027379188 0.
 1825.2395563503196 0.
 1844.8283635481355 0.
 1864.5942601017032 0.
 1884.5372460110239 0.
 1904.6641324051636 0.
 1924.9749192841227 0.
 1945.4627955188344 0.
 1966.1413833674328 0.
 1986.9970605717833 0.
 2008.0434493900214 0.
 2029.2737386930783 0.
 2050.6879284809547 0.
 2072.299641011786 0.
 2094.0952540274366 0.
 2116.081578656974 0.
 2138.2586149003982 0.
 2160.62636275771 0.
 2183.1916333579757 0.
 2205.947615572128 0.
 2228.901120529235 0.
 2252.0521482292966 0.
 2275.3938875432445 0.
 2298.939960729215 0.
 2322.6835566581394 0.
 2346.624675330018 0.
 2370.770127873918 0.
 2395.113103160773 0.
 2419.653601190582 0.
 2444.40524422148 0.
 2469.3612211244 0.
 2494.514720770274 0.
 2519.8793654172373 0.
 2545.448343936223 0.
 2571.221656327229 0.
 2597.2061137193255 0.
 2623.3949049834428 0.
 2649.79484124865 0.
 2676.3991113858783 0.
 2703.221337653263 0.
 2730.24789779267 0.
 2757.4924140622334 0.
 2784.9480753328858 0.
 2812.6080704755595 0.
 2840.48602174839 0.
 2868.581929151377 0.
 2896.888981555453 0.
 2925.4071789606182 0.
 2954.1433324959403 0.
 2983.0974421614183 0.
 3012.262696827986 0.
 3041.64590762471 0.
 3071.2470745515902 0.
 3101.05938647956 0.
 3131.096465666753 0.
 3161.344689855036 0.
 3191.817681302542 0.
 3222.501817751138 0.
 3253.4039103298896 0.
 3284.5307701678657 0.
 3315.868775006931 0.
 3347.4315471052196 0.
 3379.2122753336653 0.
 3411.2109596922674 0.
 3443.427600181026 0.
 3475.862196799941 0.
 3508.5147495490123 0.
 3541.392069557308 0.
 3574.4805345666923 0.
 3607.7937668353006 0.
 3641.3181441049983 0.
 3675.06728863392 0.
 3709.02757816393 0.
 3743.2126349531645 0.
 3777.6088367434877 0.
 3812.2298057930357 0.
 3882.111990024465 0.
 3917.373205206347 0.
 3952.8591876474534 0.
 3988.549503960581 0.
 4024.464587532933 0.
 4060.584004977306 0.
 4096.921378551837 0.
 4133.476708256523 0.
 4170.236371833231 0.
 4207.207180411028 0.
 4244.389133989915 0.
 4281.78223256989 0.
 4319.386476150955 0.
 4357.19505360404 0.
 4395.214776058216 0.
 4433.432021255346 0.
 4471.860411453566 0.
 4510.493135523806 0.
 4549.3301934660685 0.
 4588.364774151284 0.
 4627.603688708523 0.
 4667.0401260087165 0.
 4706.674086051862 0.
 4746.505568837964 0.
 4786.5345743670205 0.
 4826.7611026390305 0.
 4867.178342524927 0.
 4907.779482895644 0.
 4948.578146009315 0.
 4989.567520736872 0.
 5030.740795949249 0.
 5072.097971646446 0.
 5113.639047828464 0.
 5155.370835624367 0.
 5197.272901646955 0.
 5239.358868154362 0.
 5281.621924017522 0.
 5324.055258107367 0.
 5366.665681552964 0.
 5409.446383225246 0.
 5452.404174253279 0.
 5495.518621249863 0.
 5538.803346473132 0.
 5582.2515387940175 0.
 5625.863198212521 0.
 5669.631513599575 0.
 5713.556484955177 0.
 5757.638112279331 0.
 5801.869584442967 0.
 5846.250901446086 0.
 5890.782063288686 0.
 5935.4630699707695 0.
 5980.280299234201 0.
 6025.247373337115 0.
 6070.34385889231 0.
 6115.5833781579195 0.
 6160.95230887581 0.
 6206.4506510459805 0.
 6252.078404668431 0.
 6297.828758614095 0.
 6343.70852401204 0.
 6389.70407860413 0.
 6435.822233519433 0.
 6482.049366499814 0.
 6528.392288674341 0.
 6574.844188913947 0.
 6621.398256089563 0.
 6668.061301330256 0.
 6714.819702377895 0.
 6761.680270361543 0.
 6808.636194152135 0.
 6855.673851491537 0.
 6902.8068646378815 0.
 6950.007989074898 0.
 6997.345336093264 0.
 7044.7507944023055 0.
 7092.156252711346 0.
 7139.697933601733 0.
 7187.307725782794 0.
 7234.98562925453 0.
 7282.73164401694 0.
 7330.4776587793485 0.
 7378.359896123106 0.
 7426.242133466863 0.
 7474.2605933919685 0.
 7522.2109420264005 0.
 7570.297513242179 0.
 7618.384084457958 0.
 7666.538766964412 0.
 7714.693449470864 0.
 7762.848131977316 0.
 7811.070925774445 0.
 7859.3618308622445 0.
 7907.652735950045 0.
 7955.875529747173 0.
 8004.234546125647 0.
 8052.525451213449 0.
