 0.27211586229200235 0.9999634724717494
 0.8195467217809244 1.000269940781808
 1.3734183964173268 1.001114803535988
 1.9338091147252676 1.0025162853093281
 2.500780636065847 1.0043839581262217
 3.0744290305563275 1.0065715459778362
 3.6548229197090434 1.0089320836814406
 4.242037787187558 1.0113040874158443
 4.836155978806671 1.0135692570357893
 5.43725984038118 1.0156491025454686
 6.045438579877117 1.0175166884310005
 6.660753956655581 1.0191628352136701
 7.283281454380137 1.0205441163286766
 7.913158316075449 1.0216897467847434
 8.550446301102614 1.0226611204984588
 9.195214030973968 1.0234779056463952
 9.847530127201837 1.0241069946361165
 10.507600454323223 1.024638485516005
 11.175356390825794 1.0251148080408865
 11.850935179734208 1.025471079692959
 12.534474064073134 1.0257488104362356
 13.2260416653549 1.0259573004995162
 13.925775226604175 1.0261201380236005
 14.633674747820958 1.0262356478889367
 15.349877472029908 1.0262689484590186
 16.074520642255695 1.0262405096400953
 16.807672880010646 1.0261649936539636
 17.549402806807098 1.0260264627856772
 18.299847665669713 1.0258132210251016
 19.05914469962315 1.0255505630631279
 19.827293908667418 1.0252195912140383
 20.604501157339506 1.0248113320132393
 21.390766445639414 1.024304466092885
 22.186364259616475 1.0236938803469575
 22.991225977758354 1.022982285821156
 23.805488843089716 1.0221218519410786
 24.629358720147557 1.0211160773088077
 25.462904230444206 1.0199748773968496
 26.306193995492 1.0186770097537077
 27.159433879827926 1.0172266629550937
 28.022623883452 1.0156283759586802
 28.895901249388867 1.0138637239103587
 29.779471842175536 1.01194339619503
 30.673404283324334 1.009883031497476
 31.577767194347594 1.0076750069550346
 32.492766439782315 1.0053235792681392
 33.41847064114082 1.002836397538017
 34.35501704144779 1.0002085900933557
 35.30254288372786 0.9974421077467335
 36.26118541100573 0.9943833213001669
 37.23101324479371 0.991523789287479
 38.21223224962879 0.9883791526787097
 39.204911047023316 0.9851168779264815
 40.209255501514285 0.9817409418498214
 41.22533423461402 0.9782609083010684
 42.253284489347195 0.9746815408330194
 43.29324350873846 0.9710075919705653
 44.34541715732482 0.967244410583416
 45.40994267813094 0.963394690476978
 46.48688869266915 0.9594499835273612
 47.57639244396411 0.9554031840971123
 48.67865979655282 0.9512636821817929
 49.79382799345995 0.9470481672049861
 50.92203427771015 0.9427643420395502
 52.063415892328095 0.9384081926229375
 53.218178701850775 0.9339738348214927
 54.38639132779053 0.9294503872967108
 55.56825963468435 0.9248199816349414
 56.763989487069225 0.9200750788815574
 57.973649506457505 0.9152158630447152
 59.19744555738616 0.9102493846034205
 60.43551488287988 0.9051870988633033
 61.68806334747564 0.9000415760770312
 62.95522819419812 0.8948280724640754
 64.2372152875843 0.8895626354725912
 65.53409324914654 0.8842497359431684
 66.84613656493413 0.8788798190771298
 68.17355109948409 0.8734457474050781
 69.51633685279641 0.8679319736173532
 70.87504279696977 0.8623373944964621
 72.24953168897947 0.8566778886893794
 73.63980352882552 0.8509582705577768
 75.04654453163127 0.8452081200171315
 76.46906848227337 0.839424339692523
 77.90874781099846 0.8336063528999929
 79.36489630268323 0.8277585398566927
 80.83820017245101 0.8218608239112161
 82.32865942030176 0.8159070670828037
 83.83696026135885 0.8099037458645085
 85.36241648049894 0.8038443293874825
 86.905028077722 0.7976807839138889
 88.46616748327472 0.7914039386227163
 90.04583469715706 0.7850298775766358
 91.64334350424572 0.7785371314876507
 93.25938011966403 0.7719062921116168
 94.89463075853529 0.7651547440648805
 96.54840920573618 0.7582684004036095
 98.22208789151334 0.7512403489096712
 99.91498060074348 0.7440901240481442
 101.62708733342656 0.7367885556784132
 103.35909430468591 0.7294261867004741
 105.11168772964488 0.7219339294524388
 106.88418139318011 0.7143314849429605
 108.67794772553825 0.7065955747876751
 110.492300511596 0.6987031415156465
 112.32723975135335 0.6906281993002341
 114.1834516599336 0.6823834267306079
 116.06162245246009 0.6740042371298254
 117.96175212893282 0.6655197890511467
 119.88315447422848 0.656931877126758
 121.827888133717 0.6482698872155561
 123.79389446202842 0.6395497777892493
 125.78391831965604 0.6307774905253384
 127.79590106122991 0.6219377539491215
 129.83190133211997 0.6129958392399537
 131.89123291720293 0.6039634219599862
 133.97458203160207 0.5948499875704476
 136.0819486753174 0.5856753211584154
 138.21333284834893 0.5764390866349034
 140.37010698094326 0.5671297624833146
 142.55089864285384 0.5577105729576508
 144.75776647945054 0.548161177802134
 146.98933806048677 0.5384954909411392
 149.24767203133246 0.5287498223110944
 151.531395961741 0.51895335435672
 153.8411960668357 0.5090871811082857
 156.1784447768632 0.49914994420213027
 158.54245587670016 0.4891538484379684
 160.93322936634658 0.47909921618728185
 163.35213767604915 0.469008772411411
 165.7984945906845 0.4589088155224824
 168.27367254049926 0.44880880370545945
 170.77698531037018 0.4387058184930652
 173.3091191154205 0.4285812877059283
 175.87007395565027 0.4184183927180222
 178.46122226130612 0.4082165905565562
 181.0811916021414 0.39796966345890145
 183.73204062352605 0.38766704509931643
 186.4137693254601 0.37731569558600414
 189.12569149282027 0.3669114228244904
 191.86849334072977 0.35644112600952765
 194.64354729943534 0.34589929905447403
 197.45016715381362 0.3352957473255893
 200.28903911898794 0.32465809733593193
 203.1601631949583 0.31400920387433545
 206.0649118119713 0.3033848331214342
 209.0025987549037 0.2928132553802793
 211.97391023887874 0.2823076427805315
 214.9788462638965 0.27186858035103606
 218.0187792602035 0.26159337720258946
 221.09370922779985 0.2511978687907823
 224.20294995156218 0.24100039890147903
 227.3485600768605 0.23095997285312128
 230.52985338857147 0.22111638603224615
 233.7475161018183 0.21149933076058033
 237.00223443172447 0.2021269921993578
 240.2940083782899 0.1929921947827156
 243.62283794151463 0.1840552539574747
 246.99009555164523 0.1752767875180669
 250.3964674238051 0.16666148626596455
 253.84058112774753 0.15823244047640872
 257.32449530884253 0.15000060104519566
 260.84820996709004 0.141944369102476
 264.41172510249015 0.13406010595793721
 268.0157269301661 0.12638331545423104
 271.6609016652413 0.11892136002124741
 275.34793552283895 0.11165710311593459
 279.07614228783586 0.10457362948184025
 282.84689439047855 0.09764612322762799
 286.6608780458904 0.09088102186319724
 290.5180932540714 0.08431262761590588
 294.41854001502156 0.07796878730497103
 298.36427697411085 0.07188010142183673
 302.35393170109256 0.06608418905009746
 306.3888766262134 0.06057697667912307
 310.46911174947337 0.05535231937723191
 314.5960095011191 0.05043404663797098
 318.76956988115063 0.04583422281142187
 322.99047910469113 0.04153588138001688
 327.25942338686406 0.03752830794622626
 331.5757165125461 0.03382821887236921
 335.94141712710706 0.030447474465027567
 340.35583901542384 0.027377376038794782
 344.8203546077429 0.024586340630102434
 349.3349639040644 0.022046575207437552
 353.9003531195115 0.01973189948571324
 358.5172084692076 0.01759302422949829
 363.186216168276 0.015593581305668272
 367.9073762167167 0.01372789966011713
 372.6820610447764 0.012002686384863228
 377.510270652455 0.010438207552482374
 382.3920050397526 0.009055033970918683
 387.3293228520391 0.007846895157648278
 392.32153787419116 0.006796099615636696
 397.3700225364555 0.005885707563375223
 402.47477683883204 0.005098809346695242
 407.6364869964441 0.00442358078421341
 412.8558392244151 0.0038510143707260356
 418.1335197378682 0.003364716805720814
 423.47021475192685 0.0029707314719982516
 428.86661048171436 0.0025761754714984384
 434.323393142354 0.002254734955992288
 439.8405627338458 0.001961382996832148
 445.41880547131296 0.0016739282621242948
 451.05949378500236 0.0013766110741595212
 456.7633138900372 0.0010666589445032396
 462.52957957129405 0.0007570048974022461
 468.360349474143 0.0004693070211863768
 474.2563098137074 0.0002146246898459863
 480.21677437486375 -0.000009548675398822687
 486.2438018029822 -0.00020995576597190738
 492.33739209806265 -0.0004020101112019404
 498.4982314752285 -0.0006023372690136205
 504.72700614960297 -0.0008240536147115165
 511.02440233630944 -0.0010897256366126581
 517.3917924655946 -0.00141117070703807
 523.8291765374584 -0.0017673940569058397
 530.337240767024 -0.002130043026926712
 536.9173575845382 -0.002500125914543079
 543.569526990001 -0.0029162024954122435
 550.2944351985359 -0.0033855188265354166
 557.0934546403892 -0.003796619611229031
 563.9672715306843 -0.004003760968475362
 570.9158858694213 -0.003921438258948958
 577.9406700868469 -0.0038485288280313257
 585.0423103980842 -0.0036550861878947172
 592.2214930182568 -0.0034412388950374666
 599.4795903776111 -0.00320706708789406
 606.8159162610239 -0.002939415251459901
 614.232529313865 -0.002617802591661201
 621.7301157512579 -0.0022612470568065006
 629.3086755732027 -0.0019451615213816468
 636.970267425069 -0.0017201373518486753
 644.7142050917338 -0.0015364323631915087
 652.5425472185668 -0.0013134336970302455
 660.4559800206916 -0.0010067004790825387
 668.4545034981081 -0.0005760058815530445
 676.5394900810628 -4.160177922284107E-7
 684.7116259846792 0.0006722020141011209
 692.9743422845738 0.0013192412431660282
 701.3187181841434 0.0018190383361467066
 709.7591642009778 0.002159328655532854
 718.2888181838439 0.0023661253736374003
 726.9145422839747 0.0023922192613285995
 735.6226121989039 0.0022330561099547113
 744.433614382331 0.001996722058517358
 753.3338245317899 0.0017379959084174333
 762.3301047985134 0.0014279546607903083
 771.4224551825017 0.0011001810992478504
 780.6108756837548 0.0006269090377209454
 789.8953663022727 0.0004416376938318928
 799.2827891892886 0.00006075438126668143
 808.7731443448024 -0.0002705047957642807
 818.3527074663479 -0.0004384628688390665
 828.0420650076244 -0.0003948329578748756
 837.834354817399 -0.00030004658463219757
 847.7295768956716 -0.0002305716143848565
 857.720869091209 -2.121820330747608E-7
 867.8288178577106 0.00028614953569434747
 878.0328367414772 0.0005973730646353437
 888.3535121962079 0.0008883234883331029
 898.777119919437 0.0010423150786828457
 909.3105220623969 0.000975165995980091
 919.9537186250881 0.0006665027869986443
 930.7067096075106 0.00015252112885350447
 941.5763571608974 -0.0004544663092673507
 952.5557991340153 -0.0009886853841633947
 963.6518976780977 -0.0012927288392595659
 974.8646527931444 -0.0014684390139846266
 986.1872023279224 -0.001792356940133604
 997.6332705848979 -0.002308444325607446
 1009.1891332616045 -0.0028700079703248217
 1020.8753768117421 -0.0033668336108095553
 1032.6714147816106 -0.0033170692988962903
 1044.59783362491 -0.0032752952416139785
 1056.6409090391737 -0.0029171781040717793
 1068.807503175635 -0.0027494903940112427
 1081.1044781855271 -0.002776136309926862
 1093.5181097663838 -0.0027825491035928934
 1106.062122220671 -0.002542450196242036
 1118.736515548389 -0.002346064744457341
 1131.5344275983048 -0.0016480773514040595
 1144.4695826728844 -0.0011042610366878718
 1157.5282564696615 -0.0008901046369756144
 1170.7241732911027 -0.00110325229093427
 1184.0504709859747 -0.0015546865437677158
 1197.5071495542772 -0.0018650033885268776
 1211.1079332984773 -0.0016940541851780358
 1224.839097916108 -0.0015404717496738456
 1238.7075055584025 -0.0012406336781107358
 1252.713156225361 -0.0011296784139327115
 1266.862912068217 -0.000930527007503115
 1281.1499109357367 -0.0007204310633204213
 1295.5810149791535 -0.0006639285142897574
 1310.1562241984677 -0.0005495440515190079
 1324.8755385936788 -0.0005165936001853912
 1339.7389581647874 -0.0006587429851916028
 1354.7464829117928 -0.0007522164967390627
 1369.898112834696 -0.0008653244334903483
 1385.2075722359623 -0.0009446521855147444
 1400.6611368131255 -0.001964455941687955
 1416.2656687174194 -0.0029726165018244205
 1432.0211679488439 -0.004253170519451528
 1447.9276345073986 -0.004628092165000776
 1463.9919305443168 -0.004820383538340159
 1480.2140560595985 -0.004939124198526661
 1496.5871489020108 -0.005268943654109278
 1513.1180712227865 -0.005438250677495939
 1529.813685173159 -0.005632677767813396
 1546.660266450662 -0.00550154443759225
 1563.6784015089947 -0.005340188162298778
 1580.847503894458 -0.004648219574661778
 1598.188160060751 -0.0041063952171367605
 1615.6866457054077 -0.0038695137411570747
 1633.3498229796614 -0.003635531072770901
 1651.184554034745 -0.00296863553306575
 1669.1839767194251 -0.0020078613727368723
 1687.3549531849355 -0.0012574034553385044
 1705.6906212800425 -0.0012632947063504366
 1724.2047053072126 -0.0017459244454736433
 1742.8834809639798 -0.002405280512259875
 1761.7406725528097 -0.002665957426027589
 1780.7694179224698 -0.0023519354580925937
 1799.9697170729596 -0.00207850820043971
 1819.348432155513 -0.001296841256752566
 1838.9124253213627 -0.0009917790724496608
 1858.6479722680422 -0.0005891045457127346
 1878.5619351467847 -0.00045201731972577416
 1898.6543139575908 -0.0008641862465156356
 1918.931970851693 -0.0009815525203393219
 1939.3949058290916 -0.0010636779592377227
 1960.0362567385534 -0.0011232508050995297
 1980.8697478825445 -0.00139676628926743
 2001.8816549585993 -0.0012749461100503591
 2023.0857022691835 -0.001172536965235395
 2044.4750276630639 -0.000187906063492406
 2066.0496311402403 -0.0003287343688848963
 2087.82323700318 -0.0002653286935454191
 2109.782120949416 -0.00022841305147180987
 2131.933145130182 0.00021980085239935848
 2154.2763095454766 -0.00016865729254651103
 2176.8116141953014 -0.00015367888583784026
 2199.545921230889 -0.00019134017187795753
 2222.472368501006 0.0002796828183479836
 2245.5978181568853 0.0006661238464848035
 2268.922270198528 0.0003832901581751104
 2292.4388624747 -0.0005905468961895021
 2316.161319287868 -0.0014181526266193263
 2340.082778486799 -0.001994568025673074
 2364.203240071492 -0.0022468372155380607
 2388.529566193182 -0.0020574966242668433
 2413.054894700634 -0.001844265208541403
 2437.779225593849 -0.0010655968194355969
 2462.716283175293 -0.0005954991190443163
 2487.8592052937333 -0.00025025114401084573
 2513.201129797936 -0.0000370647200784289
 2538.7557809903683 -0.0000010673239507960807
 2564.5162967197966 0.000002863661341155184
 2590.48267698622 0.000016814511586788935
 2616.6617839408736 0.000032465821946443317
 2643.0467554325223 0.0000496674518066489
 2669.644453612401 0.00005212440738147515
 2696.448016329275 0.00004863555629679469
 2723.4711678856115 0.00004438889192383219
 2750.7001839789446 0.00004074471702832134
 2778.1487889117393 0.00003780580537696303
 2805.8101205327634 0.00003545210031730099
 2833.6773166907833 0.00003354739968229752
 2861.764101688266 0.000031984322761019176
 2890.0704755252104 0.000030700399771724365
 2918.5895760503845 0.00002964099412918024
 2947.3214032637875 0.00002874929223888853
 2976.272819316653 0.00002799357429805845
 3005.4438242089805 0.000027360162006268795
 3034.8275557895377 0.00002682165322109676
 3064.430876209557 0.000026355672215033658
 3094.2537854690386 0.000025956032953917397
 3124.2894214167495 0.000025604501430117786
 3154.551508355156 0.000025300826103054495
 3185.0263219817916 0.000025033137641734154
 3215.7275865991223 0.000024794455033192956
 3246.641577904683 0.00002458902416794481
 3277.7751580497056 0.00002440059844882642
 3309.1351891854238 0.000024229871596497438
 3340.7079470093713 0.000024078019952812134
 3372.507155824014 0.0000239364339374935
 3404.5259534781194 0.00002380466510804368
 3436.7643399716867 0.00002368860850080372
 3469.222315304717 0.000023579994912902344
 3501.8998794772097 0.000023477590922678197
 3534.797032489164 0.000023381355143847407
 3567.9206364918145 0.000023295233160136743
 3601.256967182694 0.000023209615999557618
 3634.819748864269 0.000023130366847399663
 3668.595257234073 0.000023057150728094685
 3702.5972165945727 0.000022982983669485423
 3736.8119026433014 0.0000229172734427558
 3771.2530396827256 0.000022856440194958385
 3805.9069034103795 0.000022793992887788002
 3840.787218128729 0.000022736234821054823
 3875.880259535307 0.000022687615012432516
 3911.1928897813473 0.000022637124262488798
 3946.718246715617 0.000022588431921335193
 3982.470054640583 0.000022545777700401147
 4018.4277271025444 0.000022500826107448888
 4054.6118505552013 0.00002246253208039027
 4091.0018385448534 0.000022424001280392775
 4127.611415373969 0.000022387704763672796
 4164.440581042547 0.000022373848765477807
 4201.475611248121 0.000022365247157918738
 4238.723368141923 0.000022325553721207873
 4276.183851723955 0.000022286184546945176
 4313.857061994216 0.000022276301119280757
 4351.742998952706 0.000022268558082687377
 4389.834800448192 0.0000222609299080197
 4428.139328631907 0.000022226990349013382
 4466.642859201385 0.000022221522436939223
 4505.3591164590935 0.000022242524207664247
 4544.281238253796 0.00002223719016577773
 4583.409224585495 0.000022261646307378644
 4622.7362133029565 0.000022258363409286428
 4662.269066557415 0.000022254822663228813
 4702.000922197636 0.000022280892808191327
 4741.931780223619 0.0000223065700994431
 4782.061640635366 0.000022332126413346993
 4822.3905034328745 0.000022357302922606896
 4862.918368616146 0.00002238424733060361
 4903.638374033947 0.000022414573687238996
 4944.543657535045 0.000022442886672585004
 4985.647943421905 0.000022495396637494815
 5026.944369543296 0.000022551384302394074
 5068.426073747982 0.000022582268435406365
 5110.093056035964 0.000022665229503880287
 5151.945316407244 0.00002271971153988531
 5193.989717013052 0.000022777174234605763
 5236.20567139969 0.00002286201789318541
 5278.606903869625 0.00002291850573232377
 5321.186552271623 0.000023003770801687848
 5363.937754454451 0.000023088455606952834
 5406.867372569343 0.000023197702729899074
 5449.968544465064 0.000023306260668735898
 5493.248132292848 0.000023367122386135157
 5536.685549598997 0.000023479510464910776
 5580.294520685975 0.00002363931832348546
 5624.068183402549 0.000023750008406525287
 5668.006537748721 0.00002386154343539206
 5712.102721573256 0.000024023706301830516
 5756.356734876154 0.000024160106834363278
 5800.768577657416 0.000024297321895790484
 5845.331387765808 0.000024460001621449634
 5890.045165201333 0.000024645950544932115
 5934.909909963985 0.000024830719397175607
 5979.925622053769 0.000025017974591931105
 6025.078577168217 0.00002520412367991827
 6070.382499609795 0.00002541497216772946
 6115.816802924804 0.000025626615221601685
 6161.39521141571 0.000025860731230789125
 6207.104000780046 0.00002612142725564048
 6252.943171017813 0.0000263567303198107
 6298.912722129012 0.000026616463059612495
 6345.005791962408 0.000026898418182279196
 6391.229242669235 0.000027204472203058402
 6437.569349947025 0.000027510934424130594
 6484.032975947014 0.000027841324016527862
 6530.606396366734 0.000028172205085437443
 6577.296473357418 0.00002852477000082153
 6624.096344767833 0.000028926576217376094
 6670.999148446746 0.000029326573994142354
 6718.01174654539 0.000029726920421497763
 6765.1204147613 0.000030174021114332823
 6812.332015245707 0.00003064242538042597
 6859.63968584738 0.00003113864407979459
 6907.02970226385 0.00003167917020687476
 6954.515788797586 0.00003222235125349884
 7002.070496843652 0.00003279531589523582
 7049.762447914383 0.000033411350272269755
 7097.523020497447 0.00003409660246153115
 7145.28359308051 0.0000348020860881046
 7193.181408688238 0.00003554831528863657
 7241.147845808296 0.00003633985866252956
 7289.182904440688 0.00003717453417349667
 7337.28658458541 0.00003812507135909325
 7385.390264730133 0.00003909205072786795
 7433.631187899521 0.000040124031614807334
 7481.8721110689075 0.00004124326597422181
 7530.250277262958 0.00004250232857698207
 7578.559821944678 0.00004385046132868724
 7627.00660965106 0.00004525463064524728
 7675.4533973574435 0.000046867872548145265
 7723.968806576159 0.000048636616103673585
 7772.484215794874 0.000050596871392366794
 7820.999625013588 0.000052745891393587474
 7869.583655744636 0.0000551219691267464
 7918.236307988014 0.000057867319010614854
 7966.888960231394 0.00006110006299223637
 8015.472990962441 0.00006474234149408797
 8064.194264718152 0.00006909639144531142
 8112.846916961532 0.00007434844134159139
