 0. 0.
 0.2799301413455864 0.00004244647021216663
 0.8430814276503454 0.000684545926237886
 1.412858488283101 0.0030922601331659907
 1.9893417982356907 0.008558034439459329
 2.5725948903964087 0.018279970652599314
 3.1627165937025983 0.03316146861984203
 3.7597775002523646 0.05366622153248979
 4.363855261353621 0.07977071321486479
 4.975034587524091 0.11101087986460483
 5.5934001892815 0.14659155737418256
 6.219043836353381 0.1855206334952821
 6.852029061628029 0.22673651996480432
 7.492433516413357 0.2692102874893888
 8.140398384905572 0.31201555304808076
 8.795987199992966 0.3543680629613835
 9.459270553773646 0.3956408020714183
 10.13031903834571 0.4353615440932119
 10.809344430003474 0.4731987774337156
 11.496276136648833 0.5089412311905711
 12.191255342477993 0.5424751142094592
 12.89442323168716 0.5737625970443909
 13.60585039637444 0.6028228881954204
 14.325678020736039 0.6297162797544816
 15.053906104771958 0.65452968453476
 15.7906758326784 0.6773658793106616
 16.536128388651576 0.6983359118107338
 17.29033436478959 0.7175543550882394
 18.053364353190542 0.7351362341611487
 18.825359538050645 0.7511944950097788
 19.606461103566097 0.7658389198614969
 20.396669049736907 0.7791754944401299
 21.196195152857378 0.7913056848224337
 22.005039412927516 0.8023251267404413
 22.823484198339735 0.8123231736167568
 23.651458916995928 0.8213838004939689
 24.489104753092303 0.8295870503217141
 25.33663348292317 0.8370086723849112
 26.194115698586632 0.8437168229613985
 27.061621992180793 0.8497698506948694
 27.939364139999967 0.8552164321842841
 28.827342142044156 0.8600987809332907
 29.725697182509556 0.864456398657294
 30.63464103769049 0.8683271148022829
 31.55424429968505 0.8717458210436492
 32.48457756059135 0.8747432509814794
 33.425852596703685 0.8773463417123198
 34.37814000012018 0.8795795445268272
 35.341580955037024 0.8814680790556606
 36.31631664565043 0.8830408258436072
 37.30248825615662 0.8841922230387473
 38.30016637865368 0.8853570545748184
 39.309562789435915 0.8861441963087939
 40.33074808060144 0.8867054008856641
 41.36393402844457 0.8870599671984247
 42.409191225063395 0.8872301319106672
 43.46666085465414 0.8872368661848039
 44.53648410141299 0.8870992881279468
 45.61887274163426 0.886832854933081
 46.713967959514186 0.8864438941061061
 47.82184034715083 0.8859253549975908
 48.94263108874043 0.885261916003963
 50.07655196057728 0.8844378939498839
 51.22374414685759 0.8834419445212044
 52.384348831777565 0.8822696836602649
 53.55850719953342 0.8809231904047186
 54.746431026419465 0.8794072103839903
 55.9481909045338 0.8777272123710365
 57.16399861017074 0.8758906537835255
 58.39406591962458 0.8739055343967737
 59.638463424993446 0.8717726225507832
 60.89740290257162 0.8694810710925827
 62.17102553655534 0.86701750186684
 63.45954310323891 0.8643843102865033
 64.76309678681851 0.8616077103045874
 66.0818983635885 0.8587243110623716
 67.41601842564693 0.8557593321905148
 68.76573934138622 0.8527193271772708
 70.13127288710072 0.8496025785567526
 71.51261906279042 0.8464080016136628
 72.91034260524012 0.8431432345515522
 74.32430233025364 0.839823508581052
 75.75449823783096 0.8364563263163011
 77.20163624895314 0.8330366709490497
 78.66501044263912 0.829556135935745
 80.14603266085098 0.8260061791434217
 81.64399698260769 0.8223738743814554
 83.15960932889027 0.8186383408803757
 84.69286969969873 0.8147694325942155
 86.24448401601411 0.8107323934369949
 87.81374635685538 0.8065048511557098
 89.40065672222251 0.8020963422056812
 91.0066269540776 0.7975471818387869
 92.63165705242065 0.7929064986186943
 94.2750410962706 0.7882152405478716
 95.93748500660853 0.7834956442899104
 97.61969470441541 0.7787491561318738
 99.32096426871024 0.7739642509737291
 101.0427055414551 0.7691237993530756
 102.78421260166897 0.7642030788004319
 104.5454854493518 0.7591831519945684
 106.32723000548467 0.7540660527766673
 108.13015219104858 0.748860278083223
 109.95354608506251 0.7435777597825044
 111.79882352948853 0.738245841739294
 113.66527860334563 0.7328828737207024
 115.55291130663376 0.7274609243078274
 117.46242756033399 0.7219363337099582
 119.39453328542734 0.7162982547741233
 121.34922848191383 0.7105687433780317
 123.32580722881241 0.7047715276688086
 125.32638728906619 0.6989162796911873
 127.34885089973204 0.6929964007604433
 129.39602174473413 0.6869845470117939
 131.46578206112935 0.6808628206428359
 133.5602496118608 0.6746429727359553
 135.67871847594745 0.6683520307806398
 137.82189457437036 0.6620179713922618
 139.98977790712945 0.655667415292073
 142.1823684742248 0.6493390958554759
 144.40107811761845 0.643053306297822
 146.64449499534834 0.6367664772213414
 148.91473687035753 0.6304070626128923
 151.21039190068404 0.6239418882629698
 153.5335778492709 0.6173812589668968
 155.88288287415605 0.6107496712118009
 158.25901289632057 0.6040803896001287
 160.66337975772646 0.5974011195684283
 163.09527753739275 0.5907046748778562
 165.5547062353194 0.5839666946306968
 168.04307769346852 0.5771930995646138
 170.559685990859 0.570405222413785
 173.105942969453 0.5636058201629237
 175.68114270826942 0.5567896500214271
 178.2859911282893 0.5499492997680979
 180.9204882295127 0.5430241157392364
 183.58604585390165 0.5359230722428221
 186.28125215949407 0.528644406616497
 189.00822490923306 0.5212451116098333
 191.76696410311862 0.5137385201816917
 194.55676382016978 0.5061191183626451
 197.3783299813675 0.4983788611809061
 200.23307442867386 0.49053031325533347
 203.12029124110785 0.48263385707080286
 206.0406863396505 0.4747633436604627
 208.9942597243018 0.4669083778360485
 211.9824232370238 0.45901861072918376
 215.00447095683552 0.45105216780975066
 218.06110880471795 0.4429768059155411
 221.15233678067113 0.43480276204717194
 224.2795667266571 0.4265455133061889
 227.44279864267583 0.41819320368805235
 230.64132660774632 0.4097454093162085
 233.87726838481174 0.4012401205139679
 237.14991805289097 0.3927116865990741
 240.459981532965 0.38414578029031027
 243.80816474601502 0.375503880635686
 247.1944676920409 0.3668317716600357
 250.61889037104268 0.3582257715621005
 254.0828446249824 0.34974876219158635
 257.58703637484115 0.3413604102180271
 261.1300537786569 0.3329621195405576
 264.7140145993726 0.32451378281106524
 268.3389188369884 0.31601740675284967
 272.0047664915042 0.30751454048143934
 275.7122634839011 0.29902718563877856
 279.4621157351601 0.2905108191815657
 283.25502916626226 0.2819076664612855
 287.0902978562265 0.273247995554376
 290.969333647015 0.26464374455985745
 294.89284245960863 0.25612660524299535
 298.86082429400756 0.2476866524588206
 302.8732791502116 0.23930499408257427
 306.9323247911641 0.23098070358660674
 311.03654937490273 0.22270357108818342
 315.18736474338976 0.21442938088000363
 319.38477089662507 0.2061692603331575
 323.63017967657083 0.19798644382982256
 327.92359108322694 0.1899428460152316
 332.2657110375745 0.1820264310692331
 336.6572454605945 0.17416434680068135
 341.0974884313059 0.16635385882309803
 345.5885577126519 0.15867011530834127
 350.12974738365136 0.15114925083474784
 354.7224692862664 0.14376288201870863
 359.36672342049707 0.13648155432025852
 364.0632157073243 0.1292799577157971
 368.8126520677291 0.1221525827555441
 373.6157384226927 0.11514991389728842
 378.47247477221487 0.10833675836038852
 383.38427295825784 0.10172092157533691
 388.3511329808215 0.09531041687639141
 393.37305483990593 0.08910841253614915
 398.45215629845427 0.08312316143016271
 403.5877314354854 0.07738682084734594
 408.7811920929614 0.0718842906468329
 414.0325382708823 0.06653748940581605
 419.3424758902291 0.061322259610698156
 424.71171087198286 0.05629369123963392
 430.14094913712466 0.0514744186851575
 435.6308966066354 0.04703560607784808
 441.18225920149627 0.04254713721531995
 446.79574284268824 0.038487439711435666
 452.4713475302113 0.03473756265840977
 458.20977918504644 0.03130626694012569
 464.0124496491558 0.02814071291070562
 469.8800648435205 0.025227213270958157
 475.81191884715935 0.022561258317035357
 481.81012942301544 0.020098302859365043
 487.87540249206995 0.01780510353784209
 494.00703213334174 0.015667994295616352
 500.2071361097739 0.013682704970134654
 506.47571442136655 0.011884248815295336
 512.8134729891007 0.010303054806972098
 519.2211177339572 0.008942606237162953
 525.6993545769172 0.007782093294856516
 532.249595359943 0.0067705474680625835
 538.8718400830342 0.005850616243302426
 545.5667946671721 0.005014176458894406
 552.3358709543187 0.004273488380663548
 559.1790689444739 0.0036261313760312854
 566.097094558619 0.0030744394811382933
 573.0913596387157 0.0026000686236295214
 580.1625701057454 0.0021849018886117336
 587.3107259597078 0.0018386504609616168
 594.5372390425653 0.0015543756429055656
 601.8428152752986 0.0013061406713836756
 609.2281605788888 0.0010966491540776579
 616.6946867952983 0.000941153363173879
 624.2416880035457 0.0008365788991448806
 631.8712819665742 0.0007716622591307933
 639.5841746053648 0.0007309013700516078
 647.3803659199176 0.0007009603352757516
 655.2619736731757 0.000677790274170677
 663.228291944158 0.000654780705733112
 671.2814384958076 0.0006278742071975434
 679.4221192491057 0.0006001932671362702
 687.650334204052 0.0005706900053757614
 695.9674952026087 0.0005380901074242023
 704.374308165757 0.0005048091438554365
 712.874302698402 0.0004706563403665749
 721.45830182779 0.0004316127137904478
 730.1411298945229 0.0003862066399226866
 738.9157276887906 0.0003404309267191813
 747.7891544204031 0.0003029233338378388
 756.7472916697399 0.0002732346806741033
 765.8113170662319 0.00023887876876549485
 774.9671121902585 0.00019001459541249195
 784.22173625163 0.0001330668705647858
 793.5751892503465 0.00008443139135360166
 803.0274711864079 0.00006199826584683016
 812.5785820598143 0.000039330589363886055
 822.2355810803758 0.000033183364954009413
 831.9984682480928 0.00002973574698229126
 841.8531251433442 0.000026388587206031716
 851.8207293955613 0.000022900283823340472
 861.8942217949336 0.00001965446809336556
 872.0736023414613 0.000016911150792484308
 882.3518118253339 0.00001474573545261436
 892.7500278759825 0.00001314746938140788
 903.2470728639761 0.000012061343954357426
 913.8641244187454 0.000011229465849738688
 924.5870641206703 0.000010677006789951776
 935.4229511795605 0.000010486373048086956
 946.3717855954166 0.000010518040678031203
 957.4335673682383 0.00001055003498887752
 968.615355707836 0.00001071007026810346
 979.9100914043992 0.000010877793015033346
 991.3248336677385 0.000010995480105128583
 1002.8595824978538 0.000011012780410188936
 1014.5072786849347 0.000010720227722931989
 1026.2820406486019 0.000010088997542194432
 1038.1697499692348 0.00000903715951372263
 1050.1915842762644 0.000007963865364708212
 1062.3263659402596 0.000007025170825130651
 1074.5952725906513 0.000005438334037438621
 1086.9841858078191 0.0000036211459341325775
 1099.5001648015734 0.0000022982464566041867
 1112.1502687817242 0.0000012668311313720955
 1124.920379328651 4.957871599606859E-7
 1137.8246148619746 3.2625678018454876E-8
 1150.862975381695 -2.4599831569701995E-7
 1164.0284016780015 -4.200056815959663E-7
 1177.3350121705153 -4.461156332780759E-7
 1190.768688439615 -3.957888161731659E-7
 1204.343548904922 -3.4493307823688473E-7
 1218.0525343566258 -1.7804336101769347E-7
 1231.895644794726 -6.676679821963656E-8
 1245.8869986388438 -6.52622664649404E-8
 1260.0124774693584 -1.5026263166872831E-7
 1274.27914049608 -2.404305579499708E-7
 1288.6869877190084 -2.5275300211954607E-7
 1303.2430783479542 -2.652022328288378E-7
 1317.9403531731073 -2.8783082665580344E-7
 1332.7858714042775 -3.676780891331185E-7
 1347.7796330414653 -4.5189250578975784E-7
 1362.9216380846703 -4.875045451303649E-7
 1378.211886533893 -4.986865135570642E-7
 1393.6503783891328 -5.290971848601217E-7
 1409.2371136503903 -4.763239894095164E-7
 1424.9862107372858 -4.2300107317296735E-7
 1440.8835512301985 -8.170842602348345E-7
 1456.936194338939 -9.033560518759579E-7
 1473.1441400635074 -9.574062400254086E-7
 1489.5073884039034 -0.0000010072464673206822
 1506.0329985699377 -0.0000010418482525496283
 1522.7209705616099 -0.0000010721205774558266
 1539.5642451691099 -0.0000011372662731834983
 1556.569881602248 -0.0000012094706633145243
 1573.7449390708346 -0.0000012450058460566802
 1591.0752991552488 -0.0000012698688765618038
 1608.5821394849218 -0.0000012964708412776936
 1626.2442824304226 -0.0000013017311242718828
 1644.0829056211824 -0.0000012997348859668998
 1662.08389063758 -0.0000012977204784964973
 1680.2542966894264 -0.0000012812125127642513
 1698.6011829865313 -0.000001259593820516475
 1717.1174903190845 -0.000001223177035416549
 1735.8102778968969 -0.0000011275038355090211
 1754.6724865101576 -9.396314172190163E-7
 1773.7182345784875 -7.241326562043621E-7
 1792.9334036822659 -5.51346774642611E-7
 1812.332112241113 -3.9623119904872356E-7
 1831.9073010452194 -2.609865455818213E-7
 1851.6589700945842 -1.7005438313796177E-7
 1871.5941785990185 -1.0943379421546961E-7
 1891.7199857683324 -1.0035252611008191E-7
 1912.0222731829049 -1.3682233570945092E-7
 1932.5081000525463 -1.7345564354163209E-7
 1953.1774663772574 -2.1088947578276745E-7
 1974.0374313668476 -2.4093973686940084E-7
 1995.0879950213173 -2.5298794085382725E-7
 2016.3220981308564 -3.108576691844758E-7
 2037.753859115085 -4.334214403912924E-7
 2059.3691595543833 -5.675676975893451E-7
 2081.1821178683713 -6.541581243490104E-7
 2103.1856748472383 -6.598391444148563E-7
 2125.379830490985 -6.11234754147763E-7
 2147.7787032192323 -5.621820409424543E-7
 2170.368174612359 -3.977730224114068E-7
 2193.1553038801753 -2.1676005440325537E-7
 2216.1400910226816 -1.554435709015146E-7
 2239.322536039878 -2.8767004925052836E-7
 2262.709698141574 -4.96965838720467E-7
 2286.2945181179603 -6.69494326381495E-7
 2310.0840551788465 -6.898885101407345E-7
 2334.0783093242335 -6.509037644100701E-7
 2358.2702213443094 -6.115978733777125E-7
 2382.673909658697 -5.272205370030862E-7
 2407.282315057584 -4.6735320150082727E-7
 2432.0954375409715 -3.9093229250772354E-7
 2457.1203363186696 -3.947573054120459E-7
 2482.3499521808676 -3.9438350621714735E-7
 2507.7842851275664 -3.9400667395659345E-7
 2533.4374535783854 -3.877320524468531E-7
 2559.3023983235153 -3.713385738945757E-7
 2585.3720601531454 -3.341457337549407E-7
 2611.6605574868963 -2.783386096404381E-7
 2638.1608311149585 -2.0211263302552888E-7
 2664.87288103733 -1.16512596528645E-7
 2691.803766463823 -5.421370446085097E-8
 2718.9464281846267 -3.013825680725703E-8
 2746.307925409552 -2.5628472961543948E-8
 2773.8811989287865 -2.0352863393338817E-8
 2801.680367161953 -1.0349596324655751E-8
 2829.69131168943 -2.9661686689483255E-10
 2857.9281509308385 6.86299187729869E-9
 2886.3838256763675 1.116396848027238E-8
 2915.051276716207 1.3513881689142856E-8
 2943.944622469978 1.4661567421095616E-8
 2973.0638629376804 1.507069943295057E-8
 3002.4019389095033 1.5014107576073982E-8
 3031.9588503854475 1.4657646175296368E-8
 3061.741656575323 1.4107826589399223E-8
 3091.750357479129 1.3436470529996027E-8
 3121.977893887057 1.2693660206286269E-8
 3152.431325008916 1.1914968404475731E-8
 3183.1106508447056 1.1125810003976976E-8
 3214.0088121846165 1.0344259073428998E-8
 3245.1399274482687 9.58297966392619E-9
 3276.4898782160426 8.850612888704582E-9
 3308.072782907557 8.152795199627068E-9
 3339.8745231031935 7.4929235634326E-9
 3371.9021580127605 6.8727353324554675E-9
 3404.1627468460697 6.292748910214773E-9
 3436.6421711834996 5.752600917085967E-9
 3469.3545494446707 5.251302454289802E-9
 3502.2928224197735 4.7874325447869935E-9
 3535.456990108807 4.359287191238637E-9
 3568.8470525117723 3.964987124392396E-9
 3602.463009628669 3.6025622300897956E-9
 3636.304861459497 3.2700112538040402E-9
 3670.379667214066 2.9653458671989554E-9
 3704.6733084727566 2.686622170069083E-9
 3739.1999036551883 2.4319623394491486E-9
 3773.9453343417413 2.199569137681163E-9
 3808.923718952036 1.9877350872979776E-9
 3844.120939066451 1.7948473974385931E-9
 3879.551113104608 1.6193899976893391E-9
 3915.2001226468856 1.459943266905052E-9
 3951.0820861129055 1.322328726332865E-9
