 0.2642937219086938 0.
 0.7959883395004692 2.057309709109461
 1.3339386269863678 1.7820066187606662
 1.8782205641626746 1.6285722785443875
 2.4288941350790885 1.525883435217342
 2.9860526482573615 1.4492625184603591
 3.5497627526416053 1.38886688759564
 4.120097762070339 1.3399876210747939
 4.697137655276494 1.2998884999941187
 5.280962410993003 1.2667036171296637
 5.871658672847206 1.2390301078757284
 6.4692864248888045 1.2157718505486759
 7.073918980956318 1.1960618759286112
 7.685689638937965 1.179217775206884
 8.304658382883444 1.1647087685804922
 8.930891861736866 1.1521216195958588
 9.564456724442337 1.141130851296049
 10.20555291783219 1.1314679745402327
 10.854113792962314 1.1229050576761623
 11.510272647720928 1.115249681359961
 12.17416277999625 1.1083444389870598
 12.84585083873239 1.1020719531006478
 13.525470121817568 1.09635344424838
 14.213020629251785 1.0911367780828864
 14.908635658923258 1.0863866271349605
 15.612448508720206 1.0820740469251566
 16.32452582758674 1.0781734193172943
 17.044934264466967 1.074661670627085
 17.773807117249113 1.0715148279068152
 18.511277683821387 1.0687085737055644
 19.257345964183795 1.06621518114025
 20.012211905168666 1.0640044419973065
 20.775875506776 1.0620428624493283
 21.548603364782235 1.0602942971201248
 22.330328830243257 1.0587331056942917
 23.12118520104729 1.057358723764165
 23.92137242402666 1.0561955532561131
 24.73095714812548 1.0552832141428454
 25.550006022287857 1.0546481536344965
 26.37871899334612 1.0542873499925283
 27.21709606130027 1.0541863123619244
 28.065270524038525 1.0543194843026145
 28.923442328393214 1.0546379260959007
 29.791678123308447 1.0550672457896115
 30.67004455772833 1.0555286393001038
 31.558741578485193 1.0559730334469684
 32.45783583452315 1.0563612749122464
 33.36746062373042 1.056645488369511
 34.287749243995215 1.0567770949418327
 35.21883499320577 1.056746562665731
 36.16078452030617 1.0565027588498301
 37.11379777212876 1.0560809339620891
 38.07794139761765 1.0554780380956037
 39.05341534360516 1.0547028295549974
 40.040286259035405 1.0537606260140475
 41.03868744179661 1.0526721024066634
 42.04875218977699 1.0514993209565653
 43.07068044980886 1.0503568390120082
 44.10460551978046 1.0493589819841187
 45.15059404863588 1.04857766637903
 46.20877933426336 1.0480314599749156
 47.279361323495216 1.0476925606411933
 48.36247331421967 1.0474788687358563
 49.45824860432493 1.0472366853693196
 50.56682049169924 1.0467492886204262
 51.688388923174905 1.045882447358424
 52.823020547696046 1.0447339619218006
 53.970915312094995 1.0434312638624705
 55.13227316320406 1.0419107306461344
 56.30716074996738 1.040130402732482
 57.49577801921726 1.0383295770661347
 58.69825826884194 1.036840292048368
 59.91480144567373 1.0357414575404538
 61.14554084760085 1.034819361512228
 62.390676421455645 1.0336970986734841
 63.65027481618221 1.0319479369969282
 64.92460262755698 1.0292945352812266
 66.2138598024123 1.0257781587599737
 67.51804634074816 1.0215977991617062
 68.83769543411744 1.0169004070966117
 70.17267378463193 1.0118734688870803
 71.52298139229158 1.006896636403884
 72.88928474653757 1.0023747469268518
 74.27091735792874 0.9984073578883422
 75.66921220534729 0.9947010090301883
 77.08350279935215 0.9908747060275043
 78.51445562938439 0.9868896859151134
 79.96207069544401 0.9830745394168844
 81.42701448697214 0.9796780746479704
 82.90862051452766 0.9766636541784048
 84.40688877811054 0.9738254509421261
 85.92315225660302 0.9707208961694545
 87.45741095000508 0.9669329552935392
 89.00899836887562 0.962611728742619
 90.57858100265577 0.9584087476490488
 92.16682534078656 0.954854809738286
 93.77306489382694 0.9520140695930616
 95.39863264065909 0.9497491975900143
 97.04286209184193 0.9480368927906945
 98.70575324737544 0.9467816837762104
 100.38797259670072 0.945534971988374
 102.09018662925888 0.9436874814113339
 103.81172885560879 0.9409604831679493
 105.55393225463267 0.9372402771947135
 107.31613033688943 0.9327686776036445
 109.09832310237907 0.9280719831537038
 110.90117704054265 0.9234838994473271
 112.72535864082128 0.9192342681597664
 114.57086790321499 0.9156623722144077
 116.43703833828266 0.9128113225142518
 118.32586941434758 0.9099438833189828
 120.23536166308645 0.9061105615883971
 122.16818104226367 0.9011741582613044
 124.12232808355596 0.8958331192448292
 126.09980225528659 0.8907770493164306
 128.09993706801447 0.8862078188379698
 130.1233990111807 0.8821190489120859
 132.17018808478525 0.878834939333643
 134.24030428882818 0.876846672550475
 136.33508060219165 0.876096987052133
 138.45318404599345 0.8760641304117694
 140.59661408855686 0.8764781365391773
 142.76403775099976 0.8771124740427196
 144.95745450164534 0.8774047415204616
 147.1755313616115 0.8771254207114686
 149.41893482033927 0.8764797036841524
 151.68899785671087 0.8754527917415703
 153.9850539812852 0.8738918380708849
 156.30710319406225 0.8720244264174134
 158.65647847392424 0.8704226189427029
 161.03251333143 0.8692447045853087
 163.43654074546183 0.8679123944074738
 165.86789422657856 0.8658161633593382
 168.3272402642213 0.8628962963347908
 170.81457885839006 0.8595894121627612
 173.33124298796704 0.8564458352622772
 175.87589967407 0.8535614707170607
 178.4505483850223 0.8506714186711796
 181.05518912082388 0.8481186266015529
 183.68915539203368 0.8467697709081491
 186.35311368809278 0.8468088721991076
 189.04839698788334 0.8472672585478234
 191.77433880196432 0.8465281814323541
 194.53160561977683 0.8436862017405734
 197.3201974413208 0.8397072398459495
 200.14144724547845 0.8366550686519896
 202.9946885428087 0.8357515427548066
 205.8805878227526 0.8366161727126983
 208.79914508531022 0.8383966128078296
 211.7516933093637 0.8406559031637285
 214.73823249491306 0.8431044900595405
 217.7580961525172 0.8445950972939189
 220.81328375049944 0.8435497488630238
 223.90312879941862 0.8395620842290191
 227.02829778871583 0.834220022373685
 230.18945720783225 0.8296250672190622
 233.38660705676782 0.8263503171471995
 236.61974733552256 0.8238903029855381
 239.89021102297863 0.8222990789426823
 243.1986646085772 0.8218043758923518
 246.54377511343597 0.8221579116453961
 249.9275420058783 0.8230289129394298
 253.34996528590418 0.8242159082868846
 256.8110449535136 0.8251677369108368
 260.31144749814763 0.825067880181729
 263.8518394092475 0.8241474075623546
 267.4328871762541 0.8233463981696988
 271.0539243097265 0.8230036173463937
 274.7162837885468 0.8232398923676829
 278.42063210215605 0.8239847741918411
 282.1669692505544 0.8244270403198534
 285.95529523374177 0.8239650797520809
 289.7876095200415 0.8229045863943563
 293.66257913057126 0.8210566365466514
 297.58153704421335 0.8178659897508387
 301.54448326096775 0.8136660677325823
 305.5527507597167 0.8089534954959238
 309.6063395404601 0.8050146312808347
 313.7059160926391 0.8036101535791019
 317.8521469056948 0.8037920661292107
 322.04436549018607 0.8038250894601143
 326.2845713144362 0.8045231652120445
 330.57209788900417 0.8068195800300596
 334.9082781927721 0.8092310384854915
 339.29311222574006 0.8094019300906315
 343.7272664773491 0.8071560771265838
 348.21140743704024 0.8044675108236818
 352.74620159425467 0.8027713753068362
 357.3316489489924 0.8023404167228759
 361.9690824801355 0.8028968436549189
 366.65850218768406 0.8028759207811638
 371.39990807163815 0.8009200450862592
 376.195299600321 0.7983496489754224
 381.04401028429146 0.7968211058530142
 385.94737310243175 0.79618530270961
 390.9053880547419 0.7956848586131218
 395.91872163066296 0.7953034134577757
 400.988040319636 0.79525459679885
 406.1140106111023 0.7945441385284112
 411.2972989945027 0.7920843523454977
 416.53857195927844 0.7881262979840322
 421.83849599487064 0.7834429729017914
 427.1970711012792 0.7790178833470881
 432.61496376794526 0.7756066464763899
 438.09350697375106 0.7735910912195183
 443.6333672081377 0.773402348380827
 449.23387798166397 0.7746844089451299
 454.8970387626532 0.7767592089914532
 460.62351604054663 0.7784126652148665
 466.41264332590293 0.7780959778641985
 472.2664200870455 0.7762192941194046
 478.1848463239744 0.7731515133811294
 484.1685885261307 0.768601269961391
 490.2183131829554 0.7640581303794026
 496.33468678388965 0.760780819126775
 502.5190423078157 0.756760148406998
 508.77137975473346 0.7506684475774852
 515.0923656140841 0.7443388750831711
 521.4833328647497 0.7406644483511821
 527.9442815067305 0.7404904307946447
 534.4758780294674 0.739911852867196
 541.0794554118424 0.7360165294261015
 547.755680143297 0.7316345740091759
 554.5045522238311 0.7307005388223146
 561.3274046323266 0.7312701370843826
 568.2249038582249 0.7281906620495612
 575.197716390967 0.7206774751455074
 582.2471752094352 0.7120688022802035
 589.3726138241882 0.7020680915692092
 596.5760317035493 0.6868882173944705
 603.8580953369598 0.670726644732633
 611.2188047244196 0.661665658409692
 618.6601593342518 0.6567519760031589
 626.1814926770157 0.648402372295994
 633.7848042210342 0.6366491906610527
 641.4707604557486 0.6246662493641049
 649.2393613811589 0.6087655017108617
 657.0919399761472 0.5815903304492404
 665.0291627301547 0.5421620008034196
 673.0543620903867 0.4961299938592032
 681.1588736941092 0.4470463003824012
 689.356693819585 0.39800465329213297
 697.6411575724032 0.35195821990546355
 706.0189298469749 0.31291951406674695
 714.476680854478 0.2829466547853384
 723.0344052781454 0.2524043901091954
 731.6787733291553 0.208281503611631
 740.4164499019184 0.15440322403975557
 749.2474349964351 0.10483394353484249
 758.1717286127051 0.10291626491927551
 767.1893307507286 0.02902379116438977
 833.0651471086172 0.035949768402143666
 872.9412103693667 0.
 883.171823290184 0.
 893.5090745215766 0.
 903.9529640635446 0.
 914.5101568104989 0.
 925.1739878680283 0.
 935.9511221305441 0.
 946.8415595980462 0.
 957.8386353761235 0.
 968.9556792535981 0.
 980.1793614416479 0.
 991.5296766235059 0.
 1002.9866301159392 0.
 1014.5702166021806 0.
 1026.2671062934082 0.
 1038.0839640840331 0.
 1050.0274548684663 0.
 1062.0842488578855 0.
 1074.267675841113 0.
 1086.5777358181488 0.
 1099.0077638945816 0.
 1111.5710898592336 0.
 1124.2543839232826 0.
 1137.070975875551 0.
 1150.0142008216274 0.
 1163.084058761512 0.
 1176.2938794840268 0.
 1189.6303332003497 0.
 1203.1000848048916 0.
 1216.7031342976527 0.
 1230.446146573044 0.
 1244.3224567366542 0.
 1258.3387296828944 0.
 1272.494965411765 0.
 1286.7911639232655 0.
 1301.227325217396 0.
 1315.8034492941565 0.
 1330.5195361535475 0.
 1345.3889155843904 0.
 1360.398257797863 0.
 1375.5542276883766 0.
 1390.8568252559317 0.
 1406.3060505005276 0.
 1421.9085683165754 0.
 1437.6643787040753 0.
 1453.5668167686163 0.
 1469.6225474046091 0.
 1485.8382355064648 0.
 1502.2005512853618 0.
 1518.7294894245324 0.
 1535.4050552407443 0.
 1552.24724341723 0.
 1569.2427241651676 0.
 1586.3981623789684 0.
 1603.7202229530428 0.
 1621.2022409929803 0.
 1638.8508813931917 0.
 1656.659479259266 0.
 1674.6413643800252 0.
 1692.7832069666474 0.
 1711.0983368079542 0.
 1729.5800890095352 0.
 1748.2284635713897 0.
 1767.0501253879293 0.
 1786.051739353565 0.
 1805.2199756794741 0.
 1824.561499260068 0.
 1844.0763100953475 0.
 1863.771073079722 0.
 1883.6457882131926 0.
 1903.6937906013482 0.
 1923.9284100330103 0.
 1944.3363167193575 0.
 1964.9308404492117 0.
 1985.7053163281612 0.
 2006.6597443562066 0.
 2027.80745432217 0.
 2049.135116437229 0.
 2070.649395595795 0.
 2092.350291797867 0.
 2114.2378050434468 0.
 2136.318600226944 0.
 2158.5860124539477 0.
 2181.046706618869 0.
 2203.7006827217087 0.
 2226.5412758680545 0.
 2249.5818158467296 0.
 2272.815637763322 0.
 2296.242741617832 0.
 2319.8697923046707 0.
 2343.6901249294274 0.
 2367.7037394921017 0.
 2391.9239657815156 0.
 2416.3441389032578 0.
 2440.9575939629185 0.
 2465.7776607493183 0.
 2490.797674368047 0.
 2516.0176348191044 0.
 2541.4442069969014 0.
 2567.0707260070267 0.
 2592.9038567438924 0.
 2618.936934313086 0.
 2645.1832885034305 0.
 2671.629589526104 0.
 2698.2891671699276 0.
 2725.155356540491 0.
 2752.2214927433834 0.
 2779.500905567426 0.
 2806.993595012619 0.
 2834.692896184552 0.
 2862.5988090832248 0.
 2890.7179986030483 0.
 2919.0504647440216 0.
 2947.589542611735 0.
 2976.341897100599 0.
 3005.3075282106133 0.
 3034.4797710473676 0.
 3063.8719553996834 0.
 3093.4707514787387 0.
 3123.2894890733555 0.
 3153.3148383947123 0.
 3183.5534643372193 0.
 3214.0120317952883 0.
 3244.677210980097 0.
 3275.5623316804663 0.
 3306.660729001987 0.
 3337.972402944658 0.
 3369.4973535084796 0.
 3401.235580693452 0.
 3433.1870844995747 0.
 3465.3585298212593 0.
 3497.7365868696834 0.
 3530.334585433669 0.
 3563.1391957243936 0.
 3596.1637475306807 0.
 3629.394911063707 0.
 3662.846016112295 0.
 3696.5037328876224 0.
 3730.381391178512 0.
 3798.7632078349193 0.
 3833.267366200438 0.
 3867.991466081519 0.
 3902.9155127949284 0.
 3938.059501023899 0.
 3973.403436085198 0.
 4008.9606477676484 0.
 4044.7311360712492 0.
 4080.7015712071784 0.
 4116.878618069847 0.
 4153.262276659256 0.
 4189.852546975404 0.
 4226.649429018292 0.
 4263.646257893508 0.
 4300.849698495464 0.
 4338.246421035338 0.
 4375.8497553019515 0.
 4413.653036400894 0.
 4451.656264332165 0.
 4489.852774201353 0.
 4528.24923090287 0.
 4566.838969542306 0.
 4605.621990119657 0.
 4644.598292634929 0.
 4683.767877088117 0.
 4723.1307434792225 0.
 4762.680226913835 0.
 4802.409662497544 0.
 4842.33238001917 0.
 4882.441714584303 0.
 4922.731001298531 0.
 4963.200240161856 0.
 5003.849431174276 0.
 5044.6852392302035 0.
 5085.687669646404 0.
 5126.870052211701 0.
 5168.225722031682 0.
 5209.748014211938 0.
 5251.443593646879 0.
 5293.305795442093 0.
 5335.341284491992 0.
 5377.530066113343 0.
 5419.885470094969 0.
 5462.400831542456 0.
 5505.076150455807 0.
 5547.90476194061 0.
 5590.886665996865 0.
 5634.021862624571 0.
 5677.30368692932 0.
 5720.732138911109 0.
 5764.307218569938 0.
 5808.02892590581 0.
 5851.883931129901 0.
 5895.885564031031 0.
 5940.013829925971 0.
 5984.2820586035405 0.
 6028.676920274917 0.
 6073.198414940103 0.
 6117.846542599097 0.
 6162.614638357488 0.
 6207.509367109688 0.
 6252.517399066874 0.
 6297.645399123457 0.
 6342.880037490614 0.
 6388.227979062759 0.
 6433.6825589454775 0.
 6479.237112244362 0.
 6524.898303853821 0.
 6570.652803985034 0.
 6616.507277532411 0.
 6662.4550596015415 0.
 6708.482820403603 0.
 6754.603889727418 0.
 6800.791607995342 0.
 6847.112624151486 0.
 6893.50028925174 0.
 6939.887954351994 0.
 6986.408917340466 0.
 7032.996529273048 0.
 7079.65079014974 0.
 7126.371699970541 0.
 7173.092609791342 0.
 7219.946817500363 0.
 7266.801025209382 0.
 7313.788530806622 0.
 7360.709387459752 0.
 7407.7635420011 0.
 7454.81769654245 0.
 7501.938500027909 0.
 7549.059303513367 0.
 7596.180106998825 0.
 7643.367559428395 0.
 7690.621660802071 0.
 7737.8757621757495 0.
 7785.063214605318 0.
 7832.383964923105 0.
 7879.638066296783 0.
