 0. 0.
 0.27009259871575525 0.003405637615586352
 0.8134531445184834 0.01230727041082797
 1.3632066160638645 0.025666741387573713
 1.9194306602232667 0.04257618696682217
 2.482186577158297 0.062249804827879805
 3.051569722675898 0.08401761452932069
 3.627648208066745 0.10732271686849433
 4.210496955750577 0.13171484012148774
 4.800197699276206 0.15683825643636679
 5.396832172192438 0.1824164996844472
 6.00048891917715 0.20823676466319346
 6.611229240391948 0.2341356747117891
 7.229128058256575 0.2599873132563323
 7.854321595352376 0.2856937479607354
 8.48687115184096 0.3111779755495357
 9.126844839013 0.336378705242685
 9.774310768159168 0.3612465557370228
 10.429473273151489 0.38574121138975376
 11.092264242699288 0.4098293052650542
 11.762819899383913 0.4334830087929439
 12.44127646578671 0.4566791024894399
 13.127702053198355 0.47939817535545637
 13.822232884200195 0.5016239074577833
 14.524868958792231 0.5233426096025602
 15.235746499555809 0.544542872782972
 15.955001729072277 0.5652153142842133
 16.68270275863231 0.5853523714785993
 17.41891769952658 0.6049483895009911
 18.16378277433644 0.6239998671020855
 18.917434205643232 0.6425056082404703
 19.67987199344696 0.6604663871007103
 20.45130047161964 0.6778844170824598
 21.231719640161277 0.6947630284949888
 22.02140194423457 0.7111065775432971
 22.820279272548834 0.7269202759891203
 23.628487847685427 0.7422103074786937
 24.446232003516368 0.756984025299331
 25.273579851332325 0.7712498765273459
 26.110599502423984 0.7850168907801791
 26.957495290663353 0.7982947154444376
 27.814267216050446 0.8110941003395018
 28.681051501166596 0.8234268719233748
 29.558052479883838 0.8353052789391009
 30.44533826349284 0.8467406535544667
 31.34297696328427 0.8577436755285874
 32.25117291313016 0.8683249158845096
 33.16999422432118 0.8784951987607912
 34.09957711943868 0.8882647088384719
 35.040057821063996 0.8976423982681011
 35.99157255177849 0.9066365202250954
 36.95418942287284 0.9152563159343315
 37.928112768219044 0.9235128972195318
 38.91341069910779 0.9314181103292255
 39.91028754941111 0.9389827666866298
 40.918811430419666 0.9462161362493994
 41.93911856471481 0.9531265248384562
 42.97134517487789 0.9597221473969196
 44.015695594780915 0.9660117859456433
 45.072306047005256 0.9720053222801838
 46.14124464284156 0.9777132369092256
 47.222647604871206 0.9831452404911019
 48.31671926696619 0.9883090232290518
 49.423595851707866 0.9932096964515326
 50.543413581677584 0.9978497028969799
 51.676308679456696 1.0022302191641552
 52.82248547891722 1.0063537904325994
 53.98201209134984 1.010226155639988
 55.15509285062656 1.0138562446626314
 56.341932090619395 1.0172547802897367
 57.54259792261905 1.020432655144403
 58.75729468049752 1.0234005263988173
 59.986158586836176 1.0261691253760465
 61.229393975507016 1.0287486413668256
 62.4871370690914 1.0311476427929307
 63.75959220146136 1.0333731362944618
 65.04682748390755 1.0354310418398656
 66.34911536159265 1.0373262609019225
 67.66666016838873 1.0390620875568568
 68.99946190429577 1.0406407409124323
 70.34806545963914 1.042064285022584
 71.71233461183752 1.0433360277252215
 73.0922693608909 1.0444599365596734
 74.488550819706 1.0454382512266
 75.90049787537613 1.046271264250576
 77.32947275371471 1.0469596698960404
 78.77479434181505 1.047506346108092
 80.23714375258385 1.0479171149043085
 81.71652098602112 1.048199423629299
 83.21360715503363 1.0483610094778062
 84.7277211467146 1.0484092606370703
 86.25886296106405 1.0483506002596177
 87.80839482389545 1.0481901232991515
 89.37631673520882 1.0479313929765286
 90.9619475820974 1.0475758180172472
 92.56596847746795 1.0471234387167243
 94.18906053422717 1.0465756356568807
 95.83054263946835 1.0459371277837544
 97.49177701900496 1.0452153820537433
 99.17208255993027 1.0444189329830533
 100.87145926224427 1.0435558358098689
 102.59058823885371 1.0426317164229415
 104.33015060266533 1.0416465520942404
 106.08946524077237 1.0405956251558082
 107.86989437898832 1.039474000321215
 109.67075690440646 1.03827712759556
 111.49205281702676 1.0370007943960287
 113.33446322975597 1.0356434893333946
 115.19866925550082 1.034207074273152
 117.08467089426134 1.032693050733973
 118.99178703313078 1.0311008416583771
 120.92206101082932 1.0294295188952436
 122.87344948863678 1.0276812685255254
 124.8486769181801 1.0258611341942805
 126.8456999607391 1.023972048119155
 128.86656195503394 1.0220110416154815
 130.91058178815794 1.0199737769507053
 132.9784405730178 1.0178623931111068
 135.0701383096135 1.0156844978677775
 137.18567499794509 1.0134428449114694
 139.326412863826 1.0111327412061142
 141.4909896814428 1.0087523942987264
 143.68144878951568 1.0063054988149747
 145.89642796223117 1.003786857160811
 148.13797053830947 1.0011780282660796
 150.40471429193713 0.9984623727410458
 152.6973403360209 0.9956327325001958
 155.0172108963742 0.9926889878159931
 157.36364486009032 0.9896357319039861
 159.73664222716926 0.9864772823424894
 162.13756522342453 0.9832142532022519
 164.56573273594935 0.9798497822504009
 167.02250699055722 0.9763929789910504
 169.5072068743414 0.9728537522493031
 172.02051350020858 0.9692396057734074
 174.56242686815884 0.9655533902212551
 177.1343092040056 0.961793192769197
 179.7347982819354 0.957955079183478
 182.36593744066846 0.9540332541593816
 185.02772668020478 0.9500254046963275
 187.71948488763763 0.9459336162481551
 190.44189317587373 0.9417560737120886
 193.1963137707266 0.9374877765078982
 195.98206555928942 0.9331257380511501
 198.799829654469 0.92866848073316
 201.64960605626533 0.9241101132082453
 204.53275699049183 0.9194399268540115
 207.44860134424184 0.914652178886844
 210.39782023042204 0.9097492781678438
 213.38041364903248 0.9047350617764165
 216.3977438258866 0.8996042718598146
 219.44981076098443 0.894346116923899
 222.53593334141917 0.8889598372528336
 225.65815490591115 0.8834498144737141
 228.81579434155353 0.8778141880243688
 232.00953276125304 0.8720493270142577
 235.24005127791654 0.8661489833184647
 238.5073498915439 0.8601003879015913
 241.81142860213518 0.8538939720925518
 245.15364963550383 0.8475269840738636
 248.53469410455662 0.8409956038760152
 251.95319978348007 0.8342933255554176
 255.41121001099438 0.8274203630915373
 258.9087247870996 0.8203948918250623
 262.4457441117956 0.8132432260270042
 266.0229490979892 0.8059833688730378
 269.64102085858724 0.798615801076038
 273.3006405064963 0.7911293905476116
 277.00112692880975 0.7835136430938623
 280.743842351341 0.7757536835910486
 284.52946788699677 0.767836233568216
 288.3580035357772 0.7597555395205846
 292.2294492976821 0.7515108854177396
 296.14584851143184 0.7431092799157014
 300.1058389512128 0.7345659378143022
 304.1107828428386 0.7258972354161474
 308.16068018630915 0.717104206240206
 312.256893207438 0.708187047470566
 316.3994219062251 0.6991436802974483
 320.5889473955772 0.6899520535897933
 324.826150788401 0.6805934975168592
 329.1103509717898 0.6710775534235554
 333.4435912844638 0.6614177071269015
 337.8251906135163 0.6516226421820125
 342.25651118476077 0.6416968046119478
 346.7375529981972 0.6316476931703991
 351.2689971667323 0.6214786069424634
 355.85152480327287 0.6112091408286223
 360.4858170207255 0.6008812631103747
 365.1718738190904 0.5905273040744794
 369.9110574241809 0.5801541227466839
 374.7033678359971 0.5697505053410377
 379.5488050545389 0.5592965866397629
 384.4494124185266 0.5487737519321851
 389.4045088150534 0.5381650264582857
 394.4154564699328 0.5274485110437993
 399.4822553831648 0.5166042042291187
 404.60558666765615 0.5056219748647319
 409.7861314363136 0.4945096748986606
 415.0245708020439 0.48329791744791867
 420.3215858777537 0.47202690225509314
 425.67785777634987 0.46072279356811435
 431.09406761073905 0.4494022127702193
 436.57021538092124 0.4380675917713798
 442.10698219980316 0.4267321439007313
 447.7057302931984 0.4154452041700357
 453.36714077401365 0.40426491692621286
 459.09053252934217 0.3932359641124706
 464.8779488979041 0.3823641793205457
 470.73007099260633 0.3716094697250718
 476.6462177005419 0.3609332359292306
 482.62843236043125 0.35031006282990923
 488.6767149722743 0.33972146518882834
 494.7917466489778 0.32917566395124703
 500.9742085034484 0.3186800201843307
 507.2247816485929 0.3082427808598528
 513.5448283102248 0.2979121235329922
 519.9343484883442 0.28777051836942164
 526.3940232958577 0.27789439193464294
 532.9252149585786 0.2683380049586418
 539.5279234765072 0.2591351521834745
 546.2028299625503 0.25029583198503513
 552.9512966425211 0.24182705689672349
 559.7740046293264 0.23373898536385918
 566.6709539229664 0.22604127559080522
 573.6435067492544 0.2187482428920553
 580.6923442210971 0.21188504247661358
 587.8181474514013 0.20548115098143377
 595.0222786659806 0.19956548832999857
 602.3040567519281 0.19414578274348715
 609.665525047964 0.18920312457913432
 617.1073646669952 0.18473001369014905
 624.6295756090217 0.1807159868353944
 632.2342012127634 0.17710907340286844
 639.920560365314 0.1738474117162864
 647.6906964053934 0.17088811020125266
 655.5452904459086 0.16818915797339737
 663.4843424868593 0.16570788080890947
 671.509214754059 0.16341330328809525
 679.6205883604148 0.1612836517483997
 687.8218688704601 0.15929259929338252
 696.1042018164072 0.15739633880912257
 704.4818905692979 0.15555220040012524
 712.9481240000647 0.15375489441988724
 721.5097132377749 0.15204394438651883
 730.1530360242939 0.15047228757345596
 738.8985257468236 0.14907821147482234
 747.7325601472295 0.1478796270244937
 756.6619503545788 0.14687811048330798
 765.6866963688717 0.14604824242873132
 774.8067981901079 0.1453125852716223
 784.0222558182877 0.14456310517537985
 793.3398803824783 0.14372693674914663
 802.7596718826799 0.1427930675851809
 812.2680080607573 0.14180710132664245
 821.8853223039131 0.14086094888397896
 831.6048034830798 0.14006024350208995
 841.4264515982574 0.13947737280515984
 851.3434555203784 0.13909719578580484
 861.376248636645 0.138798113786371
 871.5043975598552 0.13843800934820608
 881.7483356772108 0.13798760731874202
 892.0944407305776 0.13757335867026171
 902.5495238490223 0.1373680034726863
 913.1135850325454 0.13744939161338135
 923.7866242811469 0.13776602505136304
 934.5754527238939 0.13815654258297297
 945.4732592317191 0.13844804095278324
 956.4868549336901 0.1386198929240509
 967.6162398298067 0.13881398575655893
 978.8546027910016 0.13919493455501283
 990.2155660754095 0.13981799875301684
 1001.6855074248955 0.14060031745401474
 1013.2848602266621 0.14146419370004917
 1024.993191093507 0.14239409906956138
 1036.830933412632 0.14334109605945702
 1048.784464925903 0.14414393483509844
 1060.8605967623869 0.14454890127132278
 1073.066140051151 0.14442456298010523
 1085.387472534061 0.14384527134335598
 1097.8382164692514 0.1430760554989777
 1110.4183718567224 0.14245599246340784
 1123.1211275674061 0.14218818498554087
 1135.9601058594378 0.14247978168386652
 1148.9216844746825 0.14328953828676314
 1162.019485671275 0.14431766799354245
 1175.246698320148 0.14540153151089344
 1188.6033224213013 0.1464542535108353
 1202.1029802328699 0.1472589702848479
 1215.732049496719 0.1477306759593578
 1229.4973413419157 0.14808921128655098
 1243.3988557684602 0.14854780878960058
 1257.4434039054202 0.14913430973496195
 1271.6241746237276 0.14979493452366976
 1285.9479790524506 0.15061829716762398
 1300.4148171915888 0.15167586767767616
 1315.0246890411418 0.1527752962144887
 1329.7775946011104 0.15374374640247368
 1344.6735338714939 0.15476237838987406
 1359.712506852293 0.156069745738236
 1374.908135801642 0.15778085141972595
 1390.246798461406 0.1599613662511017
 1405.7353059606526 0.162595989652951
 1421.373658299382 0.16549941178222374
 1437.1618554775937 0.16847499582112851
 1453.1067086243556 0.17122303339044564
 1469.2082177396676 0.17312891412534262
 1485.459571694462 0.17405908732226752
 1501.8675816178063 0.17456557478517984
 1518.439058638768 0.17498162191254452
 1535.1603804992126 0.17545961874273286
 1552.0519805863416 0.17622109567976169
 1569.0934255129534 0.17705935549371238
 1586.30514866625 0.1775681982966236
 1603.6735277880966 0.17731592402738366
 1621.2053740075607 0.17633600141866052
 1638.9074984537092 0.17554549339697195
 1656.7730899974752 0.17551249930909238
 1674.8089597679261 0.17581407703350188
 1693.0082966359944 0.1754574446977074
 1711.384722859815 0.17400284118107107
 1729.9246161812525 0.17263537485267505
 1748.6415988584424 0.17197364616885003
 1767.5288597623173 0.1714239125649377
 1786.5863988928766 0.17016647603947807
 1805.821027379188 0.16768343444943248
 1825.2395563503196 0.16383875297700298
 1844.8283635481355 0.15907927058349158
 1864.5942601017032 0.153657377080954
 1884.5372460110239 0.14833882833076845
 1904.6641324051636 0.1438305868476793
 1924.9749192841227 0.14024023583550352
 1945.4627955188344 0.13756785362827312
 1966.1413833674328 0.1355978324141225
 1986.9970605717833 0.13417360683486737
 2008.0434493900214 0.13314944824361202
 2029.2737386930783 0.1327845334203673
 2050.6879284809547 0.13231217575375176
 2072.299641011786 0.13247186817165296
 2094.0952540274366 0.1334849210949825
 2116.081578656974 0.13449549477862002
 2138.2586149003982 0.13442017492317526
 2160.62636275771 0.13177575570954625
 2183.1916333579757 0.126230917851803
 2205.947615572128 0.12017139144737862
 2228.901120529235 0.11463405342580874
 2252.0521482292966 0.10954991678523705
 2275.3938875432445 0.10573391700914633
 2298.939960729215 0.10340469820202872
 2322.6835566581394 0.10176651303073493
 2346.624675330018 0.10033600762240992
 2370.770127873918 0.09939349999468713
 2395.113103160773 0.09931123453495766
 2419.653601190582 0.09984957674786092
 2444.40524422148 0.09959449827629699
 2469.3612211244 0.09825843016769284
 2494.514720770274 0.0952778379236314
 2519.8793654172373 0.09006507597572154
 2545.448343936223 0.08293674729999359
 2571.221656327229 0.07455897777326607
 2597.2061137193255 0.0660025683788317
 2623.3949049834428 0.057250230860739215
 2649.79484124865 0.04780361686096276
 2676.3991113858783 0.03835950630336655
 2703.221337653263 0.030181689101024478
 2730.24789779267 0.02394931251140276
 2757.4924140622334 0.019407473520406816
 2784.9480753328858 0.016039749491912215
 2812.6080704755595 0.013468440056451429
 2840.48602174839 0.011453263034110562
 2868.581929151377 0.009839351193331757
 2896.888981555453 0.008524196183511603
 2925.4071789606182 0.007437484880643308
 2954.1433324959403 0.006529110100231116
 2983.0974421614183 0.005762179804686392
 3012.262696827986 0.005108845631769819
 3041.64590762471 0.004547696322247103
 3071.2470745515902 0.004062049167890523
 3101.05938647956 0.003638777035295144
 3131.096465666753 0.0032674725171063287
 3161.344689855036 0.002939832253596793
 3191.817681302542 0.002649193389720082
 3222.501817751138 0.002390177520317413
 3253.4039103298896 0.002158415579047276
 3284.5307701678657 0.0019503330341940181
 3315.868775006931 0.0017629819246874564
 3347.4315471052196 0.0015939097304866572
 3379.2122753336653 0.0014410568812428203
 3411.2109596922674 0.001302676671275137
 3443.427600181026 0.0011772730204040738
 3475.862196799941 0.0010635518933103378
 3508.5147495490123 0.0009603835336407822
 3541.392069557308 0.000866773050271564
 3574.4805345666923 0.0007818374277628025
 3607.7937668353006 0.0007047876072954362
 3641.3181441049983 0.0006349142698194259
 3675.06728863392 0.0005715767123667287
 3709.02757816393 0.0005141938465058996
 3743.2126349531645 0.0004622369932723762
 3777.6088367434877 0.00041522399332764295
 3812.2298057930357 0.0003727143390533263
 3847.061919843672 0.00033430505267558375
 3882.111990024465 0.000299627240396757
 3917.373205206347 0.000268343038611224
 3952.8591876474534 0.0002401430163754915
 3988.549503960581 0.0002147438057152662
 4024.464587532933 0.0001918860100971874
 4060.584004977306 0.0001713323176725573
 4096.921378551837 0.0001528657555058216
 4133.476708256523 0.00013628810264087224
 4170.236371833231 0.00012141842130788404
 4207.207180411028 0.0001080917078793989
 4244.389133989915 0.0000961576155952828
 4281.78223256989 0.0000854793080593181
 4319.386476150955 0.00007593235614446059
 4357.19505360404 0.00006740373433438578
 4395.214776058216 0.000059790874693090224
 4433.432021255346 0.00005300080279139535
 4471.860411453566 0.000046949323247928953
 4510.493135523806 0.00004156026955389322
 4549.3301934660685 0.00003676480882320332
 4588.364774151284 0.00003250079750864705
 4627.603688708523 0.000028712190180313767
 4667.0401260087165 0.000025348488155567054
 4706.674086051862 0.000022364238174653673
 4746.505568837964 0.00001971856659924059
 4786.5345743670205 0.000017374752841649237
 4826.7611026390305 0.000015299840085918883
 4867.178342524927 0.000013464276619758817
 4907.779482895644 0.00001184158822075786
 4948.578146009315 0.000010408079970381048
 4989.567520736872 0.00000914256334173218
 5030.740795949249 0.000008026107988481873
 5072.097971646446 0.000007041815642040653
 5113.639047828464 0.000006174615951269389
 5155.370835624367 0.000005411079570858121
 5197.272901646955 0.000004739249749528231
 5239.358868154362 0.000004148490022291475
 5281.621924017522 0.0000036293459312416818
 5324.055258107367 0.0000031734206118883647
 5366.665681552964 0.0000027732628185910183
 5409.446383225246 0.0000024222650874100022
 5452.404174253279 0.000002114573306442908
 5495.518621249863 0.0000018450047075406842
 5538.803346473132 0.0000016089742860891937
 5582.2515387940175 0.0000014024290048555864
 5625.863198212521 0.0000012217887282428764
 5669.631513599575 0.000001063893421610473
 5713.556484955177 9.259557848285235E-7
 5757.638112279331 8.055191934346188E-7
 5801.869584442967 7.004198435409119E-7
 5846.250901446086 6.087533567267429E-7
 5890.782063288686 5.288446652785545E-7
 5935.4630699707695 4.5922151340489455E-7
 5980.280299234201 3.985907345382368E-7
 6025.247373337115 3.4581720747778777E-7
 6070.34385889231 2.9990522622984963E-7
 6115.5833781579195 2.599818939611747E-7
 6160.95230887581 2.2528250587323093E-7
 6206.4506510459805 1.951375172213602E-7
 6252.078404668431 1.689611009629688E-7
 6297.828758614095 1.4624096310027884E-7
 6343.70852401204 1.2652938919996417E-7
 6389.70407860413 1.094353354487373E-7
 6435.822233519433 9.461744889470791E-8
 6482.049366499814 8.177792931351489E-8
 6528.392288674341 7.065710776217582E-8
 6574.844188913947 6.10286957458451E-8
 6621.398256089563 5.2695596200404946E-8
 6668.061301330256 4.548623052535802E-8
 6714.819702377895 3.925131099391779E-8
 6761.680270361543 3.3861011461152346E-8
 6808.636194152135 2.9202484223000522E-8
 6855.673851491537 2.5177686647372625E-8
 6902.8068646378815 2.1701482733154412E-8
 6950.007989074898 1.8699970691230652E-8
 6997.345336093264 1.6109033453010283E-8
 7044.7507944023055 1.3873063634356075E-8
 7092.156252711346 1.1943853512381164E-8
 7139.697933601733 1.0279625292711913E-8
 7187.307725782794 8.844184384585599E-9
 7234.98562925453 7.606182495590216E-9
 7282.73164401694 6.538474018995371E-9
 7330.4776587793485 5.617556096944261E-9
 7378.359896123106 4.8230799228930095E-9
 7426.242133466863 4.137425921363223E-9
 7474.2605933919685 3.5453331897432214E-9
 7522.2109420264005 3.033576892785024E-9
 7570.297513242179 2.590686917483157E-9
 7618.384084457958 2.206702490838138E-9
 7666.538766964412 1.8729575531317444E-9
 7714.693449470864 1.5818933143666392E-9
 7762.848131977316 1.3268931916962293E-9
 7811.070925774445 1.1021374786030586E-9
 7859.3618308622445 9.024743838082188E-10
 7907.652735950045 7.233046220245273E-10
 7955.875529747173 5.604769974465766E-10
 8004.234546125647 4.1019210159061425E-10
 8052.525451213449 2.689111713372171E-10
 8100.884467591923 1.3326494514281738E-10
 8149.175372679723 3.753690188864398E-17
