 0.27009259871575525 0.9999634650685539
 0.8134531445184834 1.0002171997011466
 1.3632066160638645 1.0009332776289588
 1.9194306602232667 1.002135040359008
 2.482186577158297 1.0037546164982194
 3.051569722675898 1.0056781703590203
 3.627648208066745 1.0077872668456582
 4.210496955750577 1.0099338646281983
 4.800197699276206 1.0119972689080001
 5.396832172192438 1.0138871424141498
 6.00048891917715 1.0155601774540424
 6.611229240391948 1.0169921121532066
 7.229128058256575 1.0181260586659189
 7.854321595352376 1.018980540600756
 8.48687115184096 1.0196080088088497
 9.126844839013 1.0200187112547126
 9.774310768159168 1.020173121373193
 10.429473273151489 1.0201563825396045
 11.092264242699288 1.0200085247174415
 11.762819899383913 1.0196689082040697
 12.44127646578671 1.019184206687081
 13.127702053198355 1.0185706776792653
 13.822232884200195 1.0178588665404988
 14.524868958792231 1.0170553806433684
 15.235746499555809 1.0161363861823742
 15.955001729072277 1.015129521265243
 16.68270275863231 1.0140563076031288
 17.41891769952658 1.012913591083825
 18.16378277433644 1.0117043513448214
 18.917434205643232 1.0104621272076648
 19.67987199344696 1.0091833597655342
 20.45130047161964 1.0078731544320867
 21.231719640161277 1.0065292358292106
 22.02140194423457 1.0051653949841295
 22.820279272548834 1.0037986484307868
 23.628487847685427 1.0023996101344488
 24.446232003516368 1.000974820919103
 25.273579851332325 0.9995329803642584
 26.110599502423984 0.998058709093671
 26.957495290663353 0.996556702542289
 27.814267216050446 0.995031188915318
 28.681051501166596 0.9934688221494002
 29.558052479883838 0.9918789471568215
 30.44533826349284 0.9902725666191561
 31.34297696328427 0.9886409856702232
 32.25117291313016 0.9869846015180239
 33.16999422432118 0.9853099532025023
 34.09957711943868 0.9836189150685594
 35.040057821063996 0.9819157349105371
 35.99157255177849 0.9800878740658673
 36.95418942287284 0.9784903903314126
 37.928112768219044 0.9767771586959699
 38.91341069910779 0.975073798974204
 39.91028754941111 0.9733861261046729
 40.918811430419666 0.9717191120725511
 41.93911856471481 0.9700714829586177
 42.97134517487789 0.968443018178243
 44.015695594780915 0.9668369458864136
 45.072306047005256 0.9652608806668119
 46.14124464284156 0.9637173990403928
 47.222647604871206 0.9622037831402087
 48.31671926696619 0.9607162776637486
 49.423595851707866 0.9592479099169625
 50.543413581677584 0.957790654415999
 51.676308679456696 0.9563348303604563
 52.82248547891722 0.9548716932338891
 53.98201209134984 0.9533968656260603
 55.15509285062656 0.9519126498194056
 56.341932090619395 0.9504297539412332
 57.54259792261905 0.9489518417391545
 58.75729468049752 0.947469263970428
 59.986158586836176 0.9459616440225435
 61.229393975507016 0.9444087673271612
 62.4871370690914 0.9428021534727441
 63.75959220146136 0.9411450990237441
 65.04682748390755 0.9394429109133438
 66.34911536159265 0.9376996065394453
 67.66666016838873 0.9359233518496948
 68.99946190429577 0.9341164999528546
 70.34806545963914 0.9322935532735813
 71.71233461183752 0.9304726424461857
 73.0922693608909 0.9286473140798304
 74.488550819706 0.9268227569068179
 75.90049787537613 0.9249857997866804
 77.32947275371471 0.9231338213180034
 78.77479434181505 0.9212737775071617
 80.23714375258385 0.9193944466167381
 81.71652098602112 0.917489254706618
 83.21360715503363 0.9155589129615106
 84.7277211467146 0.9136047542776013
 86.25886296106405 0.9115976707952907
 87.80839482389545 0.9095248026479047
 89.37631673520882 0.9073994075019395
 90.9619475820974 0.9052182073226056
 92.56596847746795 0.9029683026945606
 94.18906053422717 0.9006566532380644
 95.83054263946835 0.8982723627443701
 97.49177701900496 0.8958053568316412
 99.17208255993027 0.8932537656906209
 100.87145926224427 0.8905371632939791
 102.59058823885371 0.8878040310590889
 104.33015060266533 0.8848861524218292
 106.08946524077237 0.8818368042308706
 107.86989437898832 0.8786643842411725
 109.67075690440646 0.875387463465857
 111.49205281702676 0.872008617432857
 113.33446322975597 0.8685332665028914
 115.19866925550082 0.864971332961194
 117.08467089426134 0.8613362393161693
 118.99178703313078 0.8576243619375914
 120.92206101082932 0.853862741876085
 122.87344948863678 0.8500666917823881
 124.8486769181801 0.8462360309692789
 126.8456999607391 0.8423622370766736
 128.86656195503394 0.8384270998228817
 130.91058178815794 0.8344390071816709
 132.9784405730178 0.8303903224101492
 135.0701383096135 0.8262669684697774
 137.18567499794509 0.8220510986466442
 139.326412863826 0.8177627609558283
 141.4909896814428 0.8134171629419805
 143.68144878951568 0.8090021582798206
 145.89642796223117 0.804485045920705
 148.13797053830947 0.7998586707774626
 150.40471429193713 0.7951303493081031
 152.6973403360209 0.7902851127370293
 155.0172108963742 0.7853399178482195
 157.36364486009032 0.7803132859230525
 159.73664222716926 0.7752088375673714
 162.13756522342453 0.770051455501158
 164.56573273594935 0.7648568476048101
 167.02250699055722 0.7596162375996354
 169.5072068743414 0.7543130162299713
 172.02051350020858 0.7489122206970992
 174.56242686815884 0.7433761714619856
 177.1343092040056 0.7376862142991999
 179.7347982819354 0.7318145073826312
 182.36593744066846 0.725730977895914
 185.02772668020478 0.7194478849088609
 187.71948488763763 0.7129691312332367
 190.44189317587373 0.7062942957264501
 193.1963137707266 0.699449498609079
 195.98206555928942 0.6924583806875221
 198.799829654469 0.6853329255947521
 201.64960605626533 0.6780807971654826
 204.53275699049183 0.6707027207546447
 207.44860134424184 0.6631884320266179
 210.39782023042204 0.6555116259935532
 213.38041364903248 0.6476272395088013
 216.3977438258866 0.6394627647886605
 219.44981076098443 0.6312021430362934
 222.53593334141917 0.6227449011229427
 225.65815490591115 0.6141869332589004
 228.81579434155353 0.6055410949661124
 232.00953276125304 0.5968089374882039
 235.24005127791654 0.5880128952916824
 238.5073498915439 0.5791669809192799
 241.81142860213518 0.5702289069165798
 245.15364963550383 0.5611362227153553
 248.53469410455662 0.551875791924145
 251.95319978348007 0.5424591576846695
 255.41121001099438 0.5329540109800702
 258.9087247870996 0.5234525269141411
 262.4457441117956 0.5139757226493434
 266.0229490979892 0.5044835212677389
 269.64102085858724 0.49492898551768283
 273.3006405064963 0.48528813922491676
 277.00112692880975 0.4755259098350018
 280.743842351341 0.46563401315241404
 284.52946788699677 0.45565694839811316
 288.3580035357772 0.4455873234930795
 292.2294492976821 0.43536046005622425
 296.14584851143184 0.4249125885003304
 300.1058389512128 0.41421257194982164
 304.1107828428386 0.4032585135279217
 308.16068018630915 0.3920895766164432
 312.256893207438 0.3807777311148178
 316.3994219062251 0.36937522852549587
 320.5889473955772 0.3579297978321477
 324.826150788401 0.34649840868170245
 329.1103509717898 0.33509927325294664
 333.4435912844638 0.32375791982279756
 337.8251906135163 0.31249728526918946
 342.25651118476077 0.3012827876300147
 346.7375529981972 0.2900766452074559
 351.2689971667323 0.2788990893921294
 355.85152480327287 0.26779521372478393
 360.4858170207255 0.2567901649130522
 365.1718738190904 0.24589828137939182
 369.9110574241809 0.23511930459556532
 374.7033678359971 0.22440255456962632
 379.5488050545389 0.21370749304711362
 384.4494124185266 0.2030485758462759
 389.4045088150534 0.19244114661807069
 394.4154564699328 0.18191360043551505
 399.4822553831648 0.17153414929274213
 404.60558666765615 0.1613991454155856
 409.7861314363136 0.15160332265144133
 415.0245708020439 0.14216320420788076
 420.3215858777537 0.13323629434049186
 425.67785777634987 0.1242236737254062
 431.09406761073905 0.11570535521519111
 436.57021538092124 0.1075040210165962
 442.10698219980316 0.09964502484974129
 447.7057302931984 0.09216024259235822
 453.36714077401365 0.08507868105350719
 459.09053252934217 0.07835190551685298
 464.8779488979041 0.0719274776002277
 470.73007099260633 0.06581781314752201
 476.6462177005419 0.06002178020750598
 482.62843236043125 0.054517283439506126
 488.6767149722743 0.049290090653412076
 494.7917466489778 0.04432431494244167
 500.9742085034484 0.03965604365712423
 507.2247816485929 0.03531817118548445
 513.5448283102248 0.03129638640080962
 519.9343484883442 0.02758630565843847
 526.3940232958577 0.024194909274083874
 532.9252149585786 0.021137903233265407
 539.5279234765072 0.018400972026590905
 546.2028299625503 0.015944810154934343
 552.9512966425211 0.013748879304562856
 559.7740046293264 0.011794503280163564
 566.6709539229664 0.0100588534498222
 573.6435067492544 0.00855325920917288
 580.6923442210971 0.007285285439070388
 587.8181474514013 0.006197096558617067
 595.0222786659806 0.005225603003862593
 602.3040567519281 0.0043649530975216596
 609.665525047964 0.0036336739473898567
 617.1073646669952 0.0030148950592949267
 624.6295756090217 0.0024716129664837955
 632.2342012127634 0.0019905139952144757
 639.920560365314 0.0015703315635859493
 647.6906964053934 0.001202325451426658
 655.5452904459086 0.0008804842467659157
 663.4843424868593 0.0005976131193863831
 671.509214754059 0.000344519399603319
 679.6205883604148 0.00011491760799243821
 687.8218688704601 -0.00010657608182461751
 696.1042018164072 -0.00034233048496041363
 704.4818905692979 -0.0006035972457311799
 712.9481240000647 -0.0008901760793266712
 721.5097132377749 -0.001189783307164079
 730.1530360242939 -0.001474910742252143
 738.8985257468236 -0.0017141499112627303
 747.7325601472295 -0.0018864752822149184
 756.6619503545788 -0.0019870514968566995
 765.6866963688717 -0.001997080921874028
 774.8067981901079 -0.001980017976796118
 784.0222558182877 -0.0019775642225729455
 793.3398803824783 -0.0018915152670900956
 802.7596718826799 -0.001751979791519246
 812.2680080607573 -0.0015611208428913293
 821.8853223039131 -0.001334139191693323
 831.6048034830798 -0.0010887712075437189
 841.4264515982574 -0.0008405287959870714
 851.3434555203784 -0.0005951441696406759
 861.376248636645 -0.00034315177685509895
 871.5043975598552 -0.00008627712556981575
 881.7483356772108 0.0001650167188746915
 892.0944407305776 0.0004157397444767915
 902.5495238490223 0.0006654867210797379
 913.1135850325454 0.0009014949660571404
 923.7866242811469 0.0011199457052158165
 934.5754527238939 0.0013195795482927866
 945.4732592317191 0.0014991983749501547
 956.4868549336901 0.0016863959715452258
 967.6162398298067 0.0019227770436050895
 978.8546027910016 0.0022097353441467666
 990.2155660754095 0.0024799658038245644
 1001.6855074248955 0.0026362492845907522
 1013.2848602266621 0.002631509610238492
 1024.993191093507 0.0024804845039711467
 1036.830933412632 0.002263713961563088
 1048.784464925903 0.0021102890404097424
 1060.8605967623869 0.002035129361159335
 1073.066140051151 0.0019432339598172148
 1085.387472534061 0.0017880955682981247
 1097.8382164692514 0.001613285114893859
 1110.4183718567224 0.0013874298558518956
 1123.1211275674061 0.0010954469435348196
 1135.9601058594378 0.0008049165228376857
 1148.9216844746825 0.0005205315132946942
 1162.019485671275 0.00024847804366854095
 1175.246698320148 0.0000029634303231357322
 1188.6033224213013 -0.00018770064646878905
 1202.1029802328699 -0.0003054118904865776
 1215.732049496719 -0.00038405754039715035
 1229.4973413419157 -0.0004953031264807394
 1243.3988557684602 -0.0007485475499020017
 1257.4434039054202 -0.0011502736158027264
 1271.6241746237276 -0.00154635247924981
 1285.9479790524506 -0.0016112493032933715
 1300.4148171915888 -0.0015412985408596513
 1315.0246890411418 -0.0014912463507691955
 1329.7775946011104 -0.0012419302118651158
 1344.6735338714939 -0.0010239005654176586
 1359.712506852293 -0.0006262932483350319
 1374.908135801642 -0.00021599435979387862
 1390.246798461406 -0.0015718681821394382
 1405.7353059606526 -0.0018761666743438525
 1421.373658299382 -0.0022304481570821805
 1437.1618554775937 -0.0026876949264353148
 1453.1067086243556 -0.00319332151117917
 1469.2082177396676 -0.0036986655595837668
 1485.459571694462 -0.004070867499862791
 1501.8675816178063 -0.0040548499840866534
 1518.439058638768 -0.003948189236092975
 1535.1603804992126 -0.0038742741878086823
 1552.0519805863416 -0.003948828184985423
 1569.0934255129534 -0.004247839878762547
 1586.30514866625 -0.004547090283575652
 1603.6735277880966 -0.004781150850448391
 1621.2053740075607 -0.004770922539232704
 1638.9074984537092 -0.00451368845547514
 1656.7730899974752 -0.004250734908041558
 1674.8089597679261 -0.003725227673563251
 1693.0082966359944 -0.0033579521712261756
 1711.384722859815 -0.003118464698663996
 1729.9246161812525 -0.002791871143937373
 1748.6415988584424 -0.002426161227878298
 1767.5288597623173 -0.002356106464450589
 1786.5863988928766 -0.0025207068120426555
 1805.821027379188 -0.0026928279613066246
 1825.2395563503196 -0.002906017047901594
 1844.8283635481355 -0.0026536315774955584
 1864.5942601017032 -0.002419078941512403
 1884.5372460110239 -0.0016588783651391213
 1904.6641324051636 -0.0008486742377632157
 1924.9749192841227 -0.0000530541515549852
 1945.4627955188344 0.0007294294725981883
 1966.1413833674328 0.0014648743156458397
 1986.9970605717833 0.0019426312949660388
 2008.0434493900214 0.002089128965480408
 2029.2737386930783 0.0023135765964862483
 2050.6879284809547 0.0026396688648416076
 2072.299641011786 0.002858301494483675
 2094.0952540274366 0.002919252751717738
 2116.081578656974 0.002960897827887846
 2138.2586149003982 0.0029425982128025614
 2160.62636275771 0.0028070834621836582
 2183.1916333579757 0.0025844677028340605
 2205.947615572128 0.002449801404963238
 2228.901120529235 0.0022104237010853096
 2252.0521482292966 0.0017706922907956856
 2275.3938875432445 0.0014543092704201836
 2298.939960729215 0.0013295716170573725
 2322.6835566581394 0.0011002222406362875
 2346.624675330018 0.0007970954906606315
 2370.770127873918 0.00048236581508542565
 2395.113103160773 0.00004299773346036677
 2419.653601190582 -0.0004025023897078271
 2444.40524422148 -0.0006918766940393966
 2469.3612211244 -0.0007725988158385134
 2494.514720770274 -0.0007734146711175331
 2519.8793654172373 -0.0007641649938556855
 2545.448343936223 -0.0008411653934026059
 2571.221656327229 -0.000788084306612497
 2597.2061137193255 -0.0007350920544895681
 2623.3949049834428 -0.0007250774873253247
 2649.79484124865 -0.0006476049003971602
 2676.3991113858783 -0.0003630950750876295
 2703.221337653263 -0.00008140317065206874
 2730.24789779267 0.00005405086511888913
 2757.4924140622334 0.00008901552155155773
 2784.9480753328858 0.00008785279769364352
 2812.6080704755595 0.00007817034264230448
 2840.48602174839 0.00006807253292850514
 2868.581929151377 0.00005942469944580443
 2896.888981555453 0.00005240292540806649
 2925.4071789606182 0.00004676760291230969
 2954.1433324959403 0.00004225496377023325
 2983.0974421614183 0.00003863466448721691
 3012.262696827986 0.0000356823665426843
 3041.64590762471 0.00003329047966940054
 3071.2470745515902 0.000031352011733722034
 3101.05938647956 0.00002977240144483815
 3131.096465666753 0.00002851984254080351
 3161.344689855036 0.000027464967591216304
 3191.817681302542 0.00002656230016110992
 3222.501817751138 0.000025886457105634427
 3253.4039103298896 0.00002529265583452236
 3284.5307701678657 0.00002480014013542151
 3315.868775006931 0.000024388289908476587
 3347.4315471052196 0.000024038239690816395
 3379.2122753336653 0.000023777941617507134
 3411.2109596922674 0.000023525094719637986
 3443.427600181026 0.00002334044215643624
 3475.862196799941 0.000023183288174286417
 3508.5147495490123 0.00002297857172840989
 3541.392069557308 0.000022861197258554858
 3574.4805345666923 0.00002275888083823597
 3607.7937668353006 0.000022634626403756475
 3641.3181441049983 0.000022585920276880395
 3675.06728863392 0.000022479534525075894
 3709.02757816393 0.000022411579302003533
 3743.2126349531645 0.000022381262076993707
 3777.6088367434877 0.000022290665869562774
 3812.2298057930357 0.00002223291005412912
 3847.061919843672 0.00002218538610895149
 3882.111990024465 0.00002213740355267616
 3917.373205206347 0.00002212045173428311
 3952.8591876474534 0.00002210683901290719
 3988.549503960581 0.000022063593297341
 4024.464587532933 0.000022021300119381754
 4060.584004977306 0.00002201260643579376
 4096.921378551837 0.000022000298992098105
 4133.476708256523 0.000021962582454783885
 4170.236371833231 0.0000219571974191682
 4207.207180411028 0.000021950395729974954
 4244.389133989915 0.000021943492581309942
 4281.78223256989 0.000021937113231877952
 4319.386476150955 0.000021932555388132066
 4357.19505360404 0.00002195741647674038
 4395.214776058216 0.000021955044791705466
 4433.432021255346 0.00002195276511955279
 4471.860411453566 0.00002197709434967978
 4510.493135523806 0.000022003275939349565
 4549.3301934660685 0.00002203097906785295
 4588.364774151284 0.00002203050836033668
 4627.603688708523 0.000022057676987852475
 4667.0401260087165 0.00002211469521565247
 4706.674086051862 0.000022115585129849424
 4746.505568837964 0.000022171495866070408
 4786.5345743670205 0.000022227118991723253
 4826.7611026390305 0.000022229331796063938
 4867.178342524927 0.000022289497093763876
 4907.779482895644 0.000022374511223064596
 4948.578146009315 0.000022429855111742914
 4989.567520736872 0.000022488402348316226
 5030.740795949249 0.00002254828618317897
 5072.097971646446 0.00002260764171801914
 5113.639047828464 0.0000226910114377986
 5155.370835624367 0.000022777438012540245
 5197.272901646955 0.000022864886485799952
 5239.358868154362 0.00002294984781159975
 5281.621924017522 0.000023037679755321313
 5324.055258107367 0.00002315075680757132
 5366.665681552964 0.00002326290572752652
 5409.446383225246 0.000023374147296236562
 5452.404174253279 0.000023488191654173373
 5495.518621249863 0.000023628680984903428
 5538.803346473132 0.00002376633155584964
 5582.2515387940175 0.000023879451582956917
 5625.863198212521 0.00002401874780540696
 5669.631513599575 0.000024184069654155498
 5713.556484955177 0.000024348215958536543
 5757.638112279331 0.00002451308444236597
 5801.869584442967 0.0000247035280709331
 5846.250901446086 0.000024892772226034225
 5890.782063288686 0.0000250806592060318
 5935.4630699707695 0.000025271200707377915
 5980.280299234201 0.0000254849562964652
 6025.247373337115 0.000025723845853661284
 6070.34385889231 0.000025938816977266272
 6115.5833781579195 0.000026176749328596393
 6160.95230887581 0.000026441498053649117
 6206.4506510459805 0.000026704751010433445
 6252.078404668431 0.000026992590799302372
 6297.828758614095 0.00002730291967561157
 6343.70852401204 0.000027589636029186203
 6389.70407860413 0.00002790070850630454
 6435.822233519433 0.000028260005034941316
 6482.049366499814 0.00002861962294112448
 6528.392288674341 0.0000290011943633267
 6574.844188913947 0.000029385284764958186
 6621.398256089563 0.00002979118858709758
 6668.061301330256 0.00003022110446951833
 6714.819702377895 0.000030674829241014835
 6761.680270361543 0.00003117362784434773
 6808.636194152135 0.00003167722462501071
 6855.673851491537 0.00003220233729262058
 6902.8068646378815 0.000032776939746283265
 6950.007989074898 0.00003338167585000242
 6997.345336093264 0.000034006773280542646
 7044.7507944023055 0.00003467906834295885
 7092.156252711346 0.000035395014290817786
 7139.697933601733 0.00003615233623431494
 7187.307725782794 0.000036955664056911836
 7234.98562925453 0.00003780282670685068
 7282.73164401694 0.00003874452540241722
 7330.4776587793485 0.000039749008395779665
 7378.359896123106 0.000040796409464293764
 7426.242133466863 0.0000419094152488542
 7474.2605933919685 0.00004314151402431761
 7522.2109420264005 0.000044486947309190395
 7570.297513242179 0.000045935174961582514
 7618.384084457958 0.00004754981677169186
 7666.538766964412 0.000049276610890528336
 7714.693449470864 0.00005122055269381738
 7762.848131977316 0.000053379131101011474
 7811.070925774445 0.000055722701058586494
 7859.3618308622445 0.00005841833203941512
 7907.652735950045 0.0000615853928094503
 7955.875529747173 0.00006516869147865874
 8004.234546125647 0.00006942911209186738
 8052.525451213449 0.00007457787070171055
