 0.27733945814849353 0.9998262164097614
 0.8352789206466484 0.9987290615001102
 1.3997828375944303 0.9953628282898794
 1.9709309392078262 0.9882790547418211
 2.5487861703941954 0.9762751498555211
 3.133446445453872 0.9586285308152152
 3.724981703172811 0.9351823124945936
 4.323468876215561 0.906242905453769
 4.928991891125267 0.8724981627818957
 5.541634674445073 0.8348744634695053
 6.16148814659672 0.7944257478726602
 6.788615252487565 0.7522021511162049
 7.42309292478216 0.7091291790303239
 8.06506104105241 0.6660710895290372
 8.714582546205671 0.623768933700538
 9.371727379027904 0.582765784636411
 10.036565478305056 0.5434111862840358
 10.709306660394992 0.5060478848322584
 11.38988098651176 0.470867217750688
 12.078428334227262 0.437876519671427
 12.77508858111341 0.4071200011567956
 13.479931665956157 0.37856269482191085
 14.193097466327409 0.35214622640183474
 14.91458598222717 0.32776438473241193
 15.644537091227342 0.305266308918394
 16.383090670899836 0.2845424021602157
 17.13031666003061 0.26547618459523775
 17.886284997405607 0.24792915045920536
 18.651135560596746 0.2317732262250428
 19.425008227175926 0.21691905635636297
 20.20790299714315 0.2032515474935221
 21.000029686856283 0.19067470103723944
 21.801388296315324 0.17909394574887474
 22.612258580664083 0.1684371113066738
 23.432570601116613 0.15864149749221965
 24.262464235244813 0.14960860539192805
 25.102149299406555 0.1412827622620702
 25.951695732387783 0.1336177746695692
 26.81117347297446 0.12654878085383944
 27.680792337524437 0.12003098098971259
 28.56055232603773 0.11401995688414115
 29.45059331608623 0.10845580936687763
 30.351125124027806 0.10330199560558767
 31.262217688648413 0.09852821428516918
 32.183940948734 0.09409176893612055
 33.11650472064243 0.08996224026575324
 34.05997894315966 0.08611648817260964
 35.014503493857596 0.08252868500721985
 35.98021825030815 0.0791811756017478
 36.957263090083224 0.0760601971567556
 37.94570795196877 0.07314488232250954
 38.94576265232265 0.0704155026847408
 39.95749712993082 0.06785253679271575
 40.98112120115115 0.06544135261909537
 42.01670480476958 0.06317703450720318
 43.06438781835803 0.06105458127132089
 44.12431011948839 0.05906909478806313
 45.19668152451854 0.057214005536192804
 46.28164191102038 0.05548238808739898
 47.379261217779856 0.053862588696660066
 48.48967932236889 0.052339798679735886
 49.61310604114534 0.050904483117225466
 50.74968125168111 0.04955263017663885
 51.899544831548106 0.048281939492704165
 53.06283665831824 0.047087514707722974
 54.23976654834937 0.04596453088403478
 55.43040444042745 0.04490611737283951
 56.63496015091035 0.043902322746975406
 57.85364349615592 0.04294767720068978
 59.08652441495013 0.042035716595545745
 60.33381272365081 0.041163245792280874
 61.5956482998299 0.04033207409461504
 62.87224095984524 0.0395446304532115
 64.16373058126875 0.03880042336588912
 65.4703269804583 0.03809624652783365
 66.79210009619982 0.037426436811162554
 68.12932968363714 0.036787117150402504
 69.48222555912811 0.03618113936731591
 70.85078772267275 0.03560094838229763
 72.23557568455868 0.03504400361691344
 73.636449567214 0.034514254211968125
 75.05340937063868 0.03400362579857644
 76.48715448269229 0.03352613733883929
 77.93698551551529 0.033075720378411395
 79.40430124482674 0.032647997154069346
 80.88840228276712 0.03224278828067676
 82.38998801719596 0.03184364771902932
 83.90905844811324 0.03144604162607463
 85.44631296337853 0.031058452934343186
 87.00105217513227 0.030691270992236223
 88.57327608337448 0.030326401981391568
 90.16438346382422 0.02996595012840272
 91.7743743164815 0.029630303986395087
 93.40254925348677 0.029313154657005694
 95.04960766269959 0.029002047613847132
 96.71624893197945 0.02870705842668176
 98.40177367346688 0.02841870706986157
 100.1075806628809 0.02813649966591272
 101.83297051236201 0.02787326792977401
 103.57794322191019 0.027618277289863706
 105.34319817938497 0.027369451524207004
 107.12943477264592 0.02714246507569252
 108.93595361383348 0.026930907853299317
 110.7641534786667 0.026725767999341114
 112.6133349792861 0.026530636144316846
 114.48349811569165 0.02633574905886975
 116.37534227574288 0.026136697024253076
 118.28956684729933 0.0259368794401644
 120.22617183036101 0.025747940666498402
 122.1844578370684 0.025560068421463064
 124.16652303100007 0.0253809170781875
 126.17026924857743 0.025199502680880424
 128.19849404123863 0.02500645632923121
 130.24909924540506 0.024800268366357372
 132.32418302465535 0.024575858236826554
 134.42304599112992 0.024352639867995202
 136.54638753268836 0.02413539593032303
 138.69420764933062 0.023932144918640014
 140.86650634105672 0.02373595618985082
 143.06468238358576 0.02355217040738617
 145.2873370011986 0.023372629332430346
 147.53656835747393 0.02319077118199633
 149.81097767669266 0.02300151698600454
 152.11266312243333 0.022807386325999775
 154.44022591897698 0.022623537543144268
 156.79436545418304 0.022441114989736777
 159.17648050377065 0.022266639231013057
 161.58587167988028 0.02210180112602385
 164.02253898251186 0.021926995150470693
 166.48788118738455 0.021735992624527137
 168.98119890663875 0.02152898167592314
 171.50389091599357 0.021313668638952583
 174.0552578275895 0.021099194464512486
 176.63599902928595 0.020886450715338695
 179.2461145210831 0.020675319566446256
 181.8870030786999 0.02046687669341901
 184.5572659264173 0.020251678148185678
 187.2590012278139 0.020027704948794873
 189.9922089828898 0.019818362588531386
 192.75618980378533 0.019629677821552272
 195.55164307836012 0.019447539539975855
 198.3799675823332 0.019262113863330606
 201.240463927845 0.019068278571445343
 204.13383150275519 0.018862594252259928
 207.06007030706363 0.01864592976962204
 210.02057911648944 0.0184304834483637
 213.0146585431731 0.018223376535132473
 216.04300797497416 0.018016977751396532
 219.10562741189258 0.017806890053806253
 222.20391562964747 0.017593506121486673
 225.33787262823878 0.017382206480921227
 228.50679901980703 0.01716948665984447
 231.71279296793085 0.01695747141758593
 234.95515508475063 0.016748946371239515
 238.23458475812592 0.016536304367626323
 241.55178137591633 0.016316253983061035
 244.90674493812176 0.01608954459449119
 248.2994754447423 0.015857800222312517
 251.73137167149696 0.015621826467412645
 255.2031330062453 0.015381815645468809
 258.7133606732683 0.015130314500345791
 262.2641528361445 0.014871061985854984
 265.8555094948739 0.014613873755442654
 269.48743064945654 0.01434998949706692
 273.1606156877519 0.014072435283755952
 276.87576399761963 0.013788613954764894
 280.6335749669191 0.013508154828182144
 284.433349207791 0.013225265038430098
 288.27648549595426 0.012929910065246209
 292.16368321926836 0.012621802021676558
 296.09494237773345 0.012300222055267833
 300.07026297134934 0.011956769958595756
 304.0917431636949 0.011593007064499219
 308.1579841790508 0.011224117850422002
 312.2703847931363 0.010863880022774873
 316.42894500595133 0.010515339419725747
 320.63506359321497 0.010169283031713694
 324.8887405549272 0.009815265629403552
 329.1906752789476 0.00945287731874537
 333.5415671531356 0.009090746703257829
 337.94071678963184 0.008728539493314622
 342.3902223520148 0.008362314854082339
 346.88938445242496 0.007991697399985159
 351.4396018665815 0.007622828482436473
 356.04087459448425 0.007267683651998969
 360.6939020239929 0.006931996157499474
 365.3993835429669 0.006615900565771106
 370.1580185392658 0.006321167995938871
 374.96980701288965 0.0060446773861077985
 379.8361477395574 0.005772603353544996
 384.75704071926924 0.005492135919904692
 389.73248595202506 0.005200366817717079
 394.7645816014035 0.00490278923330299
 399.852628279545 0.004607466283087307
 404.9980247621686 0.0043216987936702455
 410.20077104927435 0.004044140269830143
 415.4615665287218 0.0037689356715655607
 420.7811105883705 0.0034980185120281563
 426.16010261607994 0.003236323493960863
 431.59924199970965 0.0029834361806331043
 437.0992281271192 0.0027379886141990434
 442.6607603861682 0.002503418913968513
 448.2838387768565 0.0022836796700162003
 453.96916268704365 0.002080016901795998
 459.71813089244887 0.0018920148273021675
 465.5314427809316 0.0017186827525687088
 471.4083989646324 0.0015587896702014348
 477.3510976071297 0.0014104929943030984
 483.36023809628324 0.001271325941911791
 489.4351210442333 0.0011398121924343714
 495.57784461455856 0.001017266008418733
 501.7884088072591 0.0009055892999805381
 508.06751301019443 0.0008036989993932882
 514.415856611224 0.0007071032099632871
 520.8341389982073 0.0006119815138269797
 527.3237589468638 0.0005195943489169137
 533.884716457193 0.0004334983050661625
 540.5177109170546 0.00035572181019844043
 547.2241411021679 0.0002878115757117801
 554.0040070125326 0.00023136822735594714
 560.8580080360084 0.00018707511975245462
 567.7875429483144 0.0001561107662265347
 574.79331113731 0.00014115942579260126
 581.8753126029953 0.000142919103904726
 589.0349461210894 0.0001563957592536897
 596.2729110794517 0.00017251109323786418
 603.5899068659419 0.00018425776045612912
 610.987332256279 0.00019021764534389812
 618.4644878626035 0.00019244506966661074
 626.023471848494 0.00019401578967291673
 633.6649836018099 0.000196355038292026
 641.3890231225514 0.00019498114001112815
 649.197688574297 0.00018202870899686703
 657.0902805691874 0.00015518124185332917
 665.0688972708008 0.00011907853633301266
 673.134238066997 0.00007778726832131155
 681.286302957776 0.000032470869410819514
 689.5264907188567 -0.00001429451888796837
 697.8555007380991 -0.00005683317830065787
 706.2768299548003 -0.00008757221525817837
 714.7813863267866 -0.00010105135088164358
 723.3838569991082 -0.00010046769410904009
 732.0772480931699 -0.00009528604156040698
 740.8685534875668 -0.0000919292130745767
 749.7437854251085 -0.00009094138749534631
 758.7239255415809 -0.0000900528775464934
 767.7949860797933 -0.00008757411882266664
 776.963960918341 -0.00008442000844789567
 786.2308500572242 -0.00008214855783206815
 795.5956534964425 -0.0000784786235104167
 805.0583712359964 -0.00007210057931723876
 814.625997154481 -0.00006658084178238872
 824.2985312518964 -0.00006358846929524123
 834.0619857710517 -0.00006243525107127631
 843.9373423477332 -0.00006481885733865099
 853.9176071033454 -0.00007302578867440192
 864.0027800378883 -0.00008374815315141001
 874.1858672727667 -0.00008345032315454408
 884.4878504437665 -0.00005891242470680267
 894.8877479151018 -0.000014541915866641587
 905.4065413225585 0.000025637746986643123
 916.0302429089461 0.000038239960317976545
 926.7658465528596 0.000027300467984593876
 937.6133522542993 0.00001803181571786299
 948.5727600132653 0.000026107679696932864
 959.6510637083528 0.000047421853409041296
 970.8412694609663 0.00006764188063412869
 982.1503711497014 0.00007899979678139907
 993.5783687745579 0.00008601220914916265
 1005.1182684569408 0.00009179122586977303
 1016.7840579540405 0.00009528500201133989
 1028.5617495086663 0.00009389368595301175
 1040.4723247566044 0.00008500386984370787
 1052.4948020620684 0.0000815599444239188
 1064.650163060845 0.00010514791814595373
 1076.924419995743 0.0001564670720673617
 1089.3245667453577 0.00021791839363300293
 1101.857597188285 0.000270115624691081
 1114.5095235673336 0.0002872450298420801
 1127.2943336396945 0.0002497529799579784
 1140.212027405368 0.00017715764265091564
 1153.2556109857583 0.00010967617855729869
 1166.439072138056 0.00005672031009654524
 1179.7484231050707 -0.0000022335056834476546
 1193.1976516439931 -0.00006929709165428889
 1206.779763876228 -0.00010687184934124802
 1220.4947598017748 -0.00009995454004113865
 1234.356627177825 -0.00008579011880373541
 1248.3513782471873 -0.00009137644896485406
 1262.4860068884573 -0.0001072038387612055
 1276.7605131016348 -0.00009951211605125989
 1291.1818907653158 -0.00006229930114424324
 1305.743146000904 -0.00004479463525541309
 1320.4512726869955 -0.00005742679338825349
 1335.30627082359 -0.00003852808518907114
 1350.3081404106874 0.000022728743059490955
 1365.4568814482882 0.00007014601555941933
 1380.7524939363916 0.00008347043284287538
 1396.1949778749986 0.00007357378543072973
 1411.7983210212992 0.000059198848400582926
 1427.5485356181025 0.000054894766991988544
 1443.4526155440046 0.000043820499893311916
 1459.5105607990051 0.0000026649250819952704
 1475.722371383104 -0.00006189585500531156
 1492.0950411748968 -0.00011482803955392504
 1508.6285701743834 -0.00013452338084624175
 1525.3159645029682 -0.00011876539064086587
 1542.164218039247 -0.00006623975545286917
 1559.180324661815 -1.7492319181391715E-7
 1576.3502966134815 0.0000415312781745528
 1593.6951155300324 0.00006016281079828957
 1611.1937997756818 0.00006927567113408574
 1628.8673309862158 0.00004909653256796323
 1646.7017214044438 0.000015359038584191743
 1664.7039649089609 7.232569309328694E-7
 1682.8810553783626 -0.000006860539256851019
 1701.2259989340532 -0.000009134333222725208
 1719.745789454629 -0.000021662832397525633
 1738.4334330614936 -0.00006176742250173475
 1757.3029175118381 -0.00008479803865615399
 1776.340255048472 -0.00008130283714450953
 1795.5594334285856 -0.00008295629890413356
 1814.953458773584 -0.00008462892642050071
 1834.522331083467 -0.00008143904995623529
 1854.2730442368297 -0.00008572487742004375
 1874.2125921122683 -0.0000862877524147318
 1894.3269869525911 -0.0000653604446486171
 1914.6232226363938 -0.000027150640588950414
 1935.101299163677 0.000033715710698506906
 1955.768210413035 0.00008391435665291885
 1976.6239563844683 0.00009145856983065645
 1997.6615431993819 0.00009546199676122412
 2018.894958614966 0.00011889095622492043
 2040.3102148740304 0.0001614823946088715
 2061.9212997337654 0.00021244765069576023
 2083.7212193155756 0.0002196298267969185
 2105.7099736194614 0.00015479488981159312
 2127.9015504026133 0.00009952885092118224
 2150.28196190784 0.00010073516234747957
 2172.8582020137383 0.00011208718630202596
 2195.6302707203067 0.00014708196463991195
 2218.598168027546 0.0001892861988379644
 2241.7688878140516 0.00019137754096387464
 2265.1354362012275 0.0001818515849578837
 2288.7048070676697 0.0001740978481525231
 2312.4770004133784 0.0001581392415050541
 2336.4450223597573 0.0001419499121774351
 2360.6228606639984 0.00010921543672781448
 2385.003521447505 0.00004501600753807846
 2409.587004710278 -0.000020603404231933597
 2434.3803043309126 -0.00004095169353139733
 2459.376426430813 -0.000021587990121829453
 2484.57537100998 -0.000011811027488989206
 2509.991125825603 -0.000023452730097796763
 2535.616696999088 -0.00004535008491819562
 2561.445090651839 -0.000060837852109044004
 2587.490294541047 -0.000055038508632950744
 2613.745314788117 -0.0000408247061709412
 2640.210151393048 -0.00003058269823220478
 2666.891798234436 -0.000020804385434041196
 2693.7832614336853 -0.000009745595604371111
 2720.8915348693918 6.898259277190289E-7
 2748.2096246629594 0.000009539464793997521
 2775.7515185715797 0.000016110350655003826
 2803.5032288380617 0.000020088502286476187
 2831.4787432195953 0.00002202250977399093
 2859.671067837586 0.000022805289764000208
 2888.073208813438 0.000023094998218133616
 2916.699153904343 0.000023202653965406403
 2945.5489031102998 0.00002324098728201147
 2974.6154625527133 0.000023255746230488074
 3003.898832231584 0.000023223888786494883
 3033.406006025507 0.000023171423112803365
 3063.136983934482 0.00002314408819658065
 3093.084772079914 0.00002308163333607459
 3123.2563643403987 0.000022981872608598757
 3153.651760715935 0.000022921212734625258
 3184.2639673279286 0.000022859108408127628
 3215.1069719335696 0.000022763090398656512
 3246.166786775668 0.000022668489598051852
 3277.457399611413 0.000022575201446777336
 3308.964822683616 0.000022485742518294035
 3340.6960498708704 0.00002242615915566698
 3372.6580750517733 0.000022336744050127176
 3404.836910469133 0.000022248146883078794
 3437.2465438801396 0.000022191674007878127
 3469.879981406199 0.000022105500393670614
 3502.73722304731 0.000022020494553737344
 3535.818268803474 0.000021968828952122996
 3569.1231186746904 0.00002188609156583405
 3602.6517726609586 0.000021801767438399366
 3636.411224640875 0.000021784335913597875
 3670.387486857248 0.00002170446404763436
 3704.5945470672686 0.00002162518176851381
 3739.0184175137456 0.000021609261937536944
 3773.673085953871 0.00002156276966729375
 3808.544564630453 0.000021486148528705818
 3843.6468413006824 0.000021440836278207116
 3878.965928207369 0.000021396312669953056
 3914.5158131077037 0.00002135213541290625
 3950.2825082444942 0.000021340587350840828
 3986.2730074963374 0.000021299551601047784
 4022.4803169846377 0.000021256804041855405
 4058.9184244665857 0.000021216758343296814
 4095.5663483063954 0.00002117705345139001
 4132.445070139853 0.000021166869028690996
 4169.53360833117 0.000021158823103155607
 4206.845950637542 0.000021118334056723185
 4244.382097058965 0.00002111047334534727
 4282.12805983825 0.0000211050017529349
 4320.090832853991 0.000021069230195814502
 4358.270416106189 0.000021089885928491376
 4396.666809594844 0.00002108268757921244
 4435.280013319957 0.000021049543874158683
 4474.10303340293 0.000021071862703077113
 4513.142863722361 0.000021068638185984956
 4552.385516521058 0.00002106516974485657
 4591.844979556212 0.000021087184288638406
 4631.514258949227 0.000021110682206452695
 4671.393354700103 0.000021109164710674523
 4711.475272930245 0.000021134010076094704
 4751.76700751825 0.000021159003486771576
 4792.26156458552 0.000021158819215454384
 4832.958944132056 0.000021211340887703194
 4873.859146157859 0.000021237249483071412
 4914.962170662928 0.000021288742185078034
 4956.268017647263 0.000021315937738935868
 4997.769693232268 0.00002134608643258159
 5039.460203539349 0.00002142575610588187
 5081.353536325696 0.000021451795086289943
 5123.442697712714 0.000021506396668683144
 5165.720693821807 0.000021587767991469907
 5208.187524652975 0.00002164316608176591
 5250.843190206219 0.000021696301554841
 5293.694684360134 0.000021777406072711418
 5336.7210254789325 0.00002185971599941926
 5379.936201319808 0.00002193944504055984
 5423.333218004162 0.000022046749951266146
 5466.905081653401 0.000022128677841479885
 5510.65878614612 0.000022209834245536625
 5554.587337603723 0.00002233905865295732
 5598.697729904807 0.000022446654087351178
 5642.9689814135845 0.000022530903194533872
 5687.415079887247 0.00002266089902410014
 5732.029031447198 0.000022815715706693757
 5776.8108360934375 0.00002294730037696392
 5821.753499947373 0.0000230796351679563
 5866.857023009001 0.000023211115576792557
 5912.121405278322 0.000023366984873274368
 5957.539652876742 0.0000235472867729177
 6003.111765804261 0.000023726297091688157
 6048.837744060878 0.000023904171374488568
 6094.7175876465935 0.000024084439221842323
 6140.737308804218 0.000024286869936360494
 6186.910895290939 0.000024489850431783784
 6233.217365470973 0.000024716539766549004
 6279.67070710151 0.000024941924473615245
 6326.256932425359 0.000025169667730602103
 6372.976041442521 0.000025419081711158607
 6419.828034152994 0.00002569182268819804
 6466.805916678185 0.000025985894242878846
 6513.916682896689 0.000026257579241301482
 6561.146345051314 0.00002655237217623064
 6608.501897020655 0.00002689290976881248
 6655.969351047523 0.000027211224476393227
 6703.555701010512 0.00002755041495650208
 6751.253953031027 0.000027937023529960543
 6799.057113230473 0.000028344273171638743
 6846.9721754874445 0.00002875181919549531
 6894.985152044753 0.00002915966654510257
 6943.103036780991 0.000029610310406176043
 6991.318835817565 0.00003011004839315243
 7039.618561397283 0.00003060799278583497
 7088.016201277337 0.000031130683795428614
 7136.4837799433435 0.00003170413367621198
 7185.091236181259 0.00003229689511880896
 7233.768631205128 0.00003295648227049261
 7282.446026228998 0.00003363545153961417
 7331.263298824774 0.00003433160680518912
 7380.150510206504 0.00003509343857230219
 7429.1076603741885 0.000035918713195577307
 7478.134749327826 0.000036833687720299746
 7527.161838281465 0.000037742557648597654
 7576.328804807011 0.00003873587578751795
 7625.495771332556 0.00003981319545439226
 7674.80261543001 0.00004100342882186511
 7724.03952074151 0.00004230119491426968
 7773.4163036249165 0.000043652844953861193
 7822.793086508324 0.000045162465690888655
 7872.239808177686 0.00004682176091435392
 7921.686529847047 0.00004870887008860173
 7971.133251516408 0.00005075602334693012
 8020.649911971724 0.00005300018408452558
 8070.236511212991 0.00005557829420580734
 8119.82311045426 0.0000586253819995742
 8169.339770909575 0.00006206699435631606
 8218.9963089368 0.00006612910076425115
 8268.582908178068 0.00007112032218418375
