 0. 0.
 0.23242043961256936 0.06928119875318875
 0.6999937738100791 0.18902326126004368
 1.173068356907347 0.2929051554320721
 1.6517110056926296 0.3824660710688519
 2.135974470261919 0.4592461713146715
 2.6259408063200893 0.5248544899675087
 3.1216686250849115 0.5809055846489458
 3.6232223988959293 0.6289227806557559
 4.130672461214466 0.6702771013399555
 4.644089145501844 0.7061624976664981
 5.1635486463411615 0.7375896066166164
 5.689103713828411 0.7653883847334451
 6.220818820303137 0.7902172071323529
 6.758811188200878 0.8125782366941089
 7.303133567617624 0.8328380233869513
 7.853844569771145 0.8512520638272407
 8.411002805879209 0.8679930046908992
 8.974784109595122 0.8831783556689702
 9.545129869701116 0.8968927936970458
 10.122157308632726 0.9092089702407767
 10.705983648825493 0.9202110402282075
 11.296667501497181 0.9300125176870975
 11.89432608908333 0.9387553253726427
 12.49895941158394 0.9465917297218506
 13.110684691434546 0.9536613896965652
 13.729619151070686 0.9600733135674899
 14.35582140171013 0.9658972234930541
 14.989350054570647 0.9711731706072416
 15.630322332087774 0.9759345718626785
 16.278855456697045 0.9802255427957508
 16.93494942839846 0.9841096755991058
 17.59878008084533 0.9876729758099049
 18.27034741403765 0.9910110066698846
 18.949885872846497 0.994205490238631
 19.6373368460541 0.9973163553423832
 20.332817556096 1.0003947961035162
 21.0365038366255 1.003488269097165
 21.748454298860366 1.0066221094201422
 22.468727554018372 1.0097794986998545
 23.19749943575282 1.0129126266263764
 23.934769944063717 1.015979138204106
 24.680656301386588 1.0189617014200898
 25.435334341374748 1.0218455721099478
 26.198862675245962 1.024579996896162
 26.971299914217994 1.0270758745176582
 27.752821891944162 1.029253871967481
 28.543487219642227 1.0310889435330262
 29.343413119747723 1.032601121832307
 30.152716814696188 1.0338155820391568
 30.97151552692317 1.0347418543915037
 31.799867867646427 1.035390549042413
 32.63794967051927 1.0357912122193023
 33.48581954675946 1.035970243055952
 34.3436533300203 1.0359277564610285
 35.211509631519576 1.0356462703670881
 36.08950567369282 1.0350995520577628
 36.97775867897556 1.0342631485563105
 37.8764444810211 1.0331340423307789
 38.78568030226499 1.0317433311951698
 39.70552475392499 1.0301458759383473
 40.63609505843664 1.028375265332084
 41.57756704945324 1.0264149377171852
 42.53005794941034 1.0242524214604478
 43.49368498074346 1.0219612280840291
 44.46856536588815 1.0196935342637798
 45.45487493849772 1.01759452063607
 46.45267230978992 1.0157243656266037
 47.46213331341807 1.0140611483098643
 48.48343378303547 1.0125596076554544
 49.516632329859895 1.011174573153054
 50.56190478754464 1.009841473030339
 51.61936837852526 1.0084848865789826
 52.689198936455035 1.007080590657059
 53.77151368376952 1.005663196971881
 54.86648845412203 1.00421135521922
 55.974181858730304 1.0025824776712793
 57.09482834246543 1.0005446154859206
 58.22860373898073 0.9978785891938667
 59.37550804827618 0.9944480588768018
 60.53601016009395 0.9901601489283592
 61.70999285199849 0.9849703815332949
 62.89745612398979 0.9789841090543637
 64.09898608824557 0.9723478229230011
 65.3139966325881 0.9651798723620707
 66.54365998137278 0.9576137376785808
 67.78739002242193 0.9498455831029152
 69.04577286791321 0.9421427906677808
 70.31880851784663 0.9347528801433498
 71.60708308439989 0.9277932153825417
 72.9100104553953 0.9212027349167605
 74.22759063083284 0.9147705275402295
 75.56099583506789 0.9082253814491086
 76.91022606810046 0.9014066682058229
 78.27469521775286 0.8943061895407501
 79.6549893962028 0.8869141873659135
 81.0516947156279 0.8791614020572298
 82.46422506385053 0.8709952255863646
 83.89375266522605 0.8623394713337381
 85.33969140757678 0.8530633110021308
 86.8020412909027 0.8431618430298999
 88.2813884273815 0.8328222159789608
 89.77831892919089 0.8222326413632185
 91.29224668415316 0.8114528320007529
 92.82434391662366 0.8004250458571364
 94.37402451442478 0.7891401609976182
 95.94128847755644 0.777689734755739
 97.52672191819637 0.7661443824693622
 99.13091094852223 0.7545134143415465
 100.75385556853405 0.742867137707563
 102.39496966605412 0.7313745530814979
 104.05601157761551 0.7201518072504168
 105.73522296668514 0.7092923149671032
 107.43494828197379 0.6988022326483979
 109.15342918694837 0.6885720046686378
 110.89242401814197 0.6784128612063094
 112.65134666337688 0.6680540450117763
 114.4307832348308 0.6572570436602637
 116.2307337325037 0.6459486174187916
 118.0511981563956 0.634238674114419
 119.89334873086189 0.6222220937532921
 121.75601323154716 0.609880595724325
 123.6409499949845 0.5972120336178777
 125.54698679681853 0.5843088315898431
 127.47588197358229 0.5714609971843939
 129.42646330092043 0.5590636433985433
 131.39931689101064 0.547190012014127
 133.39561496820826 0.5355643652899512
 135.41477142033565 0.5240032639344259
 137.45678624739276 0.5125584222496913
 139.522831673735 0.5013721151980469
 141.61232158718465 0.490628243570891
 143.72642821209712 0.4805449496563594
 145.8645654362947 0.4712200246322909
 148.02731937195506 0.4625361944294773
 150.21469001907826 0.4542471946793532
 152.42784960201962 0.44611743464670095
 154.66562589642376 0.4379853940378698
 156.92977723882376 0.4298747736283344
 159.22030362921964 0.4219718831167783
 161.5366189554337 0.41440495207891836
 163.8793093296436 0.40721206031460366
 166.24954697620473 0.4003335421234543
 168.6467457829394 0.3936169147379213
 171.0714918620253 0.3869594007639494
 173.52378521346245 0.3803842074805726
 176.00479806160618 0.3739605918874828
 178.51394429427884 0.36774683365634175
 181.05181002365808 0.36178122990382144
 183.61839524974394 0.35605614808977215
 186.21487219689178 0.3505121756653014
 188.84124086510155 0.3450694297629
 191.49691514219563 0.3396887974147252
 194.1836533647071 0.3344108349974138
 196.9008694204582 0.32932573200407017
 199.6491494216266 0.3245782391313522
 202.4290794803901 0.32033104340891005
 205.24065959674857 0.3166138577801177
 208.08388977070211 0.3133339566390237
 210.95994222660602 0.3104147452635287
 213.86940307663804 0.3078464747976638
 216.81110009644277 0.3056507854120602
 219.78679162255327 0.3038371450638721
 222.79647765496955 0.3023949814076624
 225.8401581936916 0.301280066046615
 228.91841935089707 0.3003776753355536
 232.03184723876373 0.2995174409416353
 235.1810279694692 0.2985520098406646
 238.36537543083585 0.29742327267752433
 241.58606184721899 0.2961842420045818
 244.84367333079632 0.2949833397841236
 248.13820988156786 0.2940025635337298
 251.4696714995336 0.29335086523087917
 254.83981652122662 0.29298809235273926
 258.2474727222915 0.29275177372943934
 261.69381232708366 0.2924470758014965
 265.1788353356031 0.2919475393309675
 268.7037139722051 0.29128423923922725
 272.2684482368898 0.29060886647418405
 275.87362424183476 0.29006541064671154
 279.5198280992177 0.28975667854161974
 283.20647369686105 0.2897595266465425
 286.93531937129774 0.29010416672996
 290.70577901035006 0.29080498087379425
 294.5190248383735 0.2918931642797855
 298.37505685536803 0.29337237666925864
 302.2744611735112 0.2951705788900285
 306.2178239049809 0.297109290150503
 310.20573116195465 0.29889855296665846
 314.23818294443254 0.30024551969196384
 318.3163514767699 0.30105002809285464
 322.44023675896676 0.30145482311674865
 326.60983879102315 0.3016499657496098
 330.82691590947206 0.30173741261866016
 335.0908820021358 0.30174130892877027
 339.4029092933698 0.3017121993456803
 343.762997783174 0.30178860329987456
 348.17173358372617 0.3020244110754768
 352.6297028072039 0.30227544120312566
 357.1374915657849 0.30229796421566874
 361.6956859716469 0.3019489995206385
 366.30487213696756 0.30136006785338343
 370.96563617392457 0.3008324966259337
 375.67797808251794 0.30054592905325256
 380.44248397492527 0.3004526965030896
 385.26032607550206 0.30035195539766574
 390.132090496426 0.30008920019813223
 395.05719112551924 0.2995852771435699
 400.03738629931496 0.2985765357430061
 405.07326212999084 0.2969637703138671
 410.16423250536917 0.29542631330368774
 415.312055761983 0.2947060640407081
 420.5167318998324 0.29496605376926466
 425.778847031095 0.2960769717107042
 431.0989872679484 0.29748798670390936
 436.4777387225704 0.29842009919852364
 441.9162736193164 0.29876768318637614
 447.41459195818635 0.2992857418161483
 452.9732798513579 0.30077804018152515
 458.59350952318647 0.30341126551629105
 464.275280973672 0.3066053249591237
 470.0191803149923 0.30961288714158963
 475.8263797715026 0.31207777733238257
 481.69746545538067 0.3137486219816682
 487.63243736662645 0.31493673107366366
 493.6324677295954 0.3167526040721192
 499.69814265646505 0.3193519830146163
 505.8300482594133 0.32214585818524905
 512.0293567627954 0.3252778107199884
 518.2954820544336 0.32850828720265085
 524.6301824708611 0.3311293855211323
 531.0340441242555 0.3323408322606411
 537.5070670146168 0.3306678369806922
 544.051009478478 0.3261558306212788
 550.6652854036616 0.32116223537724226
 557.3516531267005 0.31746317967697124
 564.1106987597725 0.31468466587591687
 570.9424223028775 0.3125633099038159
 577.8479959803709 0.31150031053481786
 584.8280059044304 0.31129126014157604
 591.8853826359444 0.31086742825375197
 599.012506716603 0.309680161601322
 606.2216865021376 0.3087711279920821
 613.5070608707713 0.3085122738887709
 620.8744909442811 0.30796826556395085
 628.3122544791131 0.306672533037032
 635.837934840598 0.3051968781218981
 643.4398097851821 0.3044058363016504
 651.1237404346421 0.3037748940188083
 658.8897267889781 0.3025646352265868
 666.7377688481902 0.30233244424938666
 674.6678666122783 0.3050363324071709
 682.6858812030191 0.31040970236633864
 690.791812620413 0.31586022373463724
 698.9739386209059 0.31856054208223344
 707.2498425698285 0.3183540499361139
 715.613663345404 0.31742882661895094
 724.0654009476324 0.31899054770464447
 732.5991942547369 0.323454922974942
 741.2326266320478 0.3296737108959417
 749.9481147142347 0.3343062600040796
 758.7632418666282 0.3352341279306126
 767.6662858456747 0.33490571464583707
 776.6631077731506 0.3343889373876971
 785.7537076490564 0.3335100963932369
 794.9380854733921 0.3323117817486749
 804.2221023679342 0.3317031868287344
 813.599897210906 0.333479056032953
 823.0773311240845 0.33558859810782843
 832.6544041074694 0.3356433486821139
 842.3252550392842 0.3336265039250037
 852.1016061630824 0.3303846570309744
 861.9717352353101 0.3283328485543004
 871.9532256212983 0.32788260510604805
 882.0284939557162 0.3261821262692932
 892.2151236038943 0.3237859085831333
 902.5013923222791 0.3231115172210252
 912.8931612326472 0.3227949771982963
 923.3962914567757 0.32348177226226754
 933.9990607511107 0.324459604745701
 944.713191359206 0.3221996303980103
 955.5386832810617 0.32185099845976767
 966.4696753949007 0.32472392974955416
 977.5178899442769 0.3263881810375196
 988.6716046856365 0.32448279817145276
 999.9425418625333 0.321637078529536
 1011.3248403531904 0.31648639173789395
 1022.8185001576077 0.30799562490047233
 1034.435243519339 0.3021433460815529
 1046.1633481948309 0.29850831671431055
 1058.0086753058595 0.2943182135820439
 1069.9712248524254 0.2901868546545967
 1082.0568579563055 0.29031486948750806
 1094.2597134957225 0.29426848329785477
 1106.5856525924537 0.2969691077049182
 1119.0346752464989 0.3014121374987275
 1131.6067814578578 0.30959036739705525
 1144.301971226531 0.31717176219428456
 1157.120244552518 0.327608803313741
 1170.0616014358193 0.3364744488669317
 1183.137764119988 0.3420725007681258
 1196.337010361471 0.34979213459844644
 1209.6652012820446 0.3602410833284742
 1223.1223368817093 0.3682956681226885
 1236.7084171604647 0.3692718960984431
 1250.4293032400878 0.3670481294448809
 1264.284995120579 0.3649376104083011
 1278.2696316801605 0.3621655641735292
 1292.38907404061 0.35389123991044735
 1306.649183323704 0.3413500455964343
 1321.038237285889 0.3295080860951143
 1335.5738192924953 0.31777682758564363
 1350.2383459781925 0.3091792554638437
 1365.0494007083112 0.30216706027035156
 1379.9952612392974 0.28941469115261487
 1395.0817886929285 0.27744059595889303
 1410.314844190981 0.28143011843322424
 1425.6885666116777 0.29128615050702594
 1441.2088170767963 0.29714759040135974
 1456.8697344645593 0.2954109932191479
 1472.6830410185205 0.29425050978064426
 1488.6370144951263 0.286515908866982
 1504.7433771379303 0.2785361958581036
 1520.996267825156 0.2785543368561455
 1537.395686556803 0.2838252733022738
 1553.9474944546482 0.2850770553266492
 1570.6575526404688 0.2777807493696892
 1587.5141388707107 0.2786147121225884
 1604.5231142671505 0.2780677654340511
 1621.6844788297892 0.2702998154969089
 1639.0040936804028 0.2611156965290428
 1656.4819588189914 0.25084039825929577
 1674.1122131237787 0.23798309265224674
 1691.9065788383175 0.22573299027018706
 1709.853333719055 0.22601155173445675
 1727.9642000095446 0.2278206975506213
 1746.233316588009 0.23114484700534654
 1764.6606834544484 0.23581499270186018
 1783.2580228524173 0.2417882838700695
 1802.0136125383608 0.25302501746430583
 1820.9333136340565 0.2548575247459041
 1840.0171261395042 0.25149923534736757
 1859.2650500547038 0.2475267031246307
 1878.6829465014325 0.23711936325010827
 1898.264954357913 0.22054708415998958
 1918.0169347459223 0.19631760440490434
 1937.938887665461 0.1707439336885926
 1958.0249519947508 0.13787478395403965
 1978.2868499773472 0.10424316630540875
 1998.718720491472 0.08481686499535399
 2019.3205635371257 0.06936700298678361
 2040.0982402360853 0.05692405349526133
 2061.0458894665735 0.04619358502148288
 2082.163511228591 0.03838242416634327
 2103.4628277656902 0.033084877826029174
 2124.937977956096 0.02869439473593055
 2146.5831006780304 0.025225077098721568
 2168.409918175047 0.022171858561445327
 2190.41256932537 0.01955356742298665
 2212.591054128998 0.017493456631857487
 2234.9512337077094 0.01582855467125358
 2257.487246939726 0.014417163387762673
 2280.2049549468256 0.013182616127764397
 2303.09849660723 0.012081784598116584
 2326.1795941644946 0.011087940811313111
 2349.4365253750652 0.010183237663564293
 2372.8810124824945 0.009355066908518287
 2396.507194365007 0.008594097871637172
 2420.3092099008245 0.007893140099100613
 2444.298781333502 0.007246449673915449
 2468.475908663039 0.006649287243888231
 2492.834730767658 0.006097631071405961
 2517.37524764736 0.00558798512126248
 2542.1033204239216 0.005117249612518122
 2567.018949097342 0.0046826318393778914
 2592.1162725458453 0.00428158400238797
 2617.4011518912084 0.003911759714449905
 2642.8735871334306 0.0035709828829198456
 2668.5277171507355 0.003257225457846445
 2694.3752641866763 0.002968590652671637
 2720.4045059977 0.0027033006648218495
 2746.62716482736 0.0024596872013231356
 2773.031518432103 0.002236183893036632
 2799.6234279337045 0.0020313200674956034
 2826.408754453943 0.0018437154190333498
 2853.375775749264 0.0016720753862432948
 2880.536214063221 0.001515186952456654
 2907.884208274038 0.0013719146534636757
 2935.4197583817136 0.0012411969093113731
 2963.142864386249 0.0011220423741071994
 2991.0535262876447 0.0010135265354737132
 3019.151744085899 0.0009147883555958226
 3047.4433789027894 0.0008250268566376774
 3075.916708494763 0.0007434980540744132
 3104.583455105372 0.000669511727153631
 3133.4318964910644 0.0006024283868630555
 3162.473754895393 0.0005416563333872945
 3191.6973080748035 0.0004866487465038443
 3221.1142782728507 0.00043690095316548165
 3250.7129432459806 0.00039194773474834183
 3280.5050252377473 0.0003513607572543258
 3310.4788020045958 0.0003147461429965457
 3340.6401346683037 0.00028174209325234023
 3370.9831621070944 0.000252016694255354
 3401.519606564522 0.000225265767777022
 3432.2318846752546 0.0002012108772293222
 3463.1375798046233 0.00017959742621490325
 3494.219108587298 0.00016019287084289728
 3525.4881932668327 0.0001427850391245593
 3556.944833843226 0.00012718054291993136
 3588.577308072926 0.00011320330260716335
 3620.391477077708 0.00010069316461808467
 3652.387340857572 0.00008950460238766181
 3684.564899412519 0.0000795055124726905
 3716.924152742549 0.00007057609638709236
 3749.4592397258843 0.00006260781906173905
 3782.176021484302 0.000055502445358017085
 3815.062775774249 0.000049171144309516974
 3848.1312248392787 0.00004353366634754838
 3881.375507557614 0.00003851758037878287
 3914.795623929255 0.000034057572407042944
 3948.385712832424 0.000030094799614188644
 3982.1516353888996 0.00002657629482844528
 4016.0875304769042 0.000023454428098344178
 4050.1933980964372 0.00002068639776261671
 4084.4692382474996 0.000018233781638943955
 4118.915050930091 0.000016062115475661043
 4153.53083614421 0.000014140512611982921
 4188.310732768082 0.000012441315488064868
 4223.248879679929 0.000010939779002650584
 4258.356999123305 0.000009613782064770794
 4293.629229976433 0.000008443566494240222
 4329.059711117536 0.000007411496984783975
 4364.648442546613 0.00000650184807575128
 4400.395424263667 0.000005700606916959744
 4436.306517390472 0.000004995297299707986
 4472.364138561698 0.000004374819652433542
 4508.580010020901 0.000003829307042648606
 4544.948270646301 0.000003349994765227498
 4581.463059316123 0.0000029291033199109703
 4618.130237152142 0.0000025597328531460385
 4654.943943032584 0.0000022357682056170135
 4691.910038079223 0.0000019517938425838395
 4729.010938926731 0.000001703017156586467
 4766.258367818659 0.0000014852000104813547
 4803.646463633233 0.000001294597188475509
 4841.17522637045 0.0000011279015273711192
 4878.838794908536 9.821946361981296E-7
 4916.6371692474895 8.549030903572088E-7
 4954.570349387311 7.437590497221027E-7
 4992.6324742062225 6.467655545096104E-7
 5030.823543704226 5.62165187373952E-7
 5069.143557881319 4.884124382641684E-7
 5107.5925167375035 4.241490201620987E-7
 5146.158698029226 3.6818200324762613E-7
 5184.853824000038 3.194643031015013E-7
 5223.6603112846105 2.770774866074234E-7
 5262.589882126498 2.402164392310423E-7
 5301.6308142821445 2.081758250123331E-7
 5340.783107751552 1.8033810367979875E-7
 5380.04676253472 1.5616292304394783E-7
 5419.415917509871 1.3517775745475948E-7
 5458.896433798783 1.1696963185213964E-7
 5498.476589157901 1.0117782404699419E-7
 5538.162244709002 8.748743897648119E-8
 5577.941678208533 7.56237360621983E-8
 5617.820750778271 6.534714155602707E-8
 5657.793601296438 5.6448863071390396E-8
 5697.854368641259 4.874703166521773E-8
 5738.008913934508 4.2083313057579325E-8
 5778.245514932634 3.631993444662942E-8
 5818.570032757413 3.133707650791549E-8
 5858.9766062870685 2.7030586111866903E-8
 5899.453513278046 2.3309971486482884E-8
 5940.012475973899 2.0096653483204566E-8
 5980.63004988752 1.73224269424795E-8
 6021.364846236679 1.492812184429744E-8
 6062.158253803607 1.2862430832919184E-8
 6102.951661370535 1.1080887035089578E-8
 6143.862291373 9.544970585421808E-9
 6184.831532593232 8.221330237068505E-9
 6225.8593850312345 7.0811062762378404E-9
 6266.945848687004 6.09933908678222E-9
 6308.032312342774 5.254455339162653E-9
 6349.235998434083 4.527821614211299E-9
 6390.43968452539 3.9033564517037445E-9
 6431.760593052234 3.3671933497373657E-9
 6473.022890361311 2.907389032185209E-9
 6514.402410105923 2.5136709433025208E-9
 6555.7819298505365 2.1772189180920932E-9
 6597.22006081292 1.890476828776256E-9
 6638.658191775301 1.6469906748656271E-9
 6680.096322737682 1.441269830594549E-9
 6721.5930649178335 1.2686685304791518E-9
 6763.148418315752 1.1252854133926819E-9
 6804.703771713671 1.0078790842538204E-9
 6846.200513893821 9.137979782573608E-10
 6887.814478509509 8.4092335323078E-10
 6929.369831907428 7.876245549108084E-10
 6970.983796523115 7.527212415690756E-10
 7012.539149921035 7.35529349453143E-10
